time_local,time_utc,total_charging,total_discharging,net_output
2024-03-01T00:00:00-06:00,2024-03-01 06:00:00+00:00,-226.37,51.36,-175.01
2024-03-01T00:05:00-06:00,2024-03-01 06:05:00+00:00,-212.964,54.159,-158.805
2024-03-01T00:10:00-06:00,2024-03-01 06:10:00+00:00,-238.585,14.026,-224.56
2024-03-01T00:15:00-06:00,2024-03-01 06:15:00+00:00,-194.209,33.128,-161.081
2024-03-01T00:20:00-06:00,2024-03-01 06:20:00+00:00,-170.706,52.348,-118.358
2024-03-01T00:25:00-06:00,2024-03-01 06:25:00+00:00,-192.885,42.833,-150.052
2024-03-01T00:30:00-06:00,2024-03-01 06:30:00+00:00,-278.954,14.669,-264.285
2024-03-01T00:35:00-06:00,2024-03-01 06:35:00+00:00,-301.169,24.883,-276.286
2024-03-01T00:40:00-06:00,2024-03-01 06:40:00+00:00,-191.981,49.736,-142.245
2024-03-01T00:45:00-06:00,2024-03-01 06:45:00+00:00,-169.103,92.203,-76.899
2024-03-01T00:50:00-06:00,2024-03-01 06:50:00+00:00,-195.067,45.619,-149.448
2024-03-01T00:55:00-06:00,2024-03-01 06:55:00+00:00,-185.143,42.837,-142.306
2024-03-01T01:00:00-06:00,2024-03-01 07:00:00+00:00,-152.971,76.808,-76.162
2024-03-01T01:05:00-06:00,2024-03-01 07:05:00+00:00,-161.563,42.047,-119.515
2024-03-01T01:10:00-06:00,2024-03-01 07:10:00+00:00,-225.307,37.836,-187.47
2024-03-01T01:15:00-06:00,2024-03-01 07:15:00+00:00,-270.658,30.032,-240.626
2024-03-01T01:20:00-06:00,2024-03-01 07:20:00+00:00,-231.602,4.764,-226.838
2024-03-01T01:25:00-06:00,2024-03-01 07:25:00+00:00,-222.038,7.947,-214.091
2024-03-01T01:30:00-06:00,2024-03-01 07:30:00+00:00,-199.433,20.384,-179.049
2024-03-01T01:35:00-06:00,2024-03-01 07:35:00+00:00,-204.691,27.416,-177.274
2024-03-01T01:40:00-06:00,2024-03-01 07:40:00+00:00,-200.798,32.333,-168.466
2024-03-01T01:45:00-06:00,2024-03-01 07:45:00+00:00,-252.353,29.651,-222.702
2024-03-01T01:50:00-06:00,2024-03-01 07:50:00+00:00,-236.399,65.435,-170.964
2024-03-01T01:55:00-06:00,2024-03-01 07:55:00+00:00,-172.803,56.875,-115.928
2024-03-01T02:00:00-06:00,2024-03-01 08:00:00+00:00,-182.304,37.086,-145.218
2024-03-01T02:05:00-06:00,2024-03-01 08:05:00+00:00,-206.267,49.648,-156.619
2024-03-01T02:10:00-06:00,2024-03-01 08:10:00+00:00,-247.756,15.378,-232.378
2024-03-01T02:15:00-06:00,2024-03-01 08:15:00+00:00,-259.26,6.152,-253.108
2024-03-01T02:20:00-06:00,2024-03-01 08:20:00+00:00,-271.508,2.866,-268.642
2024-03-01T02:25:00-06:00,2024-03-01 08:25:00+00:00,-300.076,9.581,-290.495
2024-03-01T02:30:00-06:00,2024-03-01 08:30:00+00:00,-323.881,21.521,-302.361
2024-03-01T02:35:00-06:00,2024-03-01 08:35:00+00:00,-310.914,10.602,-300.312
2024-03-01T02:40:00-06:00,2024-03-01 08:40:00+00:00,-275.337,39.203,-236.134
2024-03-01T02:45:00-06:00,2024-03-01 08:45:00+00:00,-270.257,83.228,-187.029
2024-03-01T02:50:00-06:00,2024-03-01 08:50:00+00:00,-241.723,48.396,-193.327
2024-03-01T02:55:00-06:00,2024-03-01 08:55:00+00:00,-228.219,49.421,-178.798
2024-03-01T03:00:00-06:00,2024-03-01 09:00:00+00:00,-233.188,48.834,-184.354
2024-03-01T03:05:00-06:00,2024-03-01 09:05:00+00:00,-312.445,4.187,-308.259
2024-03-01T03:10:00-06:00,2024-03-01 09:10:00+00:00,-347.625,2.061,-345.564
2024-03-01T03:15:00-06:00,2024-03-01 09:15:00+00:00,-266.742,10.166,-256.576
2024-03-01T03:20:00-06:00,2024-03-01 09:20:00+00:00,-209.062,45.452,-163.609
2024-03-01T03:25:00-06:00,2024-03-01 09:25:00+00:00,-212.346,68.226,-144.12
2024-03-01T03:30:00-06:00,2024-03-01 09:30:00+00:00,-207.461,31.372,-176.089
2024-03-01T03:35:00-06:00,2024-03-01 09:35:00+00:00,-199.609,38.38,-161.229
2024-03-01T03:40:00-06:00,2024-03-01 09:40:00+00:00,-178.32,62.531,-115.79
2024-03-01T03:45:00-06:00,2024-03-01 09:45:00+00:00,-136.606,43.918,-92.689
2024-03-01T03:50:00-06:00,2024-03-01 09:50:00+00:00,-88.797,49.542,-39.255
2024-03-01T03:55:00-06:00,2024-03-01 09:55:00+00:00,-82.494,73.59,-8.903
2024-03-01T04:00:00-06:00,2024-03-01 10:00:00+00:00,-64.888,105.404,40.516
2024-03-01T04:05:00-06:00,2024-03-01 10:05:00+00:00,-58.356,123.094,64.737
2024-03-01T04:10:00-06:00,2024-03-01 10:10:00+00:00,-93.169,36.845,-56.324
2024-03-01T04:15:00-06:00,2024-03-01 10:15:00+00:00,-176.84,4.574,-172.266
2024-03-01T04:20:00-06:00,2024-03-01 10:20:00+00:00,-133.824,8.486,-125.338
2024-03-01T04:25:00-06:00,2024-03-01 10:25:00+00:00,-127.616,5.853,-121.764
2024-03-01T04:30:00-06:00,2024-03-01 10:30:00+00:00,-186.322,3.797,-182.525
2024-03-01T04:35:00-06:00,2024-03-01 10:35:00+00:00,-118.006,30.528,-87.478
2024-03-01T04:40:00-06:00,2024-03-01 10:40:00+00:00,-109.796,43.18,-66.616
2024-03-01T04:45:00-06:00,2024-03-01 10:45:00+00:00,-118.061,52.239,-65.822
2024-03-01T04:50:00-06:00,2024-03-01 10:50:00+00:00,-91.611,63.811,-27.8
2024-03-01T04:55:00-06:00,2024-03-01 10:55:00+00:00,-121.511,76.992,-44.519
2024-03-01T05:00:00-06:00,2024-03-01 11:00:00+00:00,-174.897,35.158,-139.739
2024-03-01T05:05:00-06:00,2024-03-01 11:05:00+00:00,-168.579,65.898,-102.682
2024-03-01T05:10:00-06:00,2024-03-01 11:10:00+00:00,-169.765,54.365,-115.4
2024-03-01T05:15:00-06:00,2024-03-01 11:15:00+00:00,-281.73,14.293,-267.437
2024-03-01T05:20:00-06:00,2024-03-01 11:20:00+00:00,-238.107,16.543,-221.565
2024-03-01T05:25:00-06:00,2024-03-01 11:25:00+00:00,-141.96,74.608,-67.352
2024-03-01T05:30:00-06:00,2024-03-01 11:30:00+00:00,-173.016,126.446,-46.57
2024-03-01T05:35:00-06:00,2024-03-01 11:35:00+00:00,-193.635,178.122,-15.512
2024-03-01T05:40:00-06:00,2024-03-01 11:40:00+00:00,-177.09,251.223,74.133
2024-03-01T05:45:00-06:00,2024-03-01 11:45:00+00:00,-220.047,131.553,-88.494
2024-03-01T05:50:00-06:00,2024-03-01 11:50:00+00:00,-188.395,156.263,-32.132
2024-03-01T05:55:00-06:00,2024-03-01 11:55:00+00:00,-199.528,116.18,-83.347
2024-03-01T06:00:00-06:00,2024-03-01 12:00:00+00:00,-272.404,37.22,-235.184
2024-03-01T06:05:00-06:00,2024-03-01 12:05:00+00:00,-128.138,155.669,27.531
2024-03-01T06:10:00-06:00,2024-03-01 12:10:00+00:00,-75.658,186.42,110.762
2024-03-01T06:15:00-06:00,2024-03-01 12:15:00+00:00,-114.802,51.786,-63.015
2024-03-01T06:20:00-06:00,2024-03-01 12:20:00+00:00,-117.688,49.456,-68.232
2024-03-01T06:25:00-06:00,2024-03-01 12:25:00+00:00,-83.979,86.651,2.672
2024-03-01T06:30:00-06:00,2024-03-01 12:30:00+00:00,-72.212,116.187,43.975
2024-03-01T06:35:00-06:00,2024-03-01 12:35:00+00:00,-82.377,144.821,62.444
2024-03-01T06:40:00-06:00,2024-03-01 12:40:00+00:00,-87.69,125.253,37.564
2024-03-01T06:45:00-06:00,2024-03-01 12:45:00+00:00,-60.659,87.769,27.109
2024-03-01T06:50:00-06:00,2024-03-01 12:50:00+00:00,-67.642,140.879,73.236
2024-03-01T06:55:00-06:00,2024-03-01 12:55:00+00:00,-40.856,267.238,226.382
2024-03-01T07:00:00-06:00,2024-03-01 13:00:00+00:00,-38.93,309.888,270.958
2024-03-01T07:05:00-06:00,2024-03-01 13:05:00+00:00,-19.474,452.479,433.005
2024-03-01T07:10:00-06:00,2024-03-01 13:10:00+00:00,-15.375,452.377,437.002
2024-03-01T07:15:00-06:00,2024-03-01 13:15:00+00:00,-36.902,359.44,322.538
2024-03-01T07:20:00-06:00,2024-03-01 13:20:00+00:00,-70.164,343.45,273.286
2024-03-01T07:25:00-06:00,2024-03-01 13:25:00+00:00,-146.816,277.889,131.073
2024-03-01T07:30:00-06:00,2024-03-01 13:30:00+00:00,-148.31,254.202,105.891
2024-03-01T07:35:00-06:00,2024-03-01 13:35:00+00:00,-95.225,204.111,108.886
2024-03-01T07:40:00-06:00,2024-03-01 13:40:00+00:00,-123.264,157.852,34.588
2024-03-01T07:45:00-06:00,2024-03-01 13:45:00+00:00,-254.375,114.615,-139.761
2024-03-01T07:50:00-06:00,2024-03-01 13:50:00+00:00,-316.541,64.726,-251.815
2024-03-01T07:55:00-06:00,2024-03-01 13:55:00+00:00,-278.632,36.992,-241.64
2024-03-01T08:00:00-06:00,2024-03-01 14:00:00+00:00,-282.641,34.768,-247.872
2024-03-01T08:05:00-06:00,2024-03-01 14:05:00+00:00,-276.718,38.592,-238.127
2024-03-01T08:10:00-06:00,2024-03-01 14:10:00+00:00,-169.11,99.531,-69.579
2024-03-01T08:15:00-06:00,2024-03-01 14:15:00+00:00,-157.606,104.185,-53.422
2024-03-01T08:20:00-06:00,2024-03-01 14:20:00+00:00,-129.759,83.248,-46.511
2024-03-01T08:25:00-06:00,2024-03-01 14:25:00+00:00,-163.095,44.655,-118.44
2024-03-01T08:30:00-06:00,2024-03-01 14:30:00+00:00,-67.454,144.251,76.796
2024-03-01T08:35:00-06:00,2024-03-01 14:35:00+00:00,-55.99,235.325,179.335
2024-03-01T08:40:00-06:00,2024-03-01 14:40:00+00:00,-64.56,155.039,90.478
2024-03-01T08:45:00-06:00,2024-03-01 14:45:00+00:00,-101.841,123.017,21.176
2024-03-01T08:50:00-06:00,2024-03-01 14:50:00+00:00,-154.507,77.314,-77.194
2024-03-01T08:55:00-06:00,2024-03-01 14:55:00+00:00,-136.51,196.316,59.805
2024-03-01T09:00:00-06:00,2024-03-01 15:00:00+00:00,-112.06,319.28,207.22
2024-03-01T09:05:00-06:00,2024-03-01 15:05:00+00:00,-134.433,315.048,180.615
2024-03-01T09:10:00-06:00,2024-03-01 15:10:00+00:00,-169.39,220.356,50.965
2024-03-01T09:15:00-06:00,2024-03-01 15:15:00+00:00,-156.395,160.527,4.133
2024-03-01T09:20:00-06:00,2024-03-01 15:20:00+00:00,-248.204,52.536,-195.668
2024-03-01T09:25:00-06:00,2024-03-01 15:25:00+00:00,-384.729,8.569,-376.16
2024-03-01T09:30:00-06:00,2024-03-01 15:30:00+00:00,-295.003,10.871,-284.132
2024-03-01T09:35:00-06:00,2024-03-01 15:35:00+00:00,-319.156,7.825,-311.331
2024-03-01T09:40:00-06:00,2024-03-01 15:40:00+00:00,-269.407,10.521,-258.886
2024-03-01T09:45:00-06:00,2024-03-01 15:45:00+00:00,-204.635,30.174,-174.461
2024-03-01T09:50:00-06:00,2024-03-01 15:50:00+00:00,-359.566,28.188,-331.378
2024-03-01T09:55:00-06:00,2024-03-01 15:55:00+00:00,-493.346,37.347,-455.999
2024-03-01T10:00:00-06:00,2024-03-01 16:00:00+00:00,-453.742,38.202,-415.539
2024-03-01T10:05:00-06:00,2024-03-01 16:05:00+00:00,-372.549,27.012,-345.537
2024-03-01T10:10:00-06:00,2024-03-01 16:10:00+00:00,-337.05,15.407,-321.643
2024-03-01T10:15:00-06:00,2024-03-01 16:15:00+00:00,-278.836,16.259,-262.576
2024-03-01T10:20:00-06:00,2024-03-01 16:20:00+00:00,-266.491,14.993,-251.498
2024-03-01T10:25:00-06:00,2024-03-01 16:25:00+00:00,-141.316,96.787,-44.529
2024-03-01T10:30:00-06:00,2024-03-01 16:30:00+00:00,-122.081,206.918,84.836
2024-03-01T10:35:00-06:00,2024-03-01 16:35:00+00:00,-117.275,149.424,32.149
2024-03-01T10:40:00-06:00,2024-03-01 16:40:00+00:00,-166.319,50.197,-116.122
2024-03-01T10:45:00-06:00,2024-03-01 16:45:00+00:00,-343.151,4.177,-338.973
2024-03-01T10:50:00-06:00,2024-03-01 16:50:00+00:00,-475.548,7.595,-467.954
2024-03-01T10:55:00-06:00,2024-03-01 16:55:00+00:00,-446.921,13.559,-433.361
2024-03-01T11:00:00-06:00,2024-03-01 17:00:00+00:00,-281.572,78.289,-203.283
2024-03-01T11:05:00-06:00,2024-03-01 17:05:00+00:00,-133.34,263.425,130.086
2024-03-01T11:10:00-06:00,2024-03-01 17:10:00+00:00,-94.672,169.121,74.448
2024-03-01T11:15:00-06:00,2024-03-01 17:15:00+00:00,-228.571,44.382,-184.189
2024-03-01T11:20:00-06:00,2024-03-01 17:20:00+00:00,-282.176,23.289,-258.887
2024-03-01T11:25:00-06:00,2024-03-01 17:25:00+00:00,-176.762,34.393,-142.368
2024-03-01T11:30:00-06:00,2024-03-01 17:30:00+00:00,-88.504,77.402,-11.102
2024-03-01T11:35:00-06:00,2024-03-01 17:35:00+00:00,-135.106,40.413,-94.693
2024-03-01T11:40:00-06:00,2024-03-01 17:40:00+00:00,-142.753,109.985,-32.768
2024-03-01T11:45:00-06:00,2024-03-01 17:45:00+00:00,-108.207,111.464,3.257
2024-03-01T11:50:00-06:00,2024-03-01 17:50:00+00:00,-129.513,68.656,-60.857
2024-03-01T11:55:00-06:00,2024-03-01 17:55:00+00:00,-190.731,54.737,-135.995
2024-03-01T12:00:00-06:00,2024-03-01 18:00:00+00:00,-197.309,74.715,-122.594
2024-03-01T12:05:00-06:00,2024-03-01 18:05:00+00:00,-174.273,93.215,-81.058
2024-03-01T12:10:00-06:00,2024-03-01 18:10:00+00:00,-132.903,133.031,0.128
2024-03-01T12:15:00-06:00,2024-03-01 18:15:00+00:00,-150.004,207.6,57.596
2024-03-01T12:20:00-06:00,2024-03-01 18:20:00+00:00,-295.01,98.254,-196.756
2024-03-01T12:25:00-06:00,2024-03-01 18:25:00+00:00,-431.933,40.711,-391.222
2024-03-01T12:30:00-06:00,2024-03-01 18:30:00+00:00,-348.586,21.411,-327.175
2024-03-01T12:35:00-06:00,2024-03-01 18:35:00+00:00,-203.177,69.354,-133.823
2024-03-01T12:40:00-06:00,2024-03-01 18:40:00+00:00,-176.649,92.628,-84.021
2024-03-01T12:45:00-06:00,2024-03-01 18:45:00+00:00,-167.443,43.666,-123.777
2024-03-01T12:50:00-06:00,2024-03-01 18:50:00+00:00,-152.218,53.184,-99.034
2024-03-01T12:55:00-06:00,2024-03-01 18:55:00+00:00,-154.417,75.463,-78.954
2024-03-01T13:00:00-06:00,2024-03-01 19:00:00+00:00,-172.158,94.272,-77.887
2024-03-01T13:05:00-06:00,2024-03-01 19:05:00+00:00,-212.531,76.005,-136.526
2024-03-01T13:10:00-06:00,2024-03-01 19:10:00+00:00,-149.708,66.835,-82.873
2024-03-01T13:15:00-06:00,2024-03-01 19:15:00+00:00,-153.856,79.23,-74.626
2024-03-01T13:20:00-06:00,2024-03-01 19:20:00+00:00,-209.627,103.877,-105.749
2024-03-01T13:25:00-06:00,2024-03-01 19:25:00+00:00,-292.543,145.88,-146.663
2024-03-01T13:30:00-06:00,2024-03-01 19:30:00+00:00,-283.557,126.156,-157.401
2024-03-01T13:35:00-06:00,2024-03-01 19:35:00+00:00,-368.26,22.341,-345.92
2024-03-01T13:40:00-06:00,2024-03-01 19:40:00+00:00,-242.458,31.773,-210.685
2024-03-01T13:45:00-06:00,2024-03-01 19:45:00+00:00,-153.78,42.278,-111.502
2024-03-01T13:50:00-06:00,2024-03-01 19:50:00+00:00,-167.832,39.802,-128.03
2024-03-01T13:55:00-06:00,2024-03-01 19:55:00+00:00,-200.12,32.584,-167.536
2024-03-01T14:00:00-06:00,2024-03-01 20:00:00+00:00,-153.952,106.95,-47.002
2024-03-01T14:05:00-06:00,2024-03-01 20:05:00+00:00,-106.033,200.644,94.612
2024-03-01T14:10:00-06:00,2024-03-01 20:10:00+00:00,-78.828,149.343,70.515
2024-03-01T14:15:00-06:00,2024-03-01 20:15:00+00:00,-257.898,98.038,-159.861
2024-03-01T14:20:00-06:00,2024-03-01 20:20:00+00:00,-277.645,91.71,-185.935
2024-03-01T14:25:00-06:00,2024-03-01 20:25:00+00:00,-117.345,212.599,95.254
2024-03-01T14:30:00-06:00,2024-03-01 20:30:00+00:00,-199.241,258.399,59.159
2024-03-01T14:35:00-06:00,2024-03-01 20:35:00+00:00,-322.985,207.376,-115.609
2024-03-01T14:40:00-06:00,2024-03-01 20:40:00+00:00,-233.671,228.584,-5.088
2024-03-01T14:45:00-06:00,2024-03-01 20:45:00+00:00,-216.359,257.761,41.403
2024-03-01T14:50:00-06:00,2024-03-01 20:50:00+00:00,-221.319,284.416,63.098
2024-03-01T14:55:00-06:00,2024-03-01 20:55:00+00:00,-144.676,346.022,201.345
2024-03-01T15:00:00-06:00,2024-03-01 21:00:00+00:00,-155.707,290.392,134.685
2024-03-01T15:05:00-06:00,2024-03-01 21:05:00+00:00,-232.553,245.361,12.808
2024-03-01T15:10:00-06:00,2024-03-01 21:10:00+00:00,-264.279,246.682,-17.597
2024-03-01T15:15:00-06:00,2024-03-01 21:15:00+00:00,-113.684,272.779,159.096
2024-03-01T15:20:00-06:00,2024-03-01 21:20:00+00:00,-39.109,336.423,297.313
2024-03-01T15:25:00-06:00,2024-03-01 21:25:00+00:00,-45.421,359.087,313.666
2024-03-01T15:30:00-06:00,2024-03-01 21:30:00+00:00,-40.961,244.773,203.813
2024-03-01T15:35:00-06:00,2024-03-01 21:35:00+00:00,-129.899,107.442,-22.457
2024-03-01T15:40:00-06:00,2024-03-01 21:40:00+00:00,-246.199,41.791,-204.408
2024-03-01T15:45:00-06:00,2024-03-01 21:45:00+00:00,-189.126,48.943,-140.183
2024-03-01T15:50:00-06:00,2024-03-01 21:50:00+00:00,-196.511,53.73,-142.781
2024-03-01T15:55:00-06:00,2024-03-01 21:55:00+00:00,-127.402,127.674,0.272
2024-03-01T16:00:00-06:00,2024-03-01 22:00:00+00:00,-253.243,70.329,-182.913
2024-03-01T16:05:00-06:00,2024-03-01 22:05:00+00:00,-461.481,11.385,-450.096
2024-03-01T16:10:00-06:00,2024-03-01 22:10:00+00:00,-509.171,11.403,-497.768
2024-03-01T16:15:00-06:00,2024-03-01 22:15:00+00:00,-408.447,55.377,-353.07
2024-03-01T16:20:00-06:00,2024-03-01 22:20:00+00:00,-178.498,164.078,-14.42
2024-03-01T16:25:00-06:00,2024-03-01 22:25:00+00:00,-96.125,109.173,13.049
2024-03-01T16:30:00-06:00,2024-03-01 22:30:00+00:00,-188.725,46.684,-142.041
2024-03-01T16:35:00-06:00,2024-03-01 22:35:00+00:00,-330.625,20.07,-310.556
2024-03-01T16:40:00-06:00,2024-03-01 22:40:00+00:00,-312.45,17.993,-294.457
2024-03-01T16:45:00-06:00,2024-03-01 22:45:00+00:00,-229.505,18.433,-211.072
2024-03-01T16:50:00-06:00,2024-03-01 22:50:00+00:00,-180.152,23.928,-156.224
2024-03-01T16:55:00-06:00,2024-03-01 22:55:00+00:00,-159.458,52.655,-106.803
2024-03-01T17:00:00-06:00,2024-03-01 23:00:00+00:00,-103.211,170.193,66.982
2024-03-01T17:05:00-06:00,2024-03-01 23:05:00+00:00,-105.573,181.409,75.836
2024-03-01T17:10:00-06:00,2024-03-01 23:10:00+00:00,-182.875,19.423,-163.451
2024-03-01T17:15:00-06:00,2024-03-01 23:15:00+00:00,-266.886,9.517,-257.369
2024-03-01T17:20:00-06:00,2024-03-01 23:20:00+00:00,-58.59,139.06,80.47
2024-03-01T17:25:00-06:00,2024-03-01 23:25:00+00:00,-11.962,622.301,610.339
2024-03-01T17:30:00-06:00,2024-03-01 23:30:00+00:00,-21.456,516.276,494.82
2024-03-01T17:35:00-06:00,2024-03-01 23:35:00+00:00,-43.667,157.425,113.757
2024-03-01T17:40:00-06:00,2024-03-01 23:40:00+00:00,-22.235,311.073,288.838
2024-03-01T17:45:00-06:00,2024-03-01 23:45:00+00:00,-14.057,479.632,465.575
2024-03-01T17:50:00-06:00,2024-03-01 23:50:00+00:00,-13.353,505.521,492.168
2024-03-01T17:55:00-06:00,2024-03-01 23:55:00+00:00,-13.505,611.365,597.86
2024-03-01T18:00:00-06:00,2024-03-02 00:00:00+00:00,-17.844,560.038,542.193
2024-03-01T18:05:00-06:00,2024-03-02 00:05:00+00:00,-33.022,806.0,772.977
2024-03-01T18:10:00-06:00,2024-03-02 00:10:00+00:00,-21.001,849.433,828.432
2024-03-01T18:15:00-06:00,2024-03-02 00:15:00+00:00,-12.983,916.179,903.195
2024-03-01T18:20:00-06:00,2024-03-02 00:20:00+00:00,-26.229,751.935,725.706
2024-03-01T18:25:00-06:00,2024-03-02 00:25:00+00:00,-74.921,510.623,435.701
2024-03-01T18:30:00-06:00,2024-03-02 00:30:00+00:00,-173.733,356.831,183.097
2024-03-01T18:35:00-06:00,2024-03-02 00:35:00+00:00,-103.268,258.341,155.073
2024-03-01T18:40:00-06:00,2024-03-02 00:40:00+00:00,-165.272,367.541,202.269
2024-03-01T18:45:00-06:00,2024-03-02 00:45:00+00:00,-140.309,529.243,388.934
2024-03-01T18:50:00-06:00,2024-03-02 00:50:00+00:00,-169.83,609.652,439.822
2024-03-01T18:55:00-06:00,2024-03-02 00:55:00+00:00,-234.502,612.323,377.821
2024-03-01T19:00:00-06:00,2024-03-02 01:00:00+00:00,-288.373,572.899,284.526
2024-03-01T19:05:00-06:00,2024-03-02 01:05:00+00:00,-111.712,531.83,420.118
2024-03-01T19:10:00-06:00,2024-03-02 01:10:00+00:00,-72.536,469.469,396.933
2024-03-01T19:15:00-06:00,2024-03-02 01:15:00+00:00,-67.738,478.642,410.905
2024-03-01T19:20:00-06:00,2024-03-02 01:20:00+00:00,-56.395,538.296,481.901
2024-03-01T19:25:00-06:00,2024-03-02 01:25:00+00:00,-60.919,610.208,549.29
2024-03-01T19:30:00-06:00,2024-03-02 01:30:00+00:00,-70.602,527.626,457.024
2024-03-01T19:35:00-06:00,2024-03-02 01:35:00+00:00,-68.744,477.251,408.506
2024-03-01T19:40:00-06:00,2024-03-02 01:40:00+00:00,-41.369,557.977,516.608
2024-03-01T19:45:00-06:00,2024-03-02 01:45:00+00:00,-42.782,579.081,536.298
2024-03-01T19:50:00-06:00,2024-03-02 01:50:00+00:00,-51.873,548.707,496.834
2024-03-01T19:55:00-06:00,2024-03-02 01:55:00+00:00,-39.764,580.66,540.896
2024-03-01T20:00:00-06:00,2024-03-02 02:00:00+00:00,-24.02,637.852,613.832
2024-03-01T20:05:00-06:00,2024-03-02 02:05:00+00:00,-62.16,460.075,397.915
2024-03-01T20:10:00-06:00,2024-03-02 02:10:00+00:00,-60.018,398.53,338.512
2024-03-01T20:15:00-06:00,2024-03-02 02:15:00+00:00,-42.8,417.917,375.117
2024-03-01T20:20:00-06:00,2024-03-02 02:20:00+00:00,-14.025,436.453,422.427
2024-03-01T20:25:00-06:00,2024-03-02 02:25:00+00:00,-21.506,401.162,379.656
2024-03-01T20:30:00-06:00,2024-03-02 02:30:00+00:00,-12.276,437.953,425.678
2024-03-01T20:35:00-06:00,2024-03-02 02:35:00+00:00,-11.683,358.671,346.988
2024-03-01T20:40:00-06:00,2024-03-02 02:40:00+00:00,-12.339,398.063,385.724
2024-03-01T20:45:00-06:00,2024-03-02 02:45:00+00:00,-19.319,384.074,364.755
2024-03-01T20:50:00-06:00,2024-03-02 02:50:00+00:00,-21.265,302.472,281.207
2024-03-01T20:55:00-06:00,2024-03-02 02:55:00+00:00,-31.414,214.724,183.31
2024-03-01T21:00:00-06:00,2024-03-02 03:00:00+00:00,-21.606,217.655,196.048
2024-03-01T21:05:00-06:00,2024-03-02 03:05:00+00:00,-11.887,218.677,206.79
2024-03-01T21:10:00-06:00,2024-03-02 03:10:00+00:00,-18.711,183.835,165.124
2024-03-01T21:15:00-06:00,2024-03-02 03:15:00+00:00,-20.848,99.31,78.462
2024-03-01T21:20:00-06:00,2024-03-02 03:20:00+00:00,-94.007,28.057,-65.95
2024-03-01T21:25:00-06:00,2024-03-02 03:25:00+00:00,-207.003,5.763,-201.24
2024-03-01T21:30:00-06:00,2024-03-02 03:30:00+00:00,-62.195,60.468,-1.727
2024-03-01T21:35:00-06:00,2024-03-02 03:35:00+00:00,-47.004,124.733,77.729
2024-03-01T21:40:00-06:00,2024-03-02 03:40:00+00:00,-116.923,10.328,-106.595
2024-03-01T21:45:00-06:00,2024-03-02 03:45:00+00:00,-114.306,46.196,-68.111
2024-03-01T21:50:00-06:00,2024-03-02 03:50:00+00:00,-58.19,68.445,10.254
2024-03-01T21:55:00-06:00,2024-03-02 03:55:00+00:00,-126.7,13.782,-112.919
2024-03-01T22:00:00-06:00,2024-03-02 04:00:00+00:00,-91.822,64.521,-27.301
2024-03-01T22:05:00-06:00,2024-03-02 04:05:00+00:00,-129.375,23.261,-106.114
2024-03-01T22:10:00-06:00,2024-03-02 04:10:00+00:00,-167.26,143.12,-24.14
2024-03-01T22:15:00-06:00,2024-03-02 04:15:00+00:00,-207.758,135.809,-71.95
2024-03-01T22:20:00-06:00,2024-03-02 04:20:00+00:00,-239.13,16.013,-223.117
2024-03-01T22:25:00-06:00,2024-03-02 04:25:00+00:00,-208.908,15.098,-193.81
2024-03-01T22:30:00-06:00,2024-03-02 04:30:00+00:00,-218.794,7.639,-211.156
2024-03-01T22:35:00-06:00,2024-03-02 04:35:00+00:00,-223.361,15.056,-208.305
2024-03-01T22:40:00-06:00,2024-03-02 04:40:00+00:00,-208.189,40.863,-167.325
2024-03-01T22:45:00-06:00,2024-03-02 04:45:00+00:00,-221.447,32.941,-188.506
2024-03-01T22:50:00-06:00,2024-03-02 04:50:00+00:00,-263.342,8.704,-254.639
2024-03-01T22:55:00-06:00,2024-03-02 04:55:00+00:00,-355.367,3.278,-352.088
2024-03-01T23:00:00-06:00,2024-03-02 05:00:00+00:00,-332.707,17.041,-315.666
2024-03-01T23:05:00-06:00,2024-03-02 05:05:00+00:00,-352.052,34.761,-317.292
2024-03-01T23:10:00-06:00,2024-03-02 05:10:00+00:00,-568.413,3.335,-565.078
2024-03-01T23:15:00-06:00,2024-03-02 05:15:00+00:00,-566.708,7.251,-559.457
2024-03-01T23:20:00-06:00,2024-03-02 05:20:00+00:00,-385.252,51.849,-333.403
2024-03-01T23:25:00-06:00,2024-03-02 05:25:00+00:00,-396.6,49.101,-347.499
2024-03-01T23:30:00-06:00,2024-03-02 05:30:00+00:00,-397.61,80.62,-316.99
2024-03-01T23:35:00-06:00,2024-03-02 05:35:00+00:00,-441.617,3.211,-438.406
2024-03-01T23:40:00-06:00,2024-03-02 05:40:00+00:00,-515.729,2.167,-513.562
2024-03-01T23:45:00-06:00,2024-03-02 05:45:00+00:00,-475.462,17.601,-457.862
2024-03-01T23:50:00-06:00,2024-03-02 05:50:00+00:00,-346.616,64.937,-281.679
2024-03-01T23:55:00-06:00,2024-03-02 05:55:00+00:00,-544.61,21.986,-522.624
2024-03-02T00:00:00-06:00,2024-03-02 06:00:00+00:00,-484.189,22.891,-461.298
2024-03-02T00:05:00-06:00,2024-03-02 06:05:00+00:00,-366.797,121.299,-245.498
2024-03-02T00:10:00-06:00,2024-03-02 06:10:00+00:00,-329.164,235.871,-93.293
2024-03-02T00:15:00-06:00,2024-03-02 06:15:00+00:00,-243.117,116.351,-126.766
2024-03-02T00:20:00-06:00,2024-03-02 06:20:00+00:00,-446.64,25.722,-420.918
2024-03-02T00:25:00-06:00,2024-03-02 06:25:00+00:00,-462.931,29.409,-433.522
2024-03-02T00:30:00-06:00,2024-03-02 06:30:00+00:00,-250.949,59.244,-191.705
2024-03-02T00:35:00-06:00,2024-03-02 06:35:00+00:00,-251.342,44.226,-207.116
2024-03-02T00:40:00-06:00,2024-03-02 06:40:00+00:00,-186.698,48.211,-138.487
2024-03-02T00:45:00-06:00,2024-03-02 06:45:00+00:00,-63.16,139.068,75.908
2024-03-02T00:50:00-06:00,2024-03-02 06:50:00+00:00,-76.619,125.742,49.123
2024-03-02T00:55:00-06:00,2024-03-02 06:55:00+00:00,-74.445,118.223,43.777
2024-03-02T01:00:00-06:00,2024-03-02 07:00:00+00:00,-100.877,141.411,40.534
2024-03-02T01:05:00-06:00,2024-03-02 07:05:00+00:00,-104.998,145.779,40.78
2024-03-02T01:10:00-06:00,2024-03-02 07:10:00+00:00,-131.127,145.8,14.673
2024-03-02T01:15:00-06:00,2024-03-02 07:15:00+00:00,-246.224,121.899,-124.325
2024-03-02T01:20:00-06:00,2024-03-02 07:20:00+00:00,-147.145,162.952,15.808
2024-03-02T01:25:00-06:00,2024-03-02 07:25:00+00:00,-85.601,256.242,170.641
2024-03-02T01:30:00-06:00,2024-03-02 07:30:00+00:00,-130.084,180.451,50.367
2024-03-02T01:35:00-06:00,2024-03-02 07:35:00+00:00,-205.276,89.232,-116.044
2024-03-02T01:40:00-06:00,2024-03-02 07:40:00+00:00,-153.567,87.596,-65.971
2024-03-02T01:45:00-06:00,2024-03-02 07:45:00+00:00,-208.993,112.192,-96.801
2024-03-02T01:50:00-06:00,2024-03-02 07:50:00+00:00,-263.525,83.589,-179.936
2024-03-02T01:55:00-06:00,2024-03-02 07:55:00+00:00,-138.806,139.716,0.911
2024-03-02T02:00:00-06:00,2024-03-02 08:00:00+00:00,-124.172,217.622,93.45
2024-03-02T02:05:00-06:00,2024-03-02 08:05:00+00:00,-176.711,185.452,8.741
2024-03-02T02:10:00-06:00,2024-03-02 08:10:00+00:00,-150.179,67.677,-82.502
2024-03-02T02:15:00-06:00,2024-03-02 08:15:00+00:00,-92.07,127.259,35.189
2024-03-02T02:20:00-06:00,2024-03-02 08:20:00+00:00,-104.57,258.497,153.927
2024-03-02T02:25:00-06:00,2024-03-02 08:25:00+00:00,-125.159,133.136,7.977
2024-03-02T02:30:00-06:00,2024-03-02 08:30:00+00:00,-219.174,82.663,-136.511
2024-03-02T02:35:00-06:00,2024-03-02 08:35:00+00:00,-211.767,170.963,-40.804
2024-03-02T02:40:00-06:00,2024-03-02 08:40:00+00:00,-178.874,98.457,-80.417
2024-03-02T02:45:00-06:00,2024-03-02 08:45:00+00:00,-151.59,67.908,-83.682
2024-03-02T02:50:00-06:00,2024-03-02 08:50:00+00:00,-183.042,58.32,-124.722
2024-03-02T02:55:00-06:00,2024-03-02 08:55:00+00:00,-169.498,114.036,-55.462
2024-03-02T03:00:00-06:00,2024-03-02 09:00:00+00:00,-89.107,247.047,157.94
2024-03-02T03:05:00-06:00,2024-03-02 09:05:00+00:00,-43.956,280.966,237.011
2024-03-02T03:10:00-06:00,2024-03-02 09:10:00+00:00,-51.137,187.642,136.504
2024-03-02T03:15:00-06:00,2024-03-02 09:15:00+00:00,-74.627,116.159,41.531
2024-03-02T03:20:00-06:00,2024-03-02 09:20:00+00:00,-205.888,56.561,-149.327
2024-03-02T03:25:00-06:00,2024-03-02 09:25:00+00:00,-299.584,39.601,-259.983
2024-03-02T03:30:00-06:00,2024-03-02 09:30:00+00:00,-200.49,20.141,-180.349
2024-03-02T03:35:00-06:00,2024-03-02 09:35:00+00:00,-163.76,67.805,-95.955
2024-03-02T03:40:00-06:00,2024-03-02 09:40:00+00:00,-162.902,53.577,-109.325
2024-03-02T03:45:00-06:00,2024-03-02 09:45:00+00:00,-206.958,59.274,-147.685
2024-03-02T03:50:00-06:00,2024-03-02 09:50:00+00:00,-280.048,38.765,-241.282
2024-03-02T03:55:00-06:00,2024-03-02 09:55:00+00:00,-291.345,26.259,-265.087
2024-03-02T04:00:00-06:00,2024-03-02 10:00:00+00:00,-153.497,93.1,-60.396
2024-03-02T04:05:00-06:00,2024-03-02 10:05:00+00:00,-76.512,196.346,119.835
2024-03-02T04:10:00-06:00,2024-03-02 10:10:00+00:00,-155.156,173.02,17.864
2024-03-02T04:15:00-06:00,2024-03-02 10:15:00+00:00,-156.196,27.568,-128.627
2024-03-02T04:20:00-06:00,2024-03-02 10:20:00+00:00,-74.056,61.474,-12.582
2024-03-02T04:25:00-06:00,2024-03-02 10:25:00+00:00,-55.412,207.068,151.656
2024-03-02T04:30:00-06:00,2024-03-02 10:30:00+00:00,-99.476,181.885,82.41
2024-03-02T04:35:00-06:00,2024-03-02 10:35:00+00:00,-60.914,166.47,105.556
2024-03-02T04:40:00-06:00,2024-03-02 10:40:00+00:00,-65.945,123.275,57.329
2024-03-02T04:45:00-06:00,2024-03-02 10:45:00+00:00,-80.592,133.775,53.183
2024-03-02T04:50:00-06:00,2024-03-02 10:50:00+00:00,-58.699,205.768,147.069
2024-03-02T04:55:00-06:00,2024-03-02 10:55:00+00:00,-136.454,146.724,10.271
2024-03-02T05:00:00-06:00,2024-03-02 11:00:00+00:00,-270.684,79.486,-191.198
2024-03-02T05:05:00-06:00,2024-03-02 11:05:00+00:00,-95.164,128.98,33.817
2024-03-02T05:10:00-06:00,2024-03-02 11:10:00+00:00,-16.579,385.544,368.965
2024-03-02T05:15:00-06:00,2024-03-02 11:15:00+00:00,-30.063,299.674,269.611
2024-03-02T05:20:00-06:00,2024-03-02 11:20:00+00:00,-74.761,162.81,88.049
2024-03-02T05:25:00-06:00,2024-03-02 11:25:00+00:00,-191.878,194.273,2.395
2024-03-02T05:30:00-06:00,2024-03-02 11:30:00+00:00,-133.067,253.071,120.004
2024-03-02T05:35:00-06:00,2024-03-02 11:35:00+00:00,-53.572,369.138,315.567
2024-03-02T05:40:00-06:00,2024-03-02 11:40:00+00:00,-57.441,398.757,341.316
2024-03-02T05:45:00-06:00,2024-03-02 11:45:00+00:00,-41.774,286.943,245.169
2024-03-02T05:50:00-06:00,2024-03-02 11:50:00+00:00,-128.464,218.267,89.803
2024-03-02T05:55:00-06:00,2024-03-02 11:55:00+00:00,-79.762,246.288,166.526
2024-03-02T06:00:00-06:00,2024-03-02 12:00:00+00:00,-51.093,263.07,211.977
2024-03-02T06:05:00-06:00,2024-03-02 12:05:00+00:00,-31.118,337.678,306.56
2024-03-02T06:10:00-06:00,2024-03-02 12:10:00+00:00,-5.426,519.046,513.62
2024-03-02T06:15:00-06:00,2024-03-02 12:15:00+00:00,-31.159,499.146,467.987
2024-03-02T06:20:00-06:00,2024-03-02 12:20:00+00:00,-76.308,505.589,429.281
2024-03-02T06:25:00-06:00,2024-03-02 12:25:00+00:00,-65.366,521.796,456.429
2024-03-02T06:30:00-06:00,2024-03-02 12:30:00+00:00,-6.268,701.955,695.688
2024-03-02T06:35:00-06:00,2024-03-02 12:35:00+00:00,-4.759,895.591,890.832
2024-03-02T06:40:00-06:00,2024-03-02 12:40:00+00:00,-10.214,956.565,946.351
2024-03-02T06:45:00-06:00,2024-03-02 12:45:00+00:00,-38.725,733.086,694.361
2024-03-02T06:50:00-06:00,2024-03-02 12:50:00+00:00,-29.522,781.438,751.917
2024-03-02T06:55:00-06:00,2024-03-02 12:55:00+00:00,-12.454,871.299,858.845
2024-03-02T07:00:00-06:00,2024-03-02 13:00:00+00:00,-7.742,1061.728,1053.987
2024-03-02T07:05:00-06:00,2024-03-02 13:05:00+00:00,-15.326,1106.785,1091.46
2024-03-02T07:10:00-06:00,2024-03-02 13:10:00+00:00,-72.984,962.266,889.282
2024-03-02T07:15:00-06:00,2024-03-02 13:15:00+00:00,-184.041,643.261,459.22
2024-03-02T07:20:00-06:00,2024-03-02 13:20:00+00:00,-235.217,506.086,270.868
2024-03-02T07:25:00-06:00,2024-03-02 13:25:00+00:00,-171.074,444.41,273.335
2024-03-02T07:30:00-06:00,2024-03-02 13:30:00+00:00,-224.803,309.783,84.98
2024-03-02T07:35:00-06:00,2024-03-02 13:35:00+00:00,-289.905,265.021,-24.885
2024-03-02T07:40:00-06:00,2024-03-02 13:40:00+00:00,-476.428,308.239,-168.19
2024-03-02T07:45:00-06:00,2024-03-02 13:45:00+00:00,-451.063,200.196,-250.867
2024-03-02T07:50:00-06:00,2024-03-02 13:50:00+00:00,-315.485,114.328,-201.157
2024-03-02T07:55:00-06:00,2024-03-02 13:55:00+00:00,-257.924,38.676,-219.248
2024-03-02T08:00:00-06:00,2024-03-02 14:00:00+00:00,-212.764,10.089,-202.674
2024-03-02T08:05:00-06:00,2024-03-02 14:05:00+00:00,-138.972,23.357,-115.615
2024-03-02T08:10:00-06:00,2024-03-02 14:10:00+00:00,-305.469,33.76,-271.709
2024-03-02T08:15:00-06:00,2024-03-02 14:15:00+00:00,-422.284,28.583,-393.701
2024-03-02T08:20:00-06:00,2024-03-02 14:20:00+00:00,-370.243,31.415,-338.828
2024-03-02T08:25:00-06:00,2024-03-02 14:25:00+00:00,-652.287,22.088,-630.198
2024-03-02T08:30:00-06:00,2024-03-02 14:30:00+00:00,-1012.716,13.901,-998.815
2024-03-02T08:35:00-06:00,2024-03-02 14:35:00+00:00,-1079.106,20.52,-1058.586
2024-03-02T08:40:00-06:00,2024-03-02 14:40:00+00:00,-664.927,76.699,-588.229
2024-03-02T08:45:00-06:00,2024-03-02 14:45:00+00:00,-542.729,209.999,-332.73
2024-03-02T08:50:00-06:00,2024-03-02 14:50:00+00:00,-496.295,435.444,-60.851
2024-03-02T08:55:00-06:00,2024-03-02 14:55:00+00:00,-486.659,385.506,-101.154
2024-03-02T09:00:00-06:00,2024-03-02 15:00:00+00:00,-418.864,379.076,-39.788
2024-03-02T09:05:00-06:00,2024-03-02 15:05:00+00:00,-210.286,394.341,184.055
2024-03-02T09:10:00-06:00,2024-03-02 15:10:00+00:00,-112.388,225.796,113.408
2024-03-02T09:15:00-06:00,2024-03-02 15:15:00+00:00,-278.547,19.785,-258.762
2024-03-02T09:20:00-06:00,2024-03-02 15:20:00+00:00,-278.671,14.909,-263.762
2024-03-02T09:25:00-06:00,2024-03-02 15:25:00+00:00,-258.483,13.801,-244.682
2024-03-02T09:30:00-06:00,2024-03-02 15:30:00+00:00,-485.59,4.679,-480.911
2024-03-02T09:35:00-06:00,2024-03-02 15:35:00+00:00,-339.611,64.214,-275.396
2024-03-02T09:40:00-06:00,2024-03-02 15:40:00+00:00,-212.14,151.146,-60.994
2024-03-02T09:45:00-06:00,2024-03-02 15:45:00+00:00,-136.437,69.948,-66.49
2024-03-02T09:50:00-06:00,2024-03-02 15:50:00+00:00,-179.429,31.545,-147.884
2024-03-02T09:55:00-06:00,2024-03-02 15:55:00+00:00,-398.531,4.3,-394.231
2024-03-02T10:00:00-06:00,2024-03-02 16:00:00+00:00,-530.78,4.367,-526.413
2024-03-02T10:05:00-06:00,2024-03-02 16:05:00+00:00,-587.999,14.127,-573.871
2024-03-02T10:10:00-06:00,2024-03-02 16:10:00+00:00,-320.163,50.866,-269.297
2024-03-02T10:15:00-06:00,2024-03-02 16:15:00+00:00,-152.837,131.465,-21.372
2024-03-02T10:20:00-06:00,2024-03-02 16:20:00+00:00,-178.161,79.257,-98.904
2024-03-02T10:25:00-06:00,2024-03-02 16:25:00+00:00,-320.564,5.514,-315.05
2024-03-02T10:30:00-06:00,2024-03-02 16:30:00+00:00,-244.337,22.589,-221.747
2024-03-02T10:35:00-06:00,2024-03-02 16:35:00+00:00,-208.575,73.0,-135.575
2024-03-02T10:40:00-06:00,2024-03-02 16:40:00+00:00,-313.594,3.31,-310.284
2024-03-02T10:45:00-06:00,2024-03-02 16:45:00+00:00,-328.507,2.615,-325.892
2024-03-02T10:50:00-06:00,2024-03-02 16:50:00+00:00,-471.906,4.266,-467.64
2024-03-02T10:55:00-06:00,2024-03-02 16:55:00+00:00,-347.737,5.348,-342.389
2024-03-02T11:00:00-06:00,2024-03-02 17:00:00+00:00,-210.762,136.547,-74.216
2024-03-02T11:05:00-06:00,2024-03-02 17:05:00+00:00,-250.992,29.693,-221.298
2024-03-02T11:10:00-06:00,2024-03-02 17:10:00+00:00,-307.427,11.357,-296.07
2024-03-02T11:15:00-06:00,2024-03-02 17:15:00+00:00,-104.909,189.107,84.197
2024-03-02T11:20:00-06:00,2024-03-02 17:20:00+00:00,-80.078,428.423,348.345
2024-03-02T11:25:00-06:00,2024-03-02 17:25:00+00:00,-154.77,105.442,-49.328
2024-03-02T11:30:00-06:00,2024-03-02 17:30:00+00:00,-436.165,2.641,-433.524
2024-03-02T11:35:00-06:00,2024-03-02 17:35:00+00:00,-524.162,8.453,-515.709
2024-03-02T11:40:00-06:00,2024-03-02 17:40:00+00:00,-356.064,74.732,-281.332
2024-03-02T11:45:00-06:00,2024-03-02 17:45:00+00:00,-280.626,186.964,-93.662
2024-03-02T11:50:00-06:00,2024-03-02 17:50:00+00:00,-397.657,55.892,-341.765
2024-03-02T11:55:00-06:00,2024-03-02 17:55:00+00:00,-539.757,17.119,-522.637
2024-03-02T12:00:00-06:00,2024-03-02 18:00:00+00:00,-456.445,30.709,-425.737
2024-03-02T12:05:00-06:00,2024-03-02 18:05:00+00:00,-400.764,73.671,-327.093
2024-03-02T12:10:00-06:00,2024-03-02 18:10:00+00:00,-277.848,137.425,-140.423
2024-03-02T12:15:00-06:00,2024-03-02 18:15:00+00:00,-185.921,349.012,163.09
2024-03-02T12:20:00-06:00,2024-03-02 18:20:00+00:00,-128.97,333.34,204.37
2024-03-02T12:25:00-06:00,2024-03-02 18:25:00+00:00,-212.355,107.953,-104.403
2024-03-02T12:30:00-06:00,2024-03-02 18:30:00+00:00,-406.321,20.936,-385.385
2024-03-02T12:35:00-06:00,2024-03-02 18:35:00+00:00,-505.288,13.865,-491.423
2024-03-02T12:40:00-06:00,2024-03-02 18:40:00+00:00,-332.219,33.847,-298.372
2024-03-02T12:45:00-06:00,2024-03-02 18:45:00+00:00,-305.689,87.963,-217.726
2024-03-02T12:50:00-06:00,2024-03-02 18:50:00+00:00,-457.92,81.548,-376.372
2024-03-02T12:55:00-06:00,2024-03-02 18:55:00+00:00,-729.394,25.129,-704.265
2024-03-02T13:00:00-06:00,2024-03-02 19:00:00+00:00,-666.88,46.352,-620.528
2024-03-02T13:05:00-06:00,2024-03-02 19:05:00+00:00,-709.435,22.992,-686.442
2024-03-02T13:10:00-06:00,2024-03-02 19:10:00+00:00,-641.605,25.136,-616.469
2024-03-02T13:15:00-06:00,2024-03-02 19:15:00+00:00,-572.416,164.005,-408.411
2024-03-02T13:20:00-06:00,2024-03-02 19:20:00+00:00,-501.493,146.279,-355.214
2024-03-02T13:25:00-06:00,2024-03-02 19:25:00+00:00,-647.286,32.014,-615.272
2024-03-02T13:30:00-06:00,2024-03-02 19:30:00+00:00,-677.029,30.126,-646.903
2024-03-02T13:35:00-06:00,2024-03-02 19:35:00+00:00,-584.782,37.869,-546.914
2024-03-02T13:40:00-06:00,2024-03-02 19:40:00+00:00,-563.724,54.411,-509.313
2024-03-02T13:45:00-06:00,2024-03-02 19:45:00+00:00,-487.857,158.899,-328.958
2024-03-02T13:50:00-06:00,2024-03-02 19:50:00+00:00,-502.299,222.214,-280.084
2024-03-02T13:55:00-06:00,2024-03-02 19:55:00+00:00,-670.752,46.614,-624.138
2024-03-02T14:00:00-06:00,2024-03-02 20:00:00+00:00,-978.068,22.872,-955.196
2024-03-02T14:05:00-06:00,2024-03-02 20:05:00+00:00,-707.567,15.193,-692.374
2024-03-02T14:10:00-06:00,2024-03-02 20:10:00+00:00,-232.908,51.528,-181.38
2024-03-02T14:15:00-06:00,2024-03-02 20:15:00+00:00,-366.352,47.699,-318.654
2024-03-02T14:20:00-06:00,2024-03-02 20:20:00+00:00,-528.896,16.756,-512.141
2024-03-02T14:25:00-06:00,2024-03-02 20:25:00+00:00,-362.946,49.982,-312.964
2024-03-02T14:30:00-06:00,2024-03-02 20:30:00+00:00,-304.938,91.655,-213.283
2024-03-02T14:35:00-06:00,2024-03-02 20:35:00+00:00,-248.764,223.063,-25.701
2024-03-02T14:40:00-06:00,2024-03-02 20:40:00+00:00,-249.727,121.303,-128.424
2024-03-02T14:45:00-06:00,2024-03-02 20:45:00+00:00,-272.746,71.876,-200.87
2024-03-02T14:50:00-06:00,2024-03-02 20:50:00+00:00,-274.72,191.36,-83.359
2024-03-02T14:55:00-06:00,2024-03-02 20:55:00+00:00,-325.867,134.619,-191.247
2024-03-02T15:00:00-06:00,2024-03-02 21:00:00+00:00,-419.559,15.124,-404.435
2024-03-02T15:05:00-06:00,2024-03-02 21:05:00+00:00,-288.794,51.65,-237.144
2024-03-02T15:10:00-06:00,2024-03-02 21:10:00+00:00,-134.714,275.923,141.209
2024-03-02T15:15:00-06:00,2024-03-02 21:15:00+00:00,-157.844,245.072,87.228
2024-03-02T15:20:00-06:00,2024-03-02 21:20:00+00:00,-206.81,24.749,-182.061
2024-03-02T15:25:00-06:00,2024-03-02 21:25:00+00:00,-206.036,44.434,-161.602
2024-03-02T15:30:00-06:00,2024-03-02 21:30:00+00:00,-301.04,10.123,-290.917
2024-03-02T15:35:00-06:00,2024-03-02 21:35:00+00:00,-321.955,9.944,-312.011
2024-03-02T15:40:00-06:00,2024-03-02 21:40:00+00:00,-228.663,47.98,-180.683
2024-03-02T15:45:00-06:00,2024-03-02 21:45:00+00:00,-197.51,48.164,-149.346
2024-03-02T15:50:00-06:00,2024-03-02 21:50:00+00:00,-367.193,8.205,-358.988
2024-03-02T15:55:00-06:00,2024-03-02 21:55:00+00:00,-362.208,12.937,-349.271
2024-03-02T16:00:00-06:00,2024-03-02 22:00:00+00:00,-220.453,47.237,-173.216
2024-03-02T16:05:00-06:00,2024-03-02 22:05:00+00:00,-398.573,6.113,-392.46
2024-03-02T16:10:00-06:00,2024-03-02 22:10:00+00:00,-473.685,25.419,-448.266
2024-03-02T16:15:00-06:00,2024-03-02 22:15:00+00:00,-190.566,130.616,-59.95
2024-03-02T16:20:00-06:00,2024-03-02 22:20:00+00:00,-138.726,160.107,21.382
2024-03-02T16:25:00-06:00,2024-03-02 22:25:00+00:00,-144.039,103.259,-40.78
2024-03-02T16:30:00-06:00,2024-03-02 22:30:00+00:00,-149.37,100.801,-48.569
2024-03-02T16:35:00-06:00,2024-03-02 22:35:00+00:00,-121.871,93.931,-27.94
2024-03-02T16:40:00-06:00,2024-03-02 22:40:00+00:00,-87.851,324.236,236.385
2024-03-02T16:45:00-06:00,2024-03-02 22:45:00+00:00,-176.991,81.799,-95.192
2024-03-02T16:50:00-06:00,2024-03-02 22:50:00+00:00,-399.598,4.003,-395.595
2024-03-02T16:55:00-06:00,2024-03-02 22:55:00+00:00,-616.281,4.839,-611.442
2024-03-02T17:00:00-06:00,2024-03-02 23:00:00+00:00,-515.515,49.589,-465.925
2024-03-02T17:05:00-06:00,2024-03-02 23:05:00+00:00,-286.105,8.805,-277.3
2024-03-02T17:10:00-06:00,2024-03-02 23:10:00+00:00,-202.78,9.066,-193.714
2024-03-02T17:15:00-06:00,2024-03-02 23:15:00+00:00,-119.475,179.069,59.594
2024-03-02T17:20:00-06:00,2024-03-02 23:20:00+00:00,-94.472,385.71,291.238
2024-03-02T17:25:00-06:00,2024-03-02 23:25:00+00:00,-142.506,80.039,-62.467
2024-03-02T17:30:00-06:00,2024-03-02 23:30:00+00:00,-356.585,5.135,-351.451
2024-03-02T17:35:00-06:00,2024-03-02 23:35:00+00:00,-231.373,99.635,-131.738
2024-03-02T17:40:00-06:00,2024-03-02 23:40:00+00:00,-41.976,458.765,416.789
2024-03-02T17:45:00-06:00,2024-03-02 23:45:00+00:00,-73.283,218.411,145.127
2024-03-02T17:50:00-06:00,2024-03-02 23:50:00+00:00,-174.751,36.958,-137.793
2024-03-02T17:55:00-06:00,2024-03-02 23:55:00+00:00,-38.249,321.658,283.409
2024-03-02T18:00:00-06:00,2024-03-03 00:00:00+00:00,-38.89,480.412,441.522
2024-03-02T18:05:00-06:00,2024-03-03 00:05:00+00:00,-73.099,291.965,218.865
2024-03-02T18:10:00-06:00,2024-03-03 00:10:00+00:00,-70.99,247.763,176.773
2024-03-02T18:15:00-06:00,2024-03-03 00:15:00+00:00,-55.804,279.798,223.995
2024-03-02T18:20:00-06:00,2024-03-03 00:20:00+00:00,-55.352,306.3,250.947
2024-03-02T18:25:00-06:00,2024-03-03 00:25:00+00:00,-95.435,224.817,129.382
2024-03-02T18:30:00-06:00,2024-03-03 00:30:00+00:00,-83.362,252.557,169.195
2024-03-02T18:35:00-06:00,2024-03-03 00:35:00+00:00,-90.636,285.664,195.028
2024-03-02T18:40:00-06:00,2024-03-03 00:40:00+00:00,-190.126,304.794,114.668
2024-03-02T18:45:00-06:00,2024-03-03 00:45:00+00:00,-159.284,269.496,110.212
2024-03-02T18:50:00-06:00,2024-03-03 00:50:00+00:00,-176.663,223.611,46.948
2024-03-02T18:55:00-06:00,2024-03-03 00:55:00+00:00,-225.544,217.679,-7.865
2024-03-02T19:00:00-06:00,2024-03-03 01:00:00+00:00,-243.28,163.535,-79.745
2024-03-02T19:05:00-06:00,2024-03-03 01:05:00+00:00,-234.756,61.175,-173.581
2024-03-02T19:10:00-06:00,2024-03-03 01:10:00+00:00,-139.341,34.245,-105.096
2024-03-02T19:15:00-06:00,2024-03-03 01:15:00+00:00,-71.565,66.522,-5.043
2024-03-02T19:20:00-06:00,2024-03-03 01:20:00+00:00,-75.23,28.468,-46.762
2024-03-02T19:25:00-06:00,2024-03-03 01:25:00+00:00,-52.206,78.778,26.573
2024-03-02T19:30:00-06:00,2024-03-03 01:30:00+00:00,-71.231,50.195,-21.036
2024-03-02T19:35:00-06:00,2024-03-03 01:35:00+00:00,-60.357,49.544,-10.813
2024-03-02T19:40:00-06:00,2024-03-03 01:40:00+00:00,-68.552,43.258,-25.295
2024-03-02T19:45:00-06:00,2024-03-03 01:45:00+00:00,-45.981,98.149,52.168
2024-03-02T19:50:00-06:00,2024-03-03 01:50:00+00:00,-49.498,140.847,91.349
2024-03-02T19:55:00-06:00,2024-03-03 01:55:00+00:00,-73.478,73.736,0.259
2024-03-02T20:00:00-06:00,2024-03-03 02:00:00+00:00,-110.829,63.544,-47.285
2024-03-02T20:05:00-06:00,2024-03-03 02:05:00+00:00,-204.134,38.955,-165.179
2024-03-02T20:10:00-06:00,2024-03-03 02:10:00+00:00,-143.985,67.648,-76.337
2024-03-02T20:15:00-06:00,2024-03-03 02:15:00+00:00,-67.565,234.703,167.137
2024-03-02T20:20:00-06:00,2024-03-03 02:20:00+00:00,-105.469,93.135,-12.334
2024-03-02T20:25:00-06:00,2024-03-03 02:25:00+00:00,-135.216,63.169,-72.046
2024-03-02T20:30:00-06:00,2024-03-03 02:30:00+00:00,-99.414,113.801,14.387
2024-03-02T20:35:00-06:00,2024-03-03 02:35:00+00:00,-71.619,165.873,94.254
2024-03-02T20:40:00-06:00,2024-03-03 02:40:00+00:00,-100.67,115.776,15.106
2024-03-02T20:45:00-06:00,2024-03-03 02:45:00+00:00,-131.128,56.924,-74.204
2024-03-02T20:50:00-06:00,2024-03-03 02:50:00+00:00,-65.624,84.856,19.232
2024-03-02T20:55:00-06:00,2024-03-03 02:55:00+00:00,-80.796,66.54,-14.256
2024-03-02T21:00:00-06:00,2024-03-03 03:00:00+00:00,-84.606,90.196,5.59
2024-03-02T21:05:00-06:00,2024-03-03 03:05:00+00:00,-72.723,122.203,49.48
2024-03-02T21:10:00-06:00,2024-03-03 03:10:00+00:00,-66.191,77.291,11.1
2024-03-02T21:15:00-06:00,2024-03-03 03:15:00+00:00,-113.839,10.084,-103.755
2024-03-02T21:20:00-06:00,2024-03-03 03:20:00+00:00,-192.875,22.018,-170.856
2024-03-02T21:25:00-06:00,2024-03-03 03:25:00+00:00,-95.446,14.016,-81.43
2024-03-02T21:30:00-06:00,2024-03-03 03:30:00+00:00,-59.923,8.523,-51.4
2024-03-02T21:35:00-06:00,2024-03-03 03:35:00+00:00,-217.407,3.881,-213.526
2024-03-02T21:40:00-06:00,2024-03-03 03:40:00+00:00,-158.545,15.342,-143.203
2024-03-02T21:45:00-06:00,2024-03-03 03:45:00+00:00,-141.762,28.315,-113.446
2024-03-02T21:50:00-06:00,2024-03-03 03:50:00+00:00,-115.444,61.701,-53.743
2024-03-02T21:55:00-06:00,2024-03-03 03:55:00+00:00,-15.013,218.481,203.468
2024-03-02T22:00:00-06:00,2024-03-03 04:00:00+00:00,-28.709,126.454,97.745
2024-03-02T22:05:00-06:00,2024-03-03 04:05:00+00:00,-73.494,56.248,-17.246
2024-03-02T22:10:00-06:00,2024-03-03 04:10:00+00:00,-43.387,70.499,27.112
2024-03-02T22:15:00-06:00,2024-03-03 04:15:00+00:00,-12.861,141.554,128.692
2024-03-02T22:20:00-06:00,2024-03-03 04:20:00+00:00,-65.707,81.432,15.724
2024-03-02T22:25:00-06:00,2024-03-03 04:25:00+00:00,-120.148,101.323,-18.825
2024-03-02T22:30:00-06:00,2024-03-03 04:30:00+00:00,-158.537,70.71,-87.827
2024-03-02T22:35:00-06:00,2024-03-03 04:35:00+00:00,-256.335,31.481,-224.854
2024-03-02T22:40:00-06:00,2024-03-03 04:40:00+00:00,-222.431,51.374,-171.058
2024-03-02T22:45:00-06:00,2024-03-03 04:45:00+00:00,-174.099,108.913,-65.186
2024-03-02T22:50:00-06:00,2024-03-03 04:50:00+00:00,-299.306,37.988,-261.318
2024-03-02T22:55:00-06:00,2024-03-03 04:55:00+00:00,-260.5,44.761,-215.739
2024-03-02T23:00:00-06:00,2024-03-03 05:00:00+00:00,-195.738,86.201,-109.537
2024-03-02T23:05:00-06:00,2024-03-03 05:05:00+00:00,-123.37,102.466,-20.904
2024-03-02T23:10:00-06:00,2024-03-03 05:10:00+00:00,-29.181,113.787,84.605
2024-03-02T23:15:00-06:00,2024-03-03 05:15:00+00:00,-36.967,101.346,64.379
2024-03-02T23:20:00-06:00,2024-03-03 05:20:00+00:00,-75.01,49.798,-25.212
2024-03-02T23:25:00-06:00,2024-03-03 05:25:00+00:00,-47.785,133.529,85.744
2024-03-02T23:30:00-06:00,2024-03-03 05:30:00+00:00,-38.872,100.523,61.651
2024-03-02T23:35:00-06:00,2024-03-03 05:35:00+00:00,-97.4,25.826,-71.573
2024-03-02T23:40:00-06:00,2024-03-03 05:40:00+00:00,-72.716,27.523,-45.194
2024-03-02T23:45:00-06:00,2024-03-03 05:45:00+00:00,-37.822,40.662,2.84
2024-03-02T23:50:00-06:00,2024-03-03 05:50:00+00:00,-28.69,102.745,74.055
2024-03-02T23:55:00-06:00,2024-03-03 05:55:00+00:00,-25.79,113.3,87.51
2024-03-03T00:00:00-06:00,2024-03-03 06:00:00+00:00,-75.133,34.92,-40.213
2024-03-03T00:05:00-06:00,2024-03-03 06:05:00+00:00,-165.472,13.759,-151.713
2024-03-03T00:10:00-06:00,2024-03-03 06:10:00+00:00,-151.404,7.551,-143.853
2024-03-03T00:15:00-06:00,2024-03-03 06:15:00+00:00,-160.628,11.27,-149.359
2024-03-03T00:20:00-06:00,2024-03-03 06:20:00+00:00,-53.647,134.892,81.245
2024-03-03T00:25:00-06:00,2024-03-03 06:25:00+00:00,-57.076,164.518,107.442
2024-03-03T00:30:00-06:00,2024-03-03 06:30:00+00:00,-115.984,33.788,-82.197
2024-03-03T00:35:00-06:00,2024-03-03 06:35:00+00:00,-111.906,15.724,-96.183
2024-03-03T00:40:00-06:00,2024-03-03 06:40:00+00:00,-153.397,11.803,-141.594
2024-03-03T00:45:00-06:00,2024-03-03 06:45:00+00:00,-164.465,9.092,-155.373
2024-03-03T00:50:00-06:00,2024-03-03 06:50:00+00:00,-154.296,7.587,-146.709
2024-03-03T00:55:00-06:00,2024-03-03 06:55:00+00:00,-151.627,17.969,-133.659
2024-03-03T01:00:00-06:00,2024-03-03 07:00:00+00:00,-84.249,103.185,18.936
2024-03-03T01:05:00-06:00,2024-03-03 07:05:00+00:00,-56.829,136.583,79.754
2024-03-03T01:10:00-06:00,2024-03-03 07:10:00+00:00,-71.981,38.673,-33.308
2024-03-03T01:15:00-06:00,2024-03-03 07:15:00+00:00,-90.516,15.7,-74.816
2024-03-03T01:20:00-06:00,2024-03-03 07:20:00+00:00,-162.549,5.168,-157.382
2024-03-03T01:25:00-06:00,2024-03-03 07:25:00+00:00,-77.234,48.267,-28.967
2024-03-03T01:30:00-06:00,2024-03-03 07:30:00+00:00,-55.452,95.462,40.01
2024-03-03T01:35:00-06:00,2024-03-03 07:35:00+00:00,-97.433,60.147,-37.286
2024-03-03T01:40:00-06:00,2024-03-03 07:40:00+00:00,-98.355,39.182,-59.173
2024-03-03T01:45:00-06:00,2024-03-03 07:45:00+00:00,-32.429,129.383,96.954
2024-03-03T01:50:00-06:00,2024-03-03 07:50:00+00:00,-34.156,141.451,107.294
2024-03-03T01:55:00-06:00,2024-03-03 07:55:00+00:00,-55.413,35.905,-19.509
2024-03-03T02:00:00-06:00,2024-03-03 08:00:00+00:00,-127.377,4.188,-123.189
2024-03-03T02:05:00-06:00,2024-03-03 08:05:00+00:00,-110.45,9.166,-101.284
2024-03-03T02:10:00-06:00,2024-03-03 08:10:00+00:00,-92.023,18.987,-73.036
2024-03-03T02:15:00-06:00,2024-03-03 08:15:00+00:00,-172.267,2.689,-169.578
2024-03-03T02:20:00-06:00,2024-03-03 08:20:00+00:00,-150.579,10.266,-140.313
2024-03-03T02:25:00-06:00,2024-03-03 08:25:00+00:00,-108.809,74.826,-33.983
2024-03-03T02:30:00-06:00,2024-03-03 08:30:00+00:00,-100.18,133.875,33.695
2024-03-03T02:35:00-06:00,2024-03-03 08:35:00+00:00,-64.412,138.416,74.005
2024-03-03T02:40:00-06:00,2024-03-03 08:40:00+00:00,-147.42,55.467,-91.953
2024-03-03T02:45:00-06:00,2024-03-03 08:45:00+00:00,-154.274,50.326,-103.948
2024-03-03T02:50:00-06:00,2024-03-03 08:50:00+00:00,-71.537,126.958,55.421
2024-03-03T02:55:00-06:00,2024-03-03 08:55:00+00:00,-65.704,212.803,147.099
2024-03-03T03:00:00-06:00,2024-03-03 09:00:00+00:00,-52.379,118.458,66.079
2024-03-03T03:05:00-06:00,2024-03-03 09:05:00+00:00,-126.491,55.738,-70.753
2024-03-03T03:10:00-06:00,2024-03-03 09:10:00+00:00,-241.63,15.368,-226.262
2024-03-03T03:15:00-06:00,2024-03-03 09:15:00+00:00,-186.392,17.609,-168.783
2024-03-03T03:20:00-06:00,2024-03-03 09:20:00+00:00,-88.288,70.999,-17.289
2024-03-03T03:25:00-06:00,2024-03-03 09:25:00+00:00,-83.478,149.948,66.47
2024-03-03T03:30:00-06:00,2024-03-03 09:30:00+00:00,-96.983,119.151,22.168
2024-03-03T03:35:00-06:00,2024-03-03 09:35:00+00:00,-91.04,117.989,26.949
2024-03-03T03:40:00-06:00,2024-03-03 09:40:00+00:00,-81.884,81.863,-0.021
2024-03-03T03:45:00-06:00,2024-03-03 09:45:00+00:00,-171.345,8.23,-163.114
2024-03-03T03:50:00-06:00,2024-03-03 09:50:00+00:00,-155.075,32.236,-122.839
2024-03-03T03:55:00-06:00,2024-03-03 09:55:00+00:00,-110.189,103.118,-7.071
2024-03-03T04:00:00-06:00,2024-03-03 10:00:00+00:00,-78.534,190.069,111.534
2024-03-03T04:05:00-06:00,2024-03-03 10:05:00+00:00,-51.196,80.357,29.161
2024-03-03T04:10:00-06:00,2024-03-03 10:10:00+00:00,-132.251,1.864,-130.388
2024-03-03T04:15:00-06:00,2024-03-03 10:15:00+00:00,-239.508,3.612,-235.896
2024-03-03T04:20:00-06:00,2024-03-03 10:20:00+00:00,-179.045,2.899,-176.146
2024-03-03T04:25:00-06:00,2024-03-03 10:25:00+00:00,-108.266,4.24,-104.026
2024-03-03T04:30:00-06:00,2024-03-03 10:30:00+00:00,-57.428,41.893,-15.535
2024-03-03T04:35:00-06:00,2024-03-03 10:35:00+00:00,-73.552,79.201,5.649
2024-03-03T04:40:00-06:00,2024-03-03 10:40:00+00:00,-75.001,100.266,25.265
2024-03-03T04:45:00-06:00,2024-03-03 10:45:00+00:00,-186.438,95.761,-90.678
2024-03-03T04:50:00-06:00,2024-03-03 10:50:00+00:00,-278.982,30.063,-248.919
2024-03-03T04:55:00-06:00,2024-03-03 10:55:00+00:00,-314.045,5.645,-308.399
2024-03-03T05:00:00-06:00,2024-03-03 11:00:00+00:00,-323.749,3.877,-319.872
2024-03-03T05:05:00-06:00,2024-03-03 11:05:00+00:00,-252.886,5.079,-247.806
2024-03-03T05:10:00-06:00,2024-03-03 11:10:00+00:00,-142.139,26.397,-115.742
2024-03-03T05:15:00-06:00,2024-03-03 11:15:00+00:00,-49.225,118.271,69.046
2024-03-03T05:20:00-06:00,2024-03-03 11:20:00+00:00,-79.055,60.982,-18.073
2024-03-03T05:25:00-06:00,2024-03-03 11:25:00+00:00,-81.21,23.184,-58.026
2024-03-03T05:30:00-06:00,2024-03-03 11:30:00+00:00,-36.618,91.802,55.184
2024-03-03T05:35:00-06:00,2024-03-03 11:35:00+00:00,-76.555,73.185,-3.37
2024-03-03T05:40:00-06:00,2024-03-03 11:40:00+00:00,-59.316,58.647,-0.669
2024-03-03T05:45:00-06:00,2024-03-03 11:45:00+00:00,-29.418,108.729,79.312
2024-03-03T05:50:00-06:00,2024-03-03 11:50:00+00:00,-101.36,86.972,-14.388
2024-03-03T05:55:00-06:00,2024-03-03 11:55:00+00:00,-106.728,77.581,-29.146
2024-03-03T06:00:00-06:00,2024-03-03 12:00:00+00:00,-76.347,94.795,18.448
2024-03-03T06:05:00-06:00,2024-03-03 12:05:00+00:00,-120.498,127.764,7.266
2024-03-03T06:10:00-06:00,2024-03-03 12:10:00+00:00,-120.418,164.242,43.824
2024-03-03T06:15:00-06:00,2024-03-03 12:15:00+00:00,-177.578,115.187,-62.391
2024-03-03T06:20:00-06:00,2024-03-03 12:20:00+00:00,-128.3,236.698,108.398
2024-03-03T06:25:00-06:00,2024-03-03 12:25:00+00:00,-85.091,430.403,345.312
2024-03-03T06:30:00-06:00,2024-03-03 12:30:00+00:00,-84.853,321.52,236.666
2024-03-03T06:35:00-06:00,2024-03-03 12:35:00+00:00,-26.155,429.178,403.022
2024-03-03T06:40:00-06:00,2024-03-03 12:40:00+00:00,-53.97,350.182,296.211
2024-03-03T06:45:00-06:00,2024-03-03 12:45:00+00:00,-93.662,314.478,220.816
2024-03-03T06:50:00-06:00,2024-03-03 12:50:00+00:00,-68.338,257.555,189.217
2024-03-03T06:55:00-06:00,2024-03-03 12:55:00+00:00,-21.225,395.324,374.098
2024-03-03T07:00:00-06:00,2024-03-03 13:00:00+00:00,-33.137,458.896,425.76
2024-03-03T07:05:00-06:00,2024-03-03 13:05:00+00:00,-44.787,311.74,266.953
2024-03-03T07:10:00-06:00,2024-03-03 13:10:00+00:00,-13.4,355.67,342.271
2024-03-03T07:15:00-06:00,2024-03-03 13:15:00+00:00,-18.442,504.862,486.42
2024-03-03T07:20:00-06:00,2024-03-03 13:20:00+00:00,-20.5,461.636,441.137
2024-03-03T07:25:00-06:00,2024-03-03 13:25:00+00:00,-20.825,412.297,391.473
2024-03-03T07:30:00-06:00,2024-03-03 13:30:00+00:00,-16.275,482.878,466.603
2024-03-03T07:35:00-06:00,2024-03-03 13:35:00+00:00,-11.245,335.635,324.39
2024-03-03T07:40:00-06:00,2024-03-03 13:40:00+00:00,-19.918,155.349,135.431
2024-03-03T07:45:00-06:00,2024-03-03 13:45:00+00:00,-35.787,212.224,176.438
2024-03-03T07:50:00-06:00,2024-03-03 13:50:00+00:00,-95.661,45.496,-50.165
2024-03-03T07:55:00-06:00,2024-03-03 13:55:00+00:00,-66.189,57.361,-8.828
2024-03-03T08:00:00-06:00,2024-03-03 14:00:00+00:00,-19.755,149.586,129.831
2024-03-03T08:05:00-06:00,2024-03-03 14:05:00+00:00,-44.567,112.384,67.817
2024-03-03T08:10:00-06:00,2024-03-03 14:10:00+00:00,-28.09,234.624,206.535
2024-03-03T08:15:00-06:00,2024-03-03 14:15:00+00:00,-31.842,159.986,128.144
2024-03-03T08:20:00-06:00,2024-03-03 14:20:00+00:00,-60.013,44.126,-15.886
2024-03-03T08:25:00-06:00,2024-03-03 14:25:00+00:00,-173.405,12.497,-160.907
2024-03-03T08:30:00-06:00,2024-03-03 14:30:00+00:00,-124.501,36.287,-88.214
2024-03-03T08:35:00-06:00,2024-03-03 14:35:00+00:00,-75.433,73.268,-2.165
2024-03-03T08:40:00-06:00,2024-03-03 14:40:00+00:00,-67.42,162.075,94.655
2024-03-03T08:45:00-06:00,2024-03-03 14:45:00+00:00,-78.177,220.532,142.355
2024-03-03T08:50:00-06:00,2024-03-03 14:50:00+00:00,-108.902,183.462,74.56
2024-03-03T08:55:00-06:00,2024-03-03 14:55:00+00:00,-215.98,17.395,-198.585
2024-03-03T09:00:00-06:00,2024-03-03 15:00:00+00:00,-234.474,25.626,-208.847
2024-03-03T09:05:00-06:00,2024-03-03 15:05:00+00:00,-190.795,63.911,-126.884
2024-03-03T09:10:00-06:00,2024-03-03 15:10:00+00:00,-216.375,107.403,-108.972
2024-03-03T09:15:00-06:00,2024-03-03 15:15:00+00:00,-268.926,33.281,-235.645
2024-03-03T09:20:00-06:00,2024-03-03 15:20:00+00:00,-311.469,88.889,-222.58
2024-03-03T09:25:00-06:00,2024-03-03 15:25:00+00:00,-268.984,168.485,-100.499
2024-03-03T09:30:00-06:00,2024-03-03 15:30:00+00:00,-367.408,30.474,-336.935
2024-03-03T09:35:00-06:00,2024-03-03 15:35:00+00:00,-496.835,4.44,-492.395
2024-03-03T09:40:00-06:00,2024-03-03 15:40:00+00:00,-534.504,13.049,-521.454
2024-03-03T09:45:00-06:00,2024-03-03 15:45:00+00:00,-247.061,154.344,-92.717
2024-03-03T09:50:00-06:00,2024-03-03 15:50:00+00:00,-228.139,197.256,-30.883
2024-03-03T09:55:00-06:00,2024-03-03 15:55:00+00:00,-366.3,11.072,-355.228
2024-03-03T10:00:00-06:00,2024-03-03 16:00:00+00:00,-578.446,1.472,-576.973
2024-03-03T10:05:00-06:00,2024-03-03 16:05:00+00:00,-522.008,8.745,-513.264
2024-03-03T10:10:00-06:00,2024-03-03 16:10:00+00:00,-261.438,19.798,-241.64
2024-03-03T10:15:00-06:00,2024-03-03 16:15:00+00:00,-183.145,39.644,-143.501
2024-03-03T10:20:00-06:00,2024-03-03 16:20:00+00:00,-261.931,172.611,-89.319
2024-03-03T10:25:00-06:00,2024-03-03 16:25:00+00:00,-431.82,201.154,-230.666
2024-03-03T10:30:00-06:00,2024-03-03 16:30:00+00:00,-361.904,214.616,-147.288
2024-03-03T10:35:00-06:00,2024-03-03 16:35:00+00:00,-120.453,320.692,200.239
2024-03-03T10:40:00-06:00,2024-03-03 16:40:00+00:00,-84.335,385.075,300.74
2024-03-03T10:45:00-06:00,2024-03-03 16:45:00+00:00,-64.135,359.407,295.272
2024-03-03T10:50:00-06:00,2024-03-03 16:50:00+00:00,-209.799,244.499,34.7
2024-03-03T10:55:00-06:00,2024-03-03 16:55:00+00:00,-78.532,356.532,278.0
2024-03-03T11:00:00-06:00,2024-03-03 17:00:00+00:00,-46.009,448.338,402.33
2024-03-03T11:05:00-06:00,2024-03-03 17:05:00+00:00,-122.658,228.22,105.562
2024-03-03T11:10:00-06:00,2024-03-03 17:10:00+00:00,-98.711,282.865,184.154
2024-03-03T11:15:00-06:00,2024-03-03 17:15:00+00:00,-97.172,262.42,165.249
2024-03-03T11:20:00-06:00,2024-03-03 17:20:00+00:00,-242.378,180.208,-62.17
2024-03-03T11:25:00-06:00,2024-03-03 17:25:00+00:00,-79.384,66.211,-13.173
2024-03-03T11:30:00-06:00,2024-03-03 17:30:00+00:00,-139.627,38.1,-101.526
2024-03-03T11:35:00-06:00,2024-03-03 17:35:00+00:00,-66.8,114.655,47.855
2024-03-03T11:40:00-06:00,2024-03-03 17:40:00+00:00,-65.428,136.166,70.738
2024-03-03T11:45:00-06:00,2024-03-03 17:45:00+00:00,-96.204,33.29,-62.914
2024-03-03T11:50:00-06:00,2024-03-03 17:50:00+00:00,-60.576,82.242,21.666
2024-03-03T11:55:00-06:00,2024-03-03 17:55:00+00:00,-62.228,186.429,124.2
2024-03-03T12:00:00-06:00,2024-03-03 18:00:00+00:00,-65.25,169.669,104.419
2024-03-03T12:05:00-06:00,2024-03-03 18:05:00+00:00,-220.417,219.75,-0.667
2024-03-03T12:10:00-06:00,2024-03-03 18:10:00+00:00,-276.493,101.063,-175.429
2024-03-03T12:15:00-06:00,2024-03-03 18:15:00+00:00,-524.266,15.654,-508.612
2024-03-03T12:20:00-06:00,2024-03-03 18:20:00+00:00,-691.513,14.028,-677.485
2024-03-03T12:25:00-06:00,2024-03-03 18:25:00+00:00,-444.991,32.917,-412.074
2024-03-03T12:30:00-06:00,2024-03-03 18:30:00+00:00,-258.96,259.256,0.296
2024-03-03T12:35:00-06:00,2024-03-03 18:35:00+00:00,-259.771,319.552,59.781
2024-03-03T12:40:00-06:00,2024-03-03 18:40:00+00:00,-269.187,124.152,-145.035
2024-03-03T12:45:00-06:00,2024-03-03 18:45:00+00:00,-280.36,86.303,-194.057
2024-03-03T12:50:00-06:00,2024-03-03 18:50:00+00:00,-346.584,24.822,-321.762
2024-03-03T12:55:00-06:00,2024-03-03 18:55:00+00:00,-456.375,12.161,-444.214
2024-03-03T13:00:00-06:00,2024-03-03 19:00:00+00:00,-371.963,33.511,-338.452
2024-03-03T13:05:00-06:00,2024-03-03 19:05:00+00:00,-348.371,87.792,-260.58
2024-03-03T13:10:00-06:00,2024-03-03 19:10:00+00:00,-408.202,8.206,-399.996
2024-03-03T13:15:00-06:00,2024-03-03 19:15:00+00:00,-595.885,7.296,-588.589
2024-03-03T13:20:00-06:00,2024-03-03 19:20:00+00:00,-330.599,141.796,-188.803
2024-03-03T13:25:00-06:00,2024-03-03 19:25:00+00:00,-179.96,193.248,13.287
2024-03-03T13:30:00-06:00,2024-03-03 19:30:00+00:00,-206.988,6.171,-200.817
2024-03-03T13:35:00-06:00,2024-03-03 19:35:00+00:00,-313.75,1.483,-312.267
2024-03-03T13:40:00-06:00,2024-03-03 19:40:00+00:00,-280.112,10.871,-269.241
2024-03-03T13:45:00-06:00,2024-03-03 19:45:00+00:00,-161.828,40.264,-121.564
2024-03-03T13:50:00-06:00,2024-03-03 19:50:00+00:00,-286.671,16.225,-270.445
2024-03-03T13:55:00-06:00,2024-03-03 19:55:00+00:00,-198.615,84.664,-113.951
2024-03-03T14:00:00-06:00,2024-03-03 20:00:00+00:00,-94.726,298.735,204.009
2024-03-03T14:05:00-06:00,2024-03-03 20:05:00+00:00,-160.732,106.306,-54.426
2024-03-03T14:10:00-06:00,2024-03-03 20:10:00+00:00,-255.222,3.263,-251.959
2024-03-03T14:15:00-06:00,2024-03-03 20:15:00+00:00,-326.659,34.015,-292.644
2024-03-03T14:20:00-06:00,2024-03-03 20:20:00+00:00,-79.417,79.922,0.505
2024-03-03T14:25:00-06:00,2024-03-03 20:25:00+00:00,-53.144,269.068,215.924
2024-03-03T14:30:00-06:00,2024-03-03 20:30:00+00:00,-67.308,172.825,105.517
2024-03-03T14:35:00-06:00,2024-03-03 20:35:00+00:00,-191.09,8.733,-182.357
2024-03-03T14:40:00-06:00,2024-03-03 20:40:00+00:00,-267.211,8.316,-258.895
2024-03-03T14:45:00-06:00,2024-03-03 20:45:00+00:00,-142.135,20.185,-121.95
2024-03-03T14:50:00-06:00,2024-03-03 20:50:00+00:00,-117.892,20.604,-97.288
2024-03-03T14:55:00-06:00,2024-03-03 20:55:00+00:00,-227.231,1.563,-225.668
2024-03-03T15:00:00-06:00,2024-03-03 21:00:00+00:00,-283.123,11.414,-271.709
2024-03-03T15:05:00-06:00,2024-03-03 21:05:00+00:00,-104.453,127.364,22.912
2024-03-03T15:10:00-06:00,2024-03-03 21:10:00+00:00,-65.31,184.079,118.769
2024-03-03T15:15:00-06:00,2024-03-03 21:15:00+00:00,-34.816,361.564,326.748
2024-03-03T15:20:00-06:00,2024-03-03 21:20:00+00:00,-76.498,75.499,-1.0
2024-03-03T15:25:00-06:00,2024-03-03 21:25:00+00:00,-74.262,91.124,16.862
2024-03-03T15:30:00-06:00,2024-03-03 21:30:00+00:00,-95.605,53.535,-42.069
2024-03-03T15:35:00-06:00,2024-03-03 21:35:00+00:00,-37.226,189.37,152.144
2024-03-03T15:40:00-06:00,2024-03-03 21:40:00+00:00,-85.256,101.188,15.932
2024-03-03T15:45:00-06:00,2024-03-03 21:45:00+00:00,-310.511,39.324,-271.187
2024-03-03T15:50:00-06:00,2024-03-03 21:50:00+00:00,-538.037,50.905,-487.132
2024-03-03T15:55:00-06:00,2024-03-03 21:55:00+00:00,-493.955,3.379,-490.576
2024-03-03T16:00:00-06:00,2024-03-03 22:00:00+00:00,-174.435,85.365,-89.07
2024-03-03T16:05:00-06:00,2024-03-03 22:05:00+00:00,-71.237,105.959,34.721
2024-03-03T16:10:00-06:00,2024-03-03 22:10:00+00:00,-187.612,6.275,-181.337
2024-03-03T16:15:00-06:00,2024-03-03 22:15:00+00:00,-146.517,12.023,-134.494
2024-03-03T16:20:00-06:00,2024-03-03 22:20:00+00:00,-29.911,250.858,220.948
2024-03-03T16:25:00-06:00,2024-03-03 22:25:00+00:00,-13.838,485.507,471.669
2024-03-03T16:30:00-06:00,2024-03-03 22:30:00+00:00,-43.302,172.661,129.359
2024-03-03T16:35:00-06:00,2024-03-03 22:35:00+00:00,-209.157,16.177,-192.981
2024-03-03T16:40:00-06:00,2024-03-03 22:40:00+00:00,-70.938,97.294,26.356
2024-03-03T16:45:00-06:00,2024-03-03 22:45:00+00:00,-94.324,56.308,-38.016
2024-03-03T16:50:00-06:00,2024-03-03 22:50:00+00:00,-387.382,6.405,-380.977
2024-03-03T16:55:00-06:00,2024-03-03 22:55:00+00:00,-477.44,45.501,-431.938
2024-03-03T17:00:00-06:00,2024-03-03 23:00:00+00:00,-228.438,287.567,59.129
2024-03-03T17:05:00-06:00,2024-03-03 23:05:00+00:00,-121.175,419.286,298.111
2024-03-03T17:10:00-06:00,2024-03-03 23:10:00+00:00,-205.307,247.807,42.5
2024-03-03T17:15:00-06:00,2024-03-03 23:15:00+00:00,-433.637,110.873,-322.764
2024-03-03T17:20:00-06:00,2024-03-03 23:20:00+00:00,-403.554,129.069,-274.485
2024-03-03T17:25:00-06:00,2024-03-03 23:25:00+00:00,-139.31,120.877,-18.433
2024-03-03T17:30:00-06:00,2024-03-03 23:30:00+00:00,-27.357,233.395,206.038
2024-03-03T17:35:00-06:00,2024-03-03 23:35:00+00:00,-28.36,342.53,314.17
2024-03-03T17:40:00-06:00,2024-03-03 23:40:00+00:00,-133.555,207.582,74.027
2024-03-03T17:45:00-06:00,2024-03-03 23:45:00+00:00,-103.88,207.752,103.872
2024-03-03T17:50:00-06:00,2024-03-03 23:50:00+00:00,-12.159,506.852,494.693
2024-03-03T17:55:00-06:00,2024-03-03 23:55:00+00:00,-40.047,735.148,695.101
2024-03-03T18:00:00-06:00,2024-03-04 00:00:00+00:00,-133.617,475.223,341.606
2024-03-03T18:05:00-06:00,2024-03-04 00:05:00+00:00,-86.554,301.757,215.203
2024-03-03T18:10:00-06:00,2024-03-04 00:10:00+00:00,-89.298,254.279,164.982
2024-03-03T18:15:00-06:00,2024-03-04 00:15:00+00:00,-41.423,622.745,581.322
2024-03-03T18:20:00-06:00,2024-03-04 00:20:00+00:00,-51.784,754.49,702.706
2024-03-03T18:25:00-06:00,2024-03-04 00:25:00+00:00,-81.701,748.704,667.003
2024-03-03T18:30:00-06:00,2024-03-04 00:30:00+00:00,-42.731,787.062,744.332
2024-03-03T18:35:00-06:00,2024-03-04 00:35:00+00:00,-41.595,956.093,914.498
2024-03-03T18:40:00-06:00,2024-03-04 00:40:00+00:00,-103.344,934.28,830.936
2024-03-03T18:45:00-06:00,2024-03-04 00:45:00+00:00,-177.147,811.947,634.799
2024-03-03T18:50:00-06:00,2024-03-04 00:50:00+00:00,-213.263,546.497,333.234
2024-03-03T18:55:00-06:00,2024-03-04 00:55:00+00:00,-173.933,448.641,274.707
2024-03-03T19:00:00-06:00,2024-03-04 01:00:00+00:00,-91.821,644.436,552.615
2024-03-03T19:05:00-06:00,2024-03-04 01:05:00+00:00,-64.603,799.882,735.279
2024-03-03T19:10:00-06:00,2024-03-04 01:10:00+00:00,-89.785,567.576,477.791
2024-03-03T19:15:00-06:00,2024-03-04 01:15:00+00:00,-76.207,543.569,467.362
2024-03-03T19:20:00-06:00,2024-03-04 01:20:00+00:00,-100.374,428.267,327.893
2024-03-03T19:25:00-06:00,2024-03-04 01:25:00+00:00,-65.951,464.958,399.008
2024-03-03T19:30:00-06:00,2024-03-04 01:30:00+00:00,-37.528,435.297,397.769
2024-03-03T19:35:00-06:00,2024-03-04 01:35:00+00:00,-55.921,413.905,357.985
2024-03-03T19:40:00-06:00,2024-03-04 01:40:00+00:00,-61.551,355.284,293.733
2024-03-03T19:45:00-06:00,2024-03-04 01:45:00+00:00,-42.401,391.793,349.392
2024-03-03T19:50:00-06:00,2024-03-04 01:50:00+00:00,-82.19,336.029,253.84
2024-03-03T19:55:00-06:00,2024-03-04 01:55:00+00:00,-128.58,309.093,180.513
2024-03-03T20:00:00-06:00,2024-03-04 02:00:00+00:00,-57.07,386.592,329.522
2024-03-03T20:05:00-06:00,2024-03-04 02:05:00+00:00,-101.373,339.19,237.817
2024-03-03T20:10:00-06:00,2024-03-04 02:10:00+00:00,-44.529,328.58,284.051
2024-03-03T20:15:00-06:00,2024-03-04 02:15:00+00:00,-73.653,270.154,196.501
2024-03-03T20:20:00-06:00,2024-03-04 02:20:00+00:00,-49.328,289.88,240.552
2024-03-03T20:25:00-06:00,2024-03-04 02:25:00+00:00,-40.029,388.727,348.697
2024-03-03T20:30:00-06:00,2024-03-04 02:30:00+00:00,-44.987,378.404,333.417
2024-03-03T20:35:00-06:00,2024-03-04 02:35:00+00:00,-66.651,302.042,235.391
2024-03-03T20:40:00-06:00,2024-03-04 02:40:00+00:00,-82.471,306.336,223.865
2024-03-03T20:45:00-06:00,2024-03-04 02:45:00+00:00,-87.34,278.378,191.037
2024-03-03T20:50:00-06:00,2024-03-04 02:50:00+00:00,-40.992,348.216,307.224
2024-03-03T20:55:00-06:00,2024-03-04 02:55:00+00:00,-57.856,288.867,231.012
2024-03-03T21:00:00-06:00,2024-03-04 03:00:00+00:00,-94.001,261.327,167.326
2024-03-03T21:05:00-06:00,2024-03-04 03:05:00+00:00,-93.24,220.798,127.559
2024-03-03T21:10:00-06:00,2024-03-04 03:10:00+00:00,-62.845,155.854,93.009
2024-03-03T21:15:00-06:00,2024-03-04 03:15:00+00:00,-98.706,179.44,80.733
2024-03-03T21:20:00-06:00,2024-03-04 03:20:00+00:00,-52.742,181.058,128.316
2024-03-03T21:25:00-06:00,2024-03-04 03:25:00+00:00,-63.814,110.189,46.376
2024-03-03T21:30:00-06:00,2024-03-04 03:30:00+00:00,-84.889,69.601,-15.288
2024-03-03T21:35:00-06:00,2024-03-04 03:35:00+00:00,-141.227,122.439,-18.787
2024-03-03T21:40:00-06:00,2024-03-04 03:40:00+00:00,-106.944,97.582,-9.362
2024-03-03T21:45:00-06:00,2024-03-04 03:45:00+00:00,-168.388,45.025,-123.363
2024-03-03T21:50:00-06:00,2024-03-04 03:50:00+00:00,-109.636,71.979,-37.656
2024-03-03T21:55:00-06:00,2024-03-04 03:55:00+00:00,-104.992,80.207,-24.785
2024-03-03T22:00:00-06:00,2024-03-04 04:00:00+00:00,-117.913,30.896,-87.018
2024-03-03T22:05:00-06:00,2024-03-04 04:05:00+00:00,-92.821,27.481,-65.341
2024-03-03T22:10:00-06:00,2024-03-04 04:10:00+00:00,-122.308,45.227,-77.081
2024-03-03T22:15:00-06:00,2024-03-04 04:15:00+00:00,-36.972,120.802,83.83
2024-03-03T22:20:00-06:00,2024-03-04 04:20:00+00:00,-12.732,113.187,100.455
2024-03-03T22:25:00-06:00,2024-03-04 04:25:00+00:00,-96.438,45.349,-51.09
2024-03-03T22:30:00-06:00,2024-03-04 04:30:00+00:00,-193.124,39.686,-153.438
2024-03-03T22:35:00-06:00,2024-03-04 04:35:00+00:00,-194.225,48.499,-145.727
2024-03-03T22:40:00-06:00,2024-03-04 04:40:00+00:00,-108.962,34.702,-74.261
2024-03-03T22:45:00-06:00,2024-03-04 04:45:00+00:00,-58.173,76.258,18.085
2024-03-03T22:50:00-06:00,2024-03-04 04:50:00+00:00,-47.693,110.4,62.707
2024-03-03T22:55:00-06:00,2024-03-04 04:55:00+00:00,-65.186,115.294,50.107
2024-03-03T23:00:00-06:00,2024-03-04 05:00:00+00:00,-49.47,91.746,42.277
2024-03-03T23:05:00-06:00,2024-03-04 05:05:00+00:00,-175.556,28.097,-147.459
2024-03-03T23:10:00-06:00,2024-03-04 05:10:00+00:00,-332.237,2.872,-329.365
2024-03-03T23:15:00-06:00,2024-03-04 05:15:00+00:00,-187.078,101.751,-85.326
2024-03-03T23:20:00-06:00,2024-03-04 05:20:00+00:00,-157.836,257.566,99.73
2024-03-03T23:25:00-06:00,2024-03-04 05:25:00+00:00,-175.539,245.161,69.622
2024-03-03T23:30:00-06:00,2024-03-04 05:30:00+00:00,-298.95,11.173,-287.777
2024-03-03T23:35:00-06:00,2024-03-04 05:35:00+00:00,-506.719,3.153,-503.567
2024-03-03T23:40:00-06:00,2024-03-04 05:40:00+00:00,-572.963,1.942,-571.021
2024-03-03T23:45:00-06:00,2024-03-04 05:45:00+00:00,-535.28,25.765,-509.515
2024-03-03T23:50:00-06:00,2024-03-04 05:50:00+00:00,-413.211,183.056,-230.155
2024-03-03T23:55:00-06:00,2024-03-04 05:55:00+00:00,-478.604,154.613,-323.991
2024-03-04T00:00:00-06:00,2024-03-04 06:00:00+00:00,-556.343,81.901,-474.441
2024-03-04T00:05:00-06:00,2024-03-04 06:05:00+00:00,-614.635,38.074,-576.561
2024-03-04T00:10:00-06:00,2024-03-04 06:10:00+00:00,-692.19,9.424,-682.767
2024-03-04T00:15:00-06:00,2024-03-04 06:15:00+00:00,-581.912,48.713,-533.199
2024-03-04T00:20:00-06:00,2024-03-04 06:20:00+00:00,-529.38,77.242,-452.138
2024-03-04T00:25:00-06:00,2024-03-04 06:25:00+00:00,-503.006,71.758,-431.248
2024-03-04T00:30:00-06:00,2024-03-04 06:30:00+00:00,-492.29,38.308,-453.982
2024-03-04T00:35:00-06:00,2024-03-04 06:35:00+00:00,-514.873,16.006,-498.867
2024-03-04T00:40:00-06:00,2024-03-04 06:40:00+00:00,-590.907,13.65,-577.257
2024-03-04T00:45:00-06:00,2024-03-04 06:45:00+00:00,-600.396,36.798,-563.598
2024-03-04T00:50:00-06:00,2024-03-04 06:50:00+00:00,-582.159,14.145,-568.014
2024-03-04T00:55:00-06:00,2024-03-04 06:55:00+00:00,-570.734,3.154,-567.58
2024-03-04T01:00:00-06:00,2024-03-04 07:00:00+00:00,-398.55,45.472,-353.078
2024-03-04T01:05:00-06:00,2024-03-04 07:05:00+00:00,-334.066,18.571,-315.496
2024-03-04T01:10:00-06:00,2024-03-04 07:10:00+00:00,-399.14,24.5,-374.64
2024-03-04T01:15:00-06:00,2024-03-04 07:15:00+00:00,-276.471,133.338,-143.132
2024-03-04T01:20:00-06:00,2024-03-04 07:20:00+00:00,-258.294,114.512,-143.782
2024-03-04T01:25:00-06:00,2024-03-04 07:25:00+00:00,-323.481,23.465,-300.017
2024-03-04T01:30:00-06:00,2024-03-04 07:30:00+00:00,-297.862,4.963,-292.899
2024-03-04T01:35:00-06:00,2024-03-04 07:35:00+00:00,-263.659,12.922,-250.738
2024-03-04T01:40:00-06:00,2024-03-04 07:40:00+00:00,-209.911,56.703,-153.208
2024-03-04T01:45:00-06:00,2024-03-04 07:45:00+00:00,-239.969,17.194,-222.775
2024-03-04T01:50:00-06:00,2024-03-04 07:50:00+00:00,-351.363,4.573,-346.79
2024-03-04T01:55:00-06:00,2024-03-04 07:55:00+00:00,-278.466,16.989,-261.477
2024-03-04T02:00:00-06:00,2024-03-04 08:00:00+00:00,-162.346,156.129,-6.217
2024-03-04T02:05:00-06:00,2024-03-04 08:05:00+00:00,-246.221,86.259,-159.963
2024-03-04T02:10:00-06:00,2024-03-04 08:10:00+00:00,-250.156,72.314,-177.842
2024-03-04T02:15:00-06:00,2024-03-04 08:15:00+00:00,-245.345,49.937,-195.409
2024-03-04T02:20:00-06:00,2024-03-04 08:20:00+00:00,-287.554,50.533,-237.021
2024-03-04T02:25:00-06:00,2024-03-04 08:25:00+00:00,-266.047,16.207,-249.84
2024-03-04T02:30:00-06:00,2024-03-04 08:30:00+00:00,-235.328,74.625,-160.703
2024-03-04T02:35:00-06:00,2024-03-04 08:35:00+00:00,-204.572,157.89,-46.682
2024-03-04T02:40:00-06:00,2024-03-04 08:40:00+00:00,-388.54,33.986,-354.554
2024-03-04T02:45:00-06:00,2024-03-04 08:45:00+00:00,-421.645,11.769,-409.877
2024-03-04T02:50:00-06:00,2024-03-04 08:50:00+00:00,-247.141,75.518,-171.623
2024-03-04T02:55:00-06:00,2024-03-04 08:55:00+00:00,-216.622,120.046,-96.575
2024-03-04T03:00:00-06:00,2024-03-04 09:00:00+00:00,-210.535,67.851,-142.684
2024-03-04T03:05:00-06:00,2024-03-04 09:05:00+00:00,-147.898,60.455,-87.444
2024-03-04T03:10:00-06:00,2024-03-04 09:10:00+00:00,-160.5,63.073,-97.428
2024-03-04T03:15:00-06:00,2024-03-04 09:15:00+00:00,-180.333,101.888,-78.446
2024-03-04T03:20:00-06:00,2024-03-04 09:20:00+00:00,-166.178,94.337,-71.841
2024-03-04T03:25:00-06:00,2024-03-04 09:25:00+00:00,-161.151,84.033,-77.117
2024-03-04T03:30:00-06:00,2024-03-04 09:30:00+00:00,-218.289,25.082,-193.207
2024-03-04T03:35:00-06:00,2024-03-04 09:35:00+00:00,-221.399,21.617,-199.781
2024-03-04T03:40:00-06:00,2024-03-04 09:40:00+00:00,-266.934,7.073,-259.861
2024-03-04T03:45:00-06:00,2024-03-04 09:45:00+00:00,-351.517,46.402,-305.115
2024-03-04T03:50:00-06:00,2024-03-04 09:50:00+00:00,-425.879,136.772,-289.107
2024-03-04T03:55:00-06:00,2024-03-04 09:55:00+00:00,-319.312,81.605,-237.707
2024-03-04T04:00:00-06:00,2024-03-04 10:00:00+00:00,-268.206,70.165,-198.041
2024-03-04T04:05:00-06:00,2024-03-04 10:05:00+00:00,-327.739,208.819,-118.92
2024-03-04T04:10:00-06:00,2024-03-04 10:10:00+00:00,-328.915,84.837,-244.078
2024-03-04T04:15:00-06:00,2024-03-04 10:15:00+00:00,-298.685,4.479,-294.206
2024-03-04T04:20:00-06:00,2024-03-04 10:20:00+00:00,-178.12,13.799,-164.321
2024-03-04T04:25:00-06:00,2024-03-04 10:25:00+00:00,-173.369,36.292,-137.077
2024-03-04T04:30:00-06:00,2024-03-04 10:30:00+00:00,-213.785,7.974,-205.811
2024-03-04T04:35:00-06:00,2024-03-04 10:35:00+00:00,-113.415,46.917,-66.499
2024-03-04T04:40:00-06:00,2024-03-04 10:40:00+00:00,-98.769,153.002,54.232
2024-03-04T04:45:00-06:00,2024-03-04 10:45:00+00:00,-168.473,86.185,-82.288
2024-03-04T04:50:00-06:00,2024-03-04 10:50:00+00:00,-227.394,26.942,-200.452
2024-03-04T04:55:00-06:00,2024-03-04 10:55:00+00:00,-309.3,26.302,-282.997
2024-03-04T05:00:00-06:00,2024-03-04 11:00:00+00:00,-342.102,16.671,-325.431
2024-03-04T05:05:00-06:00,2024-03-04 11:05:00+00:00,-211.022,27.48,-183.541
2024-03-04T05:10:00-06:00,2024-03-04 11:10:00+00:00,-16.108,215.157,199.048
2024-03-04T05:15:00-06:00,2024-03-04 11:15:00+00:00,-89.08,117.536,28.455
2024-03-04T05:20:00-06:00,2024-03-04 11:20:00+00:00,-310.887,28.212,-282.674
2024-03-04T05:25:00-06:00,2024-03-04 11:25:00+00:00,-200.218,65.753,-134.465
2024-03-04T05:30:00-06:00,2024-03-04 11:30:00+00:00,-145.258,107.281,-37.977
2024-03-04T05:35:00-06:00,2024-03-04 11:35:00+00:00,-90.081,132.584,42.504
2024-03-04T05:40:00-06:00,2024-03-04 11:40:00+00:00,-53.603,137.268,83.665
2024-03-04T05:45:00-06:00,2024-03-04 11:45:00+00:00,-57.708,124.549,66.841
2024-03-04T05:50:00-06:00,2024-03-04 11:50:00+00:00,-23.98,217.38,193.4
2024-03-04T05:55:00-06:00,2024-03-04 11:55:00+00:00,-60.837,96.064,35.227
2024-03-04T06:00:00-06:00,2024-03-04 12:00:00+00:00,-209.316,126.395,-82.921
2024-03-04T06:05:00-06:00,2024-03-04 12:05:00+00:00,-134.8,149.608,14.809
2024-03-04T06:10:00-06:00,2024-03-04 12:10:00+00:00,-28.037,187.778,159.741
2024-03-04T06:15:00-06:00,2024-03-04 12:15:00+00:00,-38.407,306.534,268.127
2024-03-04T06:20:00-06:00,2024-03-04 12:20:00+00:00,-43.913,226.23,182.318
2024-03-04T06:25:00-06:00,2024-03-04 12:25:00+00:00,-9.741,247.432,237.691
2024-03-04T06:30:00-06:00,2024-03-04 12:30:00+00:00,-37.056,277.039,239.983
2024-03-04T06:35:00-06:00,2024-03-04 12:35:00+00:00,-76.912,241.616,164.704
2024-03-04T06:40:00-06:00,2024-03-04 12:40:00+00:00,-96.902,268.107,171.205
2024-03-04T06:45:00-06:00,2024-03-04 12:45:00+00:00,-75.653,214.585,138.932
2024-03-04T06:50:00-06:00,2024-03-04 12:50:00+00:00,-33.952,164.406,130.454
2024-03-04T06:55:00-06:00,2024-03-04 12:55:00+00:00,-128.05,41.34,-86.711
2024-03-04T07:00:00-06:00,2024-03-04 13:00:00+00:00,-125.426,57.686,-67.739
2024-03-04T07:05:00-06:00,2024-03-04 13:05:00+00:00,-20.031,216.783,196.751
2024-03-04T07:10:00-06:00,2024-03-04 13:10:00+00:00,-22.269,329.302,307.033
2024-03-04T07:15:00-06:00,2024-03-04 13:15:00+00:00,-36.277,304.371,268.094
2024-03-04T07:20:00-06:00,2024-03-04 13:20:00+00:00,-88.852,128.564,39.712
2024-03-04T07:25:00-06:00,2024-03-04 13:25:00+00:00,-105.017,50.675,-54.342
2024-03-04T07:30:00-06:00,2024-03-04 13:30:00+00:00,-165.365,22.455,-142.91
2024-03-04T07:35:00-06:00,2024-03-04 13:35:00+00:00,-192.928,10.777,-182.151
2024-03-04T07:40:00-06:00,2024-03-04 13:40:00+00:00,-168.881,67.574,-101.307
2024-03-04T07:45:00-06:00,2024-03-04 13:45:00+00:00,-198.424,67.444,-130.98
2024-03-04T07:50:00-06:00,2024-03-04 13:50:00+00:00,-376.777,9.758,-367.019
2024-03-04T07:55:00-06:00,2024-03-04 13:55:00+00:00,-386.498,10.957,-375.541
2024-03-04T08:00:00-06:00,2024-03-04 14:00:00+00:00,-432.468,22.907,-409.561
2024-03-04T08:05:00-06:00,2024-03-04 14:05:00+00:00,-348.871,31.218,-317.652
2024-03-04T08:10:00-06:00,2024-03-04 14:10:00+00:00,-209.413,120.892,-88.521
2024-03-04T08:15:00-06:00,2024-03-04 14:15:00+00:00,-301.193,61.879,-239.314
2024-03-04T08:20:00-06:00,2024-03-04 14:20:00+00:00,-272.783,93.764,-179.019
2024-03-04T08:25:00-06:00,2024-03-04 14:25:00+00:00,-118.908,315.825,196.917
2024-03-04T08:30:00-06:00,2024-03-04 14:30:00+00:00,-135.25,104.53,-30.72
2024-03-04T08:35:00-06:00,2024-03-04 14:35:00+00:00,-268.912,21.403,-247.508
2024-03-04T08:40:00-06:00,2024-03-04 14:40:00+00:00,-121.038,179.763,58.725
2024-03-04T08:45:00-06:00,2024-03-04 14:45:00+00:00,-114.64,346.228,231.588
2024-03-04T08:50:00-06:00,2024-03-04 14:50:00+00:00,-210.985,184.396,-26.589
2024-03-04T08:55:00-06:00,2024-03-04 14:55:00+00:00,-330.269,12.288,-317.981
2024-03-04T09:00:00-06:00,2024-03-04 15:00:00+00:00,-220.469,19.936,-200.533
2024-03-04T09:05:00-06:00,2024-03-04 15:05:00+00:00,-132.823,37.404,-95.419
2024-03-04T09:10:00-06:00,2024-03-04 15:10:00+00:00,-173.164,14.626,-158.538
2024-03-04T09:15:00-06:00,2024-03-04 15:15:00+00:00,-286.319,14.123,-272.196
2024-03-04T09:20:00-06:00,2024-03-04 15:20:00+00:00,-146.419,85.533,-60.885
2024-03-04T09:25:00-06:00,2024-03-04 15:25:00+00:00,-234.799,11.913,-222.886
2024-03-04T09:30:00-06:00,2024-03-04 15:30:00+00:00,-284.587,6.02,-278.567
2024-03-04T09:35:00-06:00,2024-03-04 15:35:00+00:00,-157.013,61.931,-95.082
2024-03-04T09:40:00-06:00,2024-03-04 15:40:00+00:00,-145.999,242.86,96.861
2024-03-04T09:45:00-06:00,2024-03-04 15:45:00+00:00,-298.204,36.519,-261.684
2024-03-04T09:50:00-06:00,2024-03-04 15:50:00+00:00,-402.975,9.721,-393.253
2024-03-04T09:55:00-06:00,2024-03-04 15:55:00+00:00,-136.64,93.719,-42.921
2024-03-04T10:00:00-06:00,2024-03-04 16:00:00+00:00,-144.141,60.309,-83.832
2024-03-04T10:05:00-06:00,2024-03-04 16:05:00+00:00,-271.844,18.396,-253.448
2024-03-04T10:10:00-06:00,2024-03-04 16:10:00+00:00,-136.539,43.901,-92.638
2024-03-04T10:15:00-06:00,2024-03-04 16:15:00+00:00,-46.682,186.633,139.951
2024-03-04T10:20:00-06:00,2024-03-04 16:20:00+00:00,-63.947,105.201,41.254
2024-03-04T10:25:00-06:00,2024-03-04 16:25:00+00:00,-85.172,33.286,-51.886
2024-03-04T10:30:00-06:00,2024-03-04 16:30:00+00:00,-138.544,10.764,-127.781
2024-03-04T10:35:00-06:00,2024-03-04 16:35:00+00:00,-351.25,11.694,-339.556
2024-03-04T10:40:00-06:00,2024-03-04 16:40:00+00:00,-387.645,97.122,-290.523
2024-03-04T10:45:00-06:00,2024-03-04 16:45:00+00:00,-274.339,272.209,-2.13
2024-03-04T10:50:00-06:00,2024-03-04 16:50:00+00:00,-275.901,350.733,74.832
2024-03-04T10:55:00-06:00,2024-03-04 16:55:00+00:00,-308.768,201.145,-107.623
2024-03-04T11:00:00-06:00,2024-03-04 17:00:00+00:00,-425.69,23.317,-402.373
2024-03-04T11:05:00-06:00,2024-03-04 17:05:00+00:00,-442.691,23.551,-419.139
2024-03-04T11:10:00-06:00,2024-03-04 17:10:00+00:00,-462.162,26.833,-435.329
2024-03-04T11:15:00-06:00,2024-03-04 17:15:00+00:00,-283.151,81.375,-201.776
2024-03-04T11:20:00-06:00,2024-03-04 17:20:00+00:00,-157.697,71.494,-86.203
2024-03-04T11:25:00-06:00,2024-03-04 17:25:00+00:00,-176.773,35.215,-141.558
2024-03-04T11:30:00-06:00,2024-03-04 17:30:00+00:00,-274.165,18.165,-256.0
2024-03-04T11:35:00-06:00,2024-03-04 17:35:00+00:00,-163.073,98.624,-64.449
2024-03-04T11:40:00-06:00,2024-03-04 17:40:00+00:00,-177.247,330.458,153.211
2024-03-04T11:45:00-06:00,2024-03-04 17:45:00+00:00,-228.754,168.749,-60.005
2024-03-04T11:50:00-06:00,2024-03-04 17:50:00+00:00,-258.644,113.689,-144.954
2024-03-04T11:55:00-06:00,2024-03-04 17:55:00+00:00,-232.723,70.734,-161.989
2024-03-04T12:00:00-06:00,2024-03-04 18:00:00+00:00,-248.299,16.232,-232.067
2024-03-04T12:05:00-06:00,2024-03-04 18:05:00+00:00,-315.387,47.999,-267.387
2024-03-04T12:10:00-06:00,2024-03-04 18:10:00+00:00,-153.489,68.231,-85.258
2024-03-04T12:15:00-06:00,2024-03-04 18:15:00+00:00,-258.33,5.398,-252.932
2024-03-04T12:20:00-06:00,2024-03-04 18:20:00+00:00,-163.791,78.063,-85.728
2024-03-04T12:25:00-06:00,2024-03-04 18:25:00+00:00,-48.375,220.173,171.798
2024-03-04T12:30:00-06:00,2024-03-04 18:30:00+00:00,-19.484,396.053,376.569
2024-03-04T12:35:00-06:00,2024-03-04 18:35:00+00:00,-19.462,513.431,493.968
2024-03-04T12:40:00-06:00,2024-03-04 18:40:00+00:00,-71.459,226.669,155.211
2024-03-04T12:45:00-06:00,2024-03-04 18:45:00+00:00,-115.741,128.982,13.241
2024-03-04T12:50:00-06:00,2024-03-04 18:50:00+00:00,-147.971,122.101,-25.871
2024-03-04T12:55:00-06:00,2024-03-04 18:55:00+00:00,-167.367,99.411,-67.956
2024-03-04T13:00:00-06:00,2024-03-04 19:00:00+00:00,-327.002,26.519,-300.483
2024-03-04T13:05:00-06:00,2024-03-04 19:05:00+00:00,-156.007,184.409,28.402
2024-03-04T13:10:00-06:00,2024-03-04 19:10:00+00:00,-150.956,170.196,19.241
2024-03-04T13:15:00-06:00,2024-03-04 19:15:00+00:00,-47.808,189.612,141.804
2024-03-04T13:20:00-06:00,2024-03-04 19:20:00+00:00,-37.892,204.47,166.578
2024-03-04T13:25:00-06:00,2024-03-04 19:25:00+00:00,-117.132,99.089,-18.043
2024-03-04T13:30:00-06:00,2024-03-04 19:30:00+00:00,-211.159,71.637,-139.522
2024-03-04T13:35:00-06:00,2024-03-04 19:35:00+00:00,-314.48,23.322,-291.157
2024-03-04T13:40:00-06:00,2024-03-04 19:40:00+00:00,-331.247,21.667,-309.581
2024-03-04T13:45:00-06:00,2024-03-04 19:45:00+00:00,-248.224,24.405,-223.819
2024-03-04T13:50:00-06:00,2024-03-04 19:50:00+00:00,-283.394,22.241,-261.153
2024-03-04T13:55:00-06:00,2024-03-04 19:55:00+00:00,-136.423,179.322,42.9
2024-03-04T14:00:00-06:00,2024-03-04 20:00:00+00:00,-113.117,387.277,274.159
2024-03-04T14:05:00-06:00,2024-03-04 20:05:00+00:00,-86.609,472.634,386.025
2024-03-04T14:10:00-06:00,2024-03-04 20:10:00+00:00,-83.493,478.823,395.329
2024-03-04T14:15:00-06:00,2024-03-04 20:15:00+00:00,-96.565,371.819,275.255
2024-03-04T14:20:00-06:00,2024-03-04 20:20:00+00:00,-240.343,208.471,-31.873
2024-03-04T14:25:00-06:00,2024-03-04 20:25:00+00:00,-220.344,125.683,-94.661
2024-03-04T14:30:00-06:00,2024-03-04 20:30:00+00:00,-133.199,89.966,-43.233
2024-03-04T14:35:00-06:00,2024-03-04 20:35:00+00:00,-344.969,56.856,-288.112
2024-03-04T14:40:00-06:00,2024-03-04 20:40:00+00:00,-502.131,74.412,-427.719
2024-03-04T14:45:00-06:00,2024-03-04 20:45:00+00:00,-439.006,31.583,-407.424
2024-03-04T14:50:00-06:00,2024-03-04 20:50:00+00:00,-320.262,102.992,-217.27
2024-03-04T14:55:00-06:00,2024-03-04 20:55:00+00:00,-190.909,158.104,-32.805
2024-03-04T15:00:00-06:00,2024-03-04 21:00:00+00:00,-88.629,247.172,158.543
2024-03-04T15:05:00-06:00,2024-03-04 21:05:00+00:00,-27.495,446.341,418.846
2024-03-04T15:10:00-06:00,2024-03-04 21:10:00+00:00,-53.394,601.665,548.271
2024-03-04T15:15:00-06:00,2024-03-04 21:15:00+00:00,-148.83,363.157,214.327
2024-03-04T15:20:00-06:00,2024-03-04 21:20:00+00:00,-261.062,296.039,34.977
2024-03-04T15:25:00-06:00,2024-03-04 21:25:00+00:00,-188.907,324.926,136.019
2024-03-04T15:30:00-06:00,2024-03-04 21:30:00+00:00,-263.639,161.444,-102.196
2024-03-04T15:35:00-06:00,2024-03-04 21:35:00+00:00,-149.527,118.914,-30.614
2024-03-04T15:40:00-06:00,2024-03-04 21:40:00+00:00,-186.02,96.744,-89.276
2024-03-04T15:45:00-06:00,2024-03-04 21:45:00+00:00,-265.652,45.07,-220.582
2024-03-04T15:50:00-06:00,2024-03-04 21:50:00+00:00,-290.395,31.77,-258.625
2024-03-04T15:55:00-06:00,2024-03-04 21:55:00+00:00,-335.307,12.611,-322.696
2024-03-04T16:00:00-06:00,2024-03-04 22:00:00+00:00,-322.081,10.588,-311.493
2024-03-04T16:05:00-06:00,2024-03-04 22:05:00+00:00,-159.08,161.202,2.122
2024-03-04T16:10:00-06:00,2024-03-04 22:10:00+00:00,-131.52,293.861,162.341
2024-03-04T16:15:00-06:00,2024-03-04 22:15:00+00:00,-158.232,174.849,16.617
2024-03-04T16:20:00-06:00,2024-03-04 22:20:00+00:00,-101.748,436.369,334.621
2024-03-04T16:25:00-06:00,2024-03-04 22:25:00+00:00,-176.656,184.47,7.814
2024-03-04T16:30:00-06:00,2024-03-04 22:30:00+00:00,-308.949,147.582,-161.367
2024-03-04T16:35:00-06:00,2024-03-04 22:35:00+00:00,-129.643,243.738,114.095
2024-03-04T16:40:00-06:00,2024-03-04 22:40:00+00:00,-57.526,470.101,412.575
2024-03-04T16:45:00-06:00,2024-03-04 22:45:00+00:00,-95.276,274.682,179.407
2024-03-04T16:50:00-06:00,2024-03-04 22:50:00+00:00,-302.363,96.559,-205.804
2024-03-04T16:55:00-06:00,2024-03-04 22:55:00+00:00,-191.675,227.679,36.004
2024-03-04T17:00:00-06:00,2024-03-04 23:00:00+00:00,-75.866,451.014,375.148
2024-03-04T17:05:00-06:00,2024-03-04 23:05:00+00:00,-212.644,207.775,-4.87
2024-03-04T17:10:00-06:00,2024-03-04 23:10:00+00:00,-492.387,114.759,-377.627
2024-03-04T17:15:00-06:00,2024-03-04 23:15:00+00:00,-526.543,70.018,-456.526
2024-03-04T17:20:00-06:00,2024-03-04 23:20:00+00:00,-310.674,308.645,-2.029
2024-03-04T17:25:00-06:00,2024-03-04 23:25:00+00:00,-164.115,589.317,425.202
2024-03-04T17:30:00-06:00,2024-03-04 23:30:00+00:00,-141.699,514.61,372.911
2024-03-04T17:35:00-06:00,2024-03-04 23:35:00+00:00,-180.622,354.84,174.218
2024-03-04T17:40:00-06:00,2024-03-04 23:40:00+00:00,-214.188,241.644,27.456
2024-03-04T17:45:00-06:00,2024-03-04 23:45:00+00:00,-146.838,199.87,53.032
2024-03-04T17:50:00-06:00,2024-03-04 23:50:00+00:00,-96.224,303.122,206.898
2024-03-04T17:55:00-06:00,2024-03-04 23:55:00+00:00,-47.586,625.819,578.233
2024-03-04T18:00:00-06:00,2024-03-05 00:00:00+00:00,-47.962,704.889,656.927
2024-03-04T18:05:00-06:00,2024-03-05 00:05:00+00:00,-55.608,718.715,663.107
2024-03-04T18:10:00-06:00,2024-03-05 00:10:00+00:00,-61.42,801.669,740.248
2024-03-04T18:15:00-06:00,2024-03-05 00:15:00+00:00,-36.977,964.144,927.167
2024-03-04T18:20:00-06:00,2024-03-05 00:20:00+00:00,-34.338,1036.703,1002.365
2024-03-04T18:25:00-06:00,2024-03-05 00:25:00+00:00,-48.852,870.658,821.806
2024-03-04T18:30:00-06:00,2024-03-05 00:30:00+00:00,-35.147,966.652,931.505
2024-03-04T18:35:00-06:00,2024-03-05 00:35:00+00:00,-24.005,1064.796,1040.79
2024-03-04T18:40:00-06:00,2024-03-05 00:40:00+00:00,-20.061,1012.764,992.704
2024-03-04T18:45:00-06:00,2024-03-05 00:45:00+00:00,-29.432,904.193,874.762
2024-03-04T18:50:00-06:00,2024-03-05 00:50:00+00:00,-38.102,864.89,826.789
2024-03-04T18:55:00-06:00,2024-03-05 00:55:00+00:00,-72.127,705.643,633.516
2024-03-04T19:00:00-06:00,2024-03-05 01:00:00+00:00,-88.527,670.518,581.99
2024-03-04T19:05:00-06:00,2024-03-05 01:05:00+00:00,-77.907,823.807,745.9
2024-03-04T19:10:00-06:00,2024-03-05 01:10:00+00:00,-76.888,780.885,703.997
2024-03-04T19:15:00-06:00,2024-03-05 01:15:00+00:00,-221.587,668.754,447.166
2024-03-04T19:20:00-06:00,2024-03-05 01:20:00+00:00,-331.043,600.402,269.36
2024-03-04T19:25:00-06:00,2024-03-05 01:25:00+00:00,-314.402,574.111,259.71
2024-03-04T19:30:00-06:00,2024-03-05 01:30:00+00:00,-318.031,485.192,167.161
2024-03-04T19:35:00-06:00,2024-03-05 01:35:00+00:00,-298.876,410.299,111.422
2024-03-04T19:40:00-06:00,2024-03-05 01:40:00+00:00,-132.26,646.75,514.49
2024-03-04T19:45:00-06:00,2024-03-05 01:45:00+00:00,-122.493,677.858,555.365
2024-03-04T19:50:00-06:00,2024-03-05 01:50:00+00:00,-100.492,664.418,563.926
2024-03-04T19:55:00-06:00,2024-03-05 01:55:00+00:00,-107.957,570.849,462.892
2024-03-04T20:00:00-06:00,2024-03-05 02:00:00+00:00,-132.026,499.124,367.098
2024-03-04T20:05:00-06:00,2024-03-05 02:05:00+00:00,-122.893,571.091,448.199
2024-03-04T20:10:00-06:00,2024-03-05 02:10:00+00:00,-26.097,668.644,642.547
2024-03-04T20:15:00-06:00,2024-03-05 02:15:00+00:00,-58.738,614.178,555.44
2024-03-04T20:20:00-06:00,2024-03-05 02:20:00+00:00,-93.198,452.38,359.182
2024-03-04T20:25:00-06:00,2024-03-05 02:25:00+00:00,-90.073,366.929,276.857
2024-03-04T20:30:00-06:00,2024-03-05 02:30:00+00:00,-163.897,353.609,189.712
2024-03-04T20:35:00-06:00,2024-03-05 02:35:00+00:00,-237.56,358.284,120.724
2024-03-04T20:40:00-06:00,2024-03-05 02:40:00+00:00,-204.862,404.305,199.443
2024-03-04T20:45:00-06:00,2024-03-05 02:45:00+00:00,-217.717,349.433,131.716
2024-03-04T20:50:00-06:00,2024-03-05 02:50:00+00:00,-195.237,286.368,91.131
2024-03-04T20:55:00-06:00,2024-03-05 02:55:00+00:00,-108.26,240.043,131.783
2024-03-04T21:00:00-06:00,2024-03-05 03:00:00+00:00,-72.057,252.889,180.832
2024-03-04T21:05:00-06:00,2024-03-05 03:05:00+00:00,-211.129,166.017,-45.111
2024-03-04T21:10:00-06:00,2024-03-05 03:10:00+00:00,-427.017,188.844,-238.173
2024-03-04T21:15:00-06:00,2024-03-05 03:15:00+00:00,-287.9,411.89,123.99
2024-03-04T21:20:00-06:00,2024-03-05 03:20:00+00:00,-211.024,450.716,239.693
2024-03-04T21:25:00-06:00,2024-03-05 03:25:00+00:00,-251.219,220.892,-30.327
2024-03-04T21:30:00-06:00,2024-03-05 03:30:00+00:00,-248.025,248.575,0.55
2024-03-04T21:35:00-06:00,2024-03-05 03:35:00+00:00,-224.114,429.83,205.716
2024-03-04T21:40:00-06:00,2024-03-05 03:40:00+00:00,-234.535,218.188,-16.348
2024-03-04T21:45:00-06:00,2024-03-05 03:45:00+00:00,-279.247,174.611,-104.636
2024-03-04T21:50:00-06:00,2024-03-05 03:50:00+00:00,-247.428,174.724,-72.704
2024-03-04T21:55:00-06:00,2024-03-05 03:55:00+00:00,-212.554,146.464,-66.09
2024-03-04T22:00:00-06:00,2024-03-05 04:00:00+00:00,-142.513,184.221,41.709
2024-03-04T22:05:00-06:00,2024-03-05 04:05:00+00:00,-78.132,350.281,272.149
2024-03-04T22:10:00-06:00,2024-03-05 04:10:00+00:00,-109.494,145.492,35.998
2024-03-04T22:15:00-06:00,2024-03-05 04:15:00+00:00,-352.427,63.787,-288.639
2024-03-04T22:20:00-06:00,2024-03-05 04:20:00+00:00,-369.021,90.394,-278.627
2024-03-04T22:25:00-06:00,2024-03-05 04:25:00+00:00,-212.429,150.666,-61.763
2024-03-04T22:30:00-06:00,2024-03-05 04:30:00+00:00,-208.106,192.092,-16.014
2024-03-04T22:35:00-06:00,2024-03-05 04:35:00+00:00,-222.287,108.221,-114.065
2024-03-04T22:40:00-06:00,2024-03-05 04:40:00+00:00,-217.756,86.923,-130.833
2024-03-04T22:45:00-06:00,2024-03-05 04:45:00+00:00,-202.288,115.387,-86.901
2024-03-04T22:50:00-06:00,2024-03-05 04:50:00+00:00,-242.243,95.12,-147.123
2024-03-04T22:55:00-06:00,2024-03-05 04:55:00+00:00,-430.994,47.87,-383.124
2024-03-04T23:00:00-06:00,2024-03-05 05:00:00+00:00,-471.96,63.606,-408.354
2024-03-04T23:05:00-06:00,2024-03-05 05:05:00+00:00,-297.021,196.31,-100.711
2024-03-04T23:10:00-06:00,2024-03-05 05:10:00+00:00,-276.993,228.961,-48.032
2024-03-04T23:15:00-06:00,2024-03-05 05:15:00+00:00,-142.891,215.744,72.852
2024-03-04T23:20:00-06:00,2024-03-05 05:20:00+00:00,-111.07,98.573,-12.497
2024-03-04T23:25:00-06:00,2024-03-05 05:25:00+00:00,-153.349,48.533,-104.816
2024-03-04T23:30:00-06:00,2024-03-05 05:30:00+00:00,-235.873,14.731,-221.143
2024-03-04T23:35:00-06:00,2024-03-05 05:35:00+00:00,-207.843,31.905,-175.938
2024-03-04T23:40:00-06:00,2024-03-05 05:40:00+00:00,-132.196,102.26,-29.937
2024-03-04T23:45:00-06:00,2024-03-05 05:45:00+00:00,-154.219,121.57,-32.649
2024-03-04T23:50:00-06:00,2024-03-05 05:50:00+00:00,-176.791,164.927,-11.863
2024-03-04T23:55:00-06:00,2024-03-05 05:55:00+00:00,-341.242,164.636,-176.606
2024-03-05T00:00:00-06:00,2024-03-05 06:00:00+00:00,-434.235,142.36,-291.875
2024-03-05T00:05:00-06:00,2024-03-05 06:05:00+00:00,-228.274,111.58,-116.695
2024-03-05T00:10:00-06:00,2024-03-05 06:10:00+00:00,-71.788,51.238,-20.55
2024-03-05T00:15:00-06:00,2024-03-05 06:15:00+00:00,-140.409,73.362,-67.048
2024-03-05T00:20:00-06:00,2024-03-05 06:20:00+00:00,-119.332,186.698,67.366
2024-03-05T00:25:00-06:00,2024-03-05 06:25:00+00:00,-135.187,187.827,52.64
2024-03-05T00:30:00-06:00,2024-03-05 06:30:00+00:00,-132.332,133.658,1.326
2024-03-05T00:35:00-06:00,2024-03-05 06:35:00+00:00,-80.816,164.972,84.156
2024-03-05T00:40:00-06:00,2024-03-05 06:40:00+00:00,-94.225,139.356,45.132
2024-03-05T00:45:00-06:00,2024-03-05 06:45:00+00:00,-143.616,134.448,-9.168
2024-03-05T00:50:00-06:00,2024-03-05 06:50:00+00:00,-214.005,152.703,-61.302
2024-03-05T00:55:00-06:00,2024-03-05 06:55:00+00:00,-262.181,169.744,-92.436
2024-03-05T01:00:00-06:00,2024-03-05 07:00:00+00:00,-272.615,134.77,-137.845
2024-03-05T01:05:00-06:00,2024-03-05 07:05:00+00:00,-262.98,97.767,-165.212
2024-03-05T01:10:00-06:00,2024-03-05 07:10:00+00:00,-138.181,104.36,-33.821
2024-03-05T01:15:00-06:00,2024-03-05 07:15:00+00:00,-104.854,54.63,-50.223
2024-03-05T01:20:00-06:00,2024-03-05 07:20:00+00:00,-202.537,72.472,-130.065
2024-03-05T01:25:00-06:00,2024-03-05 07:25:00+00:00,-229.146,107.341,-121.805
2024-03-05T01:30:00-06:00,2024-03-05 07:30:00+00:00,-271.721,67.246,-204.475
2024-03-05T01:35:00-06:00,2024-03-05 07:35:00+00:00,-353.576,54.801,-298.775
2024-03-05T01:40:00-06:00,2024-03-05 07:40:00+00:00,-278.407,114.954,-163.453
2024-03-05T01:45:00-06:00,2024-03-05 07:45:00+00:00,-206.799,73.305,-133.494
2024-03-05T01:50:00-06:00,2024-03-05 07:50:00+00:00,-210.071,38.611,-171.461
2024-03-05T01:55:00-06:00,2024-03-05 07:55:00+00:00,-161.781,117.569,-44.212
2024-03-05T02:00:00-06:00,2024-03-05 08:00:00+00:00,-144.398,215.525,71.126
2024-03-05T02:05:00-06:00,2024-03-05 08:05:00+00:00,-146.528,269.837,123.309
2024-03-05T02:10:00-06:00,2024-03-05 08:10:00+00:00,-297.346,121.078,-176.267
2024-03-05T02:15:00-06:00,2024-03-05 08:15:00+00:00,-364.264,15.201,-349.062
2024-03-05T02:20:00-06:00,2024-03-05 08:20:00+00:00,-371.026,80.404,-290.622
2024-03-05T02:25:00-06:00,2024-03-05 08:25:00+00:00,-403.946,123.75,-280.195
2024-03-05T02:30:00-06:00,2024-03-05 08:30:00+00:00,-315.047,247.129,-67.918
2024-03-05T02:35:00-06:00,2024-03-05 08:35:00+00:00,-298.718,173.283,-125.435
2024-03-05T02:40:00-06:00,2024-03-05 08:40:00+00:00,-366.366,55.887,-310.479
2024-03-05T02:45:00-06:00,2024-03-05 08:45:00+00:00,-477.836,14.688,-463.147
2024-03-05T02:50:00-06:00,2024-03-05 08:50:00+00:00,-509.025,16.953,-492.073
2024-03-05T02:55:00-06:00,2024-03-05 08:55:00+00:00,-446.198,62.46,-383.738
2024-03-05T03:00:00-06:00,2024-03-05 09:00:00+00:00,-367.733,34.689,-333.044
2024-03-05T03:05:00-06:00,2024-03-05 09:05:00+00:00,-219.289,114.42,-104.869
2024-03-05T03:10:00-06:00,2024-03-05 09:10:00+00:00,-175.514,146.742,-28.772
2024-03-05T03:15:00-06:00,2024-03-05 09:15:00+00:00,-152.497,44.784,-107.713
2024-03-05T03:20:00-06:00,2024-03-05 09:20:00+00:00,-124.698,52.944,-71.754
2024-03-05T03:25:00-06:00,2024-03-05 09:25:00+00:00,-88.571,43.241,-45.33
2024-03-05T03:30:00-06:00,2024-03-05 09:30:00+00:00,-227.698,2.555,-225.144
2024-03-05T03:35:00-06:00,2024-03-05 09:35:00+00:00,-260.284,16.431,-243.853
2024-03-05T03:40:00-06:00,2024-03-05 09:40:00+00:00,-261.144,39.931,-221.213
2024-03-05T03:45:00-06:00,2024-03-05 09:45:00+00:00,-313.836,28.298,-285.538
2024-03-05T03:50:00-06:00,2024-03-05 09:50:00+00:00,-288.3,22.438,-265.862
2024-03-05T03:55:00-06:00,2024-03-05 09:55:00+00:00,-301.767,12.706,-289.061
2024-03-05T04:00:00-06:00,2024-03-05 10:00:00+00:00,-296.158,30.219,-265.939
2024-03-05T04:05:00-06:00,2024-03-05 10:05:00+00:00,-310.734,44.218,-266.516
2024-03-05T04:10:00-06:00,2024-03-05 10:10:00+00:00,-320.047,11.451,-308.596
2024-03-05T04:15:00-06:00,2024-03-05 10:15:00+00:00,-267.366,9.08,-258.286
2024-03-05T04:20:00-06:00,2024-03-05 10:20:00+00:00,-229.698,1.881,-227.818
2024-03-05T04:25:00-06:00,2024-03-05 10:25:00+00:00,-200.427,23.289,-177.138
2024-03-05T04:30:00-06:00,2024-03-05 10:30:00+00:00,-170.984,114.124,-56.86
2024-03-05T04:35:00-06:00,2024-03-05 10:35:00+00:00,-126.048,165.748,39.699
2024-03-05T04:40:00-06:00,2024-03-05 10:40:00+00:00,-68.479,187.029,118.55
2024-03-05T04:45:00-06:00,2024-03-05 10:45:00+00:00,-141.56,106.82,-34.74
2024-03-05T04:50:00-06:00,2024-03-05 10:50:00+00:00,-306.793,53.262,-253.531
2024-03-05T04:55:00-06:00,2024-03-05 10:55:00+00:00,-464.562,18.881,-445.681
2024-03-05T05:00:00-06:00,2024-03-05 11:00:00+00:00,-536.02,28.532,-507.488
2024-03-05T05:05:00-06:00,2024-03-05 11:05:00+00:00,-480.996,99.25,-381.746
2024-03-05T05:10:00-06:00,2024-03-05 11:10:00+00:00,-265.455,188.998,-76.458
2024-03-05T05:15:00-06:00,2024-03-05 11:15:00+00:00,-302.38,60.134,-242.246
2024-03-05T05:20:00-06:00,2024-03-05 11:20:00+00:00,-319.221,69.679,-249.542
2024-03-05T05:25:00-06:00,2024-03-05 11:25:00+00:00,-272.317,67.065,-205.252
2024-03-05T05:30:00-06:00,2024-03-05 11:30:00+00:00,-226.613,82.357,-144.256
2024-03-05T05:35:00-06:00,2024-03-05 11:35:00+00:00,-230.516,98.244,-132.273
2024-03-05T05:40:00-06:00,2024-03-05 11:40:00+00:00,-281.285,87.348,-193.937
2024-03-05T05:45:00-06:00,2024-03-05 11:45:00+00:00,-278.876,126.082,-152.794
2024-03-05T05:50:00-06:00,2024-03-05 11:50:00+00:00,-261.043,156.136,-104.907
2024-03-05T05:55:00-06:00,2024-03-05 11:55:00+00:00,-351.703,157.578,-194.125
2024-03-05T06:00:00-06:00,2024-03-05 12:00:00+00:00,-305.379,144.557,-160.822
2024-03-05T06:05:00-06:00,2024-03-05 12:05:00+00:00,-181.37,47.18,-134.19
2024-03-05T06:10:00-06:00,2024-03-05 12:10:00+00:00,-54.047,82.503,28.456
2024-03-05T06:15:00-06:00,2024-03-05 12:15:00+00:00,-43.337,347.326,303.989
2024-03-05T06:20:00-06:00,2024-03-05 12:20:00+00:00,-35.479,370.008,334.529
2024-03-05T06:25:00-06:00,2024-03-05 12:25:00+00:00,-59.07,216.376,157.306
2024-03-05T06:30:00-06:00,2024-03-05 12:30:00+00:00,-38.664,126.045,87.382
2024-03-05T06:35:00-06:00,2024-03-05 12:35:00+00:00,-46.276,101.243,54.967
2024-03-05T06:40:00-06:00,2024-03-05 12:40:00+00:00,-18.628,206.255,187.628
2024-03-05T06:45:00-06:00,2024-03-05 12:45:00+00:00,-26.527,179.865,153.338
2024-03-05T06:50:00-06:00,2024-03-05 12:50:00+00:00,-62.073,115.544,53.471
2024-03-05T06:55:00-06:00,2024-03-05 12:55:00+00:00,-87.545,33.735,-53.811
2024-03-05T07:00:00-06:00,2024-03-05 13:00:00+00:00,-49.26,120.753,71.492
2024-03-05T07:05:00-06:00,2024-03-05 13:05:00+00:00,-38.108,352.999,314.891
2024-03-05T07:10:00-06:00,2024-03-05 13:10:00+00:00,-21.242,450.664,429.422
2024-03-05T07:15:00-06:00,2024-03-05 13:15:00+00:00,-40.005,210.245,170.24
2024-03-05T07:20:00-06:00,2024-03-05 13:20:00+00:00,-90.353,86.981,-3.372
2024-03-05T07:25:00-06:00,2024-03-05 13:25:00+00:00,-184.75,19.822,-164.928
2024-03-05T07:30:00-06:00,2024-03-05 13:30:00+00:00,-272.469,9.033,-263.437
2024-03-05T07:35:00-06:00,2024-03-05 13:35:00+00:00,-433.227,8.191,-425.036
2024-03-05T07:40:00-06:00,2024-03-05 13:40:00+00:00,-493.411,27.989,-465.422
2024-03-05T07:45:00-06:00,2024-03-05 13:45:00+00:00,-363.67,73.01,-290.66
2024-03-05T07:50:00-06:00,2024-03-05 13:50:00+00:00,-242.916,80.285,-162.631
2024-03-05T07:55:00-06:00,2024-03-05 13:55:00+00:00,-218.419,85.522,-132.897
2024-03-05T08:00:00-06:00,2024-03-05 14:00:00+00:00,-202.047,78.774,-123.273
2024-03-05T08:05:00-06:00,2024-03-05 14:05:00+00:00,-283.908,31.6,-252.307
2024-03-05T08:10:00-06:00,2024-03-05 14:10:00+00:00,-409.316,11.646,-397.671
2024-03-05T08:15:00-06:00,2024-03-05 14:15:00+00:00,-588.521,10.976,-577.544
2024-03-05T08:20:00-06:00,2024-03-05 14:20:00+00:00,-825.473,41.572,-783.901
2024-03-05T08:25:00-06:00,2024-03-05 14:25:00+00:00,-831.009,81.402,-749.607
2024-03-05T08:30:00-06:00,2024-03-05 14:30:00+00:00,-892.963,83.39,-809.573
2024-03-05T08:35:00-06:00,2024-03-05 14:35:00+00:00,-898.993,84.575,-814.418
2024-03-05T08:40:00-06:00,2024-03-05 14:40:00+00:00,-896.375,89.486,-806.889
2024-03-05T08:45:00-06:00,2024-03-05 14:45:00+00:00,-788.432,127.267,-661.165
2024-03-05T08:50:00-06:00,2024-03-05 14:50:00+00:00,-732.765,198.235,-534.531
2024-03-05T08:55:00-06:00,2024-03-05 14:55:00+00:00,-876.348,88.299,-788.049
2024-03-05T09:00:00-06:00,2024-03-05 15:00:00+00:00,-994.992,54.715,-940.277
2024-03-05T09:05:00-06:00,2024-03-05 15:05:00+00:00,-759.406,37.501,-721.905
2024-03-05T09:10:00-06:00,2024-03-05 15:10:00+00:00,-526.395,45.712,-480.684
2024-03-05T09:15:00-06:00,2024-03-05 15:15:00+00:00,-474.664,105.56,-369.104
2024-03-05T09:20:00-06:00,2024-03-05 15:20:00+00:00,-383.473,169.852,-213.62
2024-03-05T09:25:00-06:00,2024-03-05 15:25:00+00:00,-430.321,89.963,-340.358
2024-03-05T09:30:00-06:00,2024-03-05 15:30:00+00:00,-535.9,66.685,-469.214
2024-03-05T09:35:00-06:00,2024-03-05 15:35:00+00:00,-522.293,70.422,-451.871
2024-03-05T09:40:00-06:00,2024-03-05 15:40:00+00:00,-534.638,80.334,-454.304
2024-03-05T09:45:00-06:00,2024-03-05 15:45:00+00:00,-455.114,126.374,-328.74
2024-03-05T09:50:00-06:00,2024-03-05 15:50:00+00:00,-439.013,108.192,-330.822
2024-03-05T09:55:00-06:00,2024-03-05 15:55:00+00:00,-428.662,83.748,-344.915
2024-03-05T10:00:00-06:00,2024-03-05 16:00:00+00:00,-474.485,38.122,-436.363
2024-03-05T10:05:00-06:00,2024-03-05 16:05:00+00:00,-445.65,30.173,-415.476
2024-03-05T10:10:00-06:00,2024-03-05 16:10:00+00:00,-431.785,38.875,-392.91
2024-03-05T10:15:00-06:00,2024-03-05 16:15:00+00:00,-463.285,38.15,-425.135
2024-03-05T10:20:00-06:00,2024-03-05 16:20:00+00:00,-462.455,57.414,-405.041
2024-03-05T10:25:00-06:00,2024-03-05 16:25:00+00:00,-374.189,74.341,-299.849
2024-03-05T10:30:00-06:00,2024-03-05 16:30:00+00:00,-357.2,131.988,-225.212
2024-03-05T10:35:00-06:00,2024-03-05 16:35:00+00:00,-361.159,130.594,-230.564
2024-03-05T10:40:00-06:00,2024-03-05 16:40:00+00:00,-412.62,70.623,-341.996
2024-03-05T10:45:00-06:00,2024-03-05 16:45:00+00:00,-360.621,71.935,-288.687
2024-03-05T10:50:00-06:00,2024-03-05 16:50:00+00:00,-273.371,130.224,-143.147
2024-03-05T10:55:00-06:00,2024-03-05 16:55:00+00:00,-257.493,241.995,-15.498
2024-03-05T11:00:00-06:00,2024-03-05 17:00:00+00:00,-285.651,96.849,-188.802
2024-03-05T11:05:00-06:00,2024-03-05 17:05:00+00:00,-231.093,129.768,-101.325
2024-03-05T11:10:00-06:00,2024-03-05 17:10:00+00:00,-181.273,152.172,-29.102
2024-03-05T11:15:00-06:00,2024-03-05 17:15:00+00:00,-244.367,31.978,-212.389
2024-03-05T11:20:00-06:00,2024-03-05 17:20:00+00:00,-283.037,20.582,-262.454
2024-03-05T11:25:00-06:00,2024-03-05 17:25:00+00:00,-263.434,57.532,-205.902
2024-03-05T11:30:00-06:00,2024-03-05 17:30:00+00:00,-175.289,147.334,-27.955
2024-03-05T11:35:00-06:00,2024-03-05 17:35:00+00:00,-145.834,212.113,66.278
2024-03-05T11:40:00-06:00,2024-03-05 17:40:00+00:00,-156.926,174.345,17.419
2024-03-05T11:45:00-06:00,2024-03-05 17:45:00+00:00,-202.017,66.707,-135.309
2024-03-05T11:50:00-06:00,2024-03-05 17:50:00+00:00,-197.194,93.436,-103.758
2024-03-05T11:55:00-06:00,2024-03-05 17:55:00+00:00,-155.534,280.608,125.074
2024-03-05T12:00:00-06:00,2024-03-05 18:00:00+00:00,-183.577,139.726,-43.851
2024-03-05T12:05:00-06:00,2024-03-05 18:05:00+00:00,-237.074,24.972,-212.102
2024-03-05T12:10:00-06:00,2024-03-05 18:10:00+00:00,-275.448,16.896,-258.552
2024-03-05T12:15:00-06:00,2024-03-05 18:15:00+00:00,-169.608,29.945,-139.662
2024-03-05T12:20:00-06:00,2024-03-05 18:20:00+00:00,-117.269,50.119,-67.151
2024-03-05T12:25:00-06:00,2024-03-05 18:25:00+00:00,-111.364,109.137,-2.226
2024-03-05T12:30:00-06:00,2024-03-05 18:30:00+00:00,-160.138,16.977,-143.161
2024-03-05T12:35:00-06:00,2024-03-05 18:35:00+00:00,-131.475,70.324,-61.151
2024-03-05T12:40:00-06:00,2024-03-05 18:40:00+00:00,-153.187,198.455,45.268
2024-03-05T12:45:00-06:00,2024-03-05 18:45:00+00:00,-244.248,119.012,-125.237
2024-03-05T12:50:00-06:00,2024-03-05 18:50:00+00:00,-242.582,130.875,-111.707
2024-03-05T12:55:00-06:00,2024-03-05 18:55:00+00:00,-172.943,297.573,124.63
2024-03-05T13:00:00-06:00,2024-03-05 19:00:00+00:00,-148.273,225.126,76.854
2024-03-05T13:05:00-06:00,2024-03-05 19:05:00+00:00,-101.34,170.195,68.854
2024-03-05T13:10:00-06:00,2024-03-05 19:10:00+00:00,-84.171,218.795,134.624
2024-03-05T13:15:00-06:00,2024-03-05 19:15:00+00:00,-102.485,281.203,178.718
2024-03-05T13:20:00-06:00,2024-03-05 19:20:00+00:00,-122.631,224.34,101.709
2024-03-05T13:25:00-06:00,2024-03-05 19:25:00+00:00,-149.548,165.128,15.58
2024-03-05T13:30:00-06:00,2024-03-05 19:30:00+00:00,-219.829,87.854,-131.975
2024-03-05T13:35:00-06:00,2024-03-05 19:35:00+00:00,-267.83,209.883,-57.947
2024-03-05T13:40:00-06:00,2024-03-05 19:40:00+00:00,-289.088,144.17,-144.918
2024-03-05T13:45:00-06:00,2024-03-05 19:45:00+00:00,-440.646,4.869,-435.777
2024-03-05T13:50:00-06:00,2024-03-05 19:50:00+00:00,-368.831,37.718,-331.113
2024-03-05T13:55:00-06:00,2024-03-05 19:55:00+00:00,-297.575,36.143,-261.432
2024-03-05T14:00:00-06:00,2024-03-05 20:00:00+00:00,-318.294,70.079,-248.215
2024-03-05T14:05:00-06:00,2024-03-05 20:05:00+00:00,-542.582,48.937,-493.645
2024-03-05T14:10:00-06:00,2024-03-05 20:10:00+00:00,-681.958,9.971,-671.987
2024-03-05T14:15:00-06:00,2024-03-05 20:15:00+00:00,-564.986,6.201,-558.785
2024-03-05T14:20:00-06:00,2024-03-05 20:20:00+00:00,-277.378,67.072,-210.307
2024-03-05T14:25:00-06:00,2024-03-05 20:25:00+00:00,-167.17,56.162,-111.008
2024-03-05T14:30:00-06:00,2024-03-05 20:30:00+00:00,-246.379,18.733,-227.646
2024-03-05T14:35:00-06:00,2024-03-05 20:35:00+00:00,-190.302,19.401,-170.901
2024-03-05T14:40:00-06:00,2024-03-05 20:40:00+00:00,-249.863,20.001,-229.862
2024-03-05T14:45:00-06:00,2024-03-05 20:45:00+00:00,-90.478,75.548,-14.93
2024-03-05T14:50:00-06:00,2024-03-05 20:50:00+00:00,-91.3,61.502,-29.798
2024-03-05T14:55:00-06:00,2024-03-05 20:55:00+00:00,-167.029,53.79,-113.239
2024-03-05T15:00:00-06:00,2024-03-05 21:00:00+00:00,-85.361,58.925,-26.436
2024-03-05T15:05:00-06:00,2024-03-05 21:05:00+00:00,-125.236,24.255,-100.981
2024-03-05T15:10:00-06:00,2024-03-05 21:10:00+00:00,-139.468,22.784,-116.684
2024-03-05T15:15:00-06:00,2024-03-05 21:15:00+00:00,-117.337,24.01,-93.327
2024-03-05T15:20:00-06:00,2024-03-05 21:20:00+00:00,-242.36,12.68,-229.68
2024-03-05T15:25:00-06:00,2024-03-05 21:25:00+00:00,-202.398,20.144,-182.254
2024-03-05T15:30:00-06:00,2024-03-05 21:30:00+00:00,-192.176,36.948,-155.228
2024-03-05T15:35:00-06:00,2024-03-05 21:35:00+00:00,-177.766,65.744,-112.022
2024-03-05T15:40:00-06:00,2024-03-05 21:40:00+00:00,-73.492,154.62,81.128
2024-03-05T15:45:00-06:00,2024-03-05 21:45:00+00:00,-139.304,63.577,-75.726
2024-03-05T15:50:00-06:00,2024-03-05 21:50:00+00:00,-67.062,253.922,186.86
2024-03-05T15:55:00-06:00,2024-03-05 21:55:00+00:00,-89.765,165.939,76.173
2024-03-05T16:00:00-06:00,2024-03-05 22:00:00+00:00,-115.661,119.355,3.694
2024-03-05T16:05:00-06:00,2024-03-05 22:05:00+00:00,-166.36,64.878,-101.482
2024-03-05T16:10:00-06:00,2024-03-05 22:10:00+00:00,-294.723,8.479,-286.245
2024-03-05T16:15:00-06:00,2024-03-05 22:15:00+00:00,-246.672,12.044,-234.629
2024-03-05T16:20:00-06:00,2024-03-05 22:20:00+00:00,-169.164,8.578,-160.587
2024-03-05T16:25:00-06:00,2024-03-05 22:25:00+00:00,-176.249,5.684,-170.565
2024-03-05T16:30:00-06:00,2024-03-05 22:30:00+00:00,-240.568,18.436,-222.132
2024-03-05T16:35:00-06:00,2024-03-05 22:35:00+00:00,-124.491,56.305,-68.185
2024-03-05T16:40:00-06:00,2024-03-05 22:40:00+00:00,-151.871,52.188,-99.684
2024-03-05T16:45:00-06:00,2024-03-05 22:45:00+00:00,-155.664,103.391,-52.273
2024-03-05T16:50:00-06:00,2024-03-05 22:50:00+00:00,-62.011,162.126,100.115
2024-03-05T16:55:00-06:00,2024-03-05 22:55:00+00:00,-64.741,107.108,42.367
2024-03-05T17:00:00-06:00,2024-03-05 23:00:00+00:00,-191.22,72.151,-119.069
2024-03-05T17:05:00-06:00,2024-03-05 23:05:00+00:00,-260.74,60.744,-199.996
2024-03-05T17:10:00-06:00,2024-03-05 23:10:00+00:00,-250.627,18.808,-231.819
2024-03-05T17:15:00-06:00,2024-03-05 23:15:00+00:00,-120.095,81.542,-38.553
2024-03-05T17:20:00-06:00,2024-03-05 23:20:00+00:00,-8.91,511.721,502.811
2024-03-05T17:25:00-06:00,2024-03-05 23:25:00+00:00,-21.686,560.17,538.484
2024-03-05T17:30:00-06:00,2024-03-05 23:30:00+00:00,-50.582,272.068,221.486
2024-03-05T17:35:00-06:00,2024-03-05 23:35:00+00:00,-190.635,54.08,-136.555
2024-03-05T17:40:00-06:00,2024-03-05 23:40:00+00:00,-212.916,104.155,-108.76
2024-03-05T17:45:00-06:00,2024-03-05 23:45:00+00:00,-102.429,101.68,-0.749
2024-03-05T17:50:00-06:00,2024-03-05 23:50:00+00:00,-57.39,149.603,92.213
2024-03-05T17:55:00-06:00,2024-03-05 23:55:00+00:00,-38.819,263.332,224.513
2024-03-05T18:00:00-06:00,2024-03-06 00:00:00+00:00,-114.85,263.845,148.995
2024-03-05T18:05:00-06:00,2024-03-06 00:05:00+00:00,-334.212,498.242,164.03
2024-03-05T18:10:00-06:00,2024-03-06 00:10:00+00:00,-291.571,553.273,261.703
2024-03-05T18:15:00-06:00,2024-03-06 00:15:00+00:00,-153.039,573.717,420.678
2024-03-05T18:20:00-06:00,2024-03-06 00:20:00+00:00,-58.97,764.422,705.452
2024-03-05T18:25:00-06:00,2024-03-06 00:25:00+00:00,-122.871,717.441,594.57
2024-03-05T18:30:00-06:00,2024-03-06 00:30:00+00:00,-220.876,739.715,518.839
2024-03-05T18:35:00-06:00,2024-03-06 00:35:00+00:00,-211.017,726.697,515.68
2024-03-05T18:40:00-06:00,2024-03-06 00:40:00+00:00,-209.504,731.666,522.161
2024-03-05T18:45:00-06:00,2024-03-06 00:45:00+00:00,-181.277,714.726,533.449
2024-03-05T18:50:00-06:00,2024-03-06 00:50:00+00:00,-155.493,742.756,587.264
2024-03-05T18:55:00-06:00,2024-03-06 00:55:00+00:00,-137.422,714.141,576.719
2024-03-05T19:00:00-06:00,2024-03-06 01:00:00+00:00,-113.54,674.011,560.471
2024-03-05T19:05:00-06:00,2024-03-06 01:05:00+00:00,-180.153,690.108,509.955
2024-03-05T19:10:00-06:00,2024-03-06 01:10:00+00:00,-163.979,742.652,578.673
2024-03-05T19:15:00-06:00,2024-03-06 01:15:00+00:00,-150.398,671.197,520.799
2024-03-05T19:20:00-06:00,2024-03-06 01:20:00+00:00,-70.554,664.469,593.916
2024-03-05T19:25:00-06:00,2024-03-06 01:25:00+00:00,-107.739,661.514,553.775
2024-03-05T19:30:00-06:00,2024-03-06 01:30:00+00:00,-124.135,623.149,499.014
2024-03-05T19:35:00-06:00,2024-03-06 01:35:00+00:00,-131.136,573.718,442.583
2024-03-05T19:40:00-06:00,2024-03-06 01:40:00+00:00,-129.457,558.312,428.855
2024-03-05T19:45:00-06:00,2024-03-06 01:45:00+00:00,-112.36,522.733,410.373
2024-03-05T19:50:00-06:00,2024-03-06 01:50:00+00:00,-159.296,442.864,283.568
2024-03-05T19:55:00-06:00,2024-03-06 01:55:00+00:00,-91.984,474.933,382.949
2024-03-05T20:00:00-06:00,2024-03-06 02:00:00+00:00,-72.541,520.015,447.474
2024-03-05T20:05:00-06:00,2024-03-06 02:05:00+00:00,-108.41,527.744,419.334
2024-03-05T20:10:00-06:00,2024-03-06 02:10:00+00:00,-72.639,429.329,356.69
2024-03-05T20:15:00-06:00,2024-03-06 02:15:00+00:00,-57.586,367.456,309.871
2024-03-05T20:20:00-06:00,2024-03-06 02:20:00+00:00,-44.434,342.42,297.986
2024-03-05T20:25:00-06:00,2024-03-06 02:25:00+00:00,-23.41,354.034,330.624
2024-03-05T20:30:00-06:00,2024-03-06 02:30:00+00:00,-56.976,268.174,211.199
2024-03-05T20:35:00-06:00,2024-03-06 02:35:00+00:00,-91.425,236.581,145.157
2024-03-05T20:40:00-06:00,2024-03-06 02:40:00+00:00,-101.741,227.735,125.995
2024-03-05T20:45:00-06:00,2024-03-06 02:45:00+00:00,-108.421,247.875,139.455
2024-03-05T20:50:00-06:00,2024-03-06 02:50:00+00:00,-88.657,341.778,253.121
2024-03-05T20:55:00-06:00,2024-03-06 02:55:00+00:00,-89.313,398.444,309.131
2024-03-05T21:00:00-06:00,2024-03-06 03:00:00+00:00,-97.365,331.062,233.697
2024-03-05T21:05:00-06:00,2024-03-06 03:05:00+00:00,-94.841,389.986,295.145
2024-03-05T21:10:00-06:00,2024-03-06 03:10:00+00:00,-101.137,302.392,201.254
2024-03-05T21:15:00-06:00,2024-03-06 03:15:00+00:00,-67.558,389.439,321.881
2024-03-05T21:20:00-06:00,2024-03-06 03:20:00+00:00,-37.535,380.21,342.675
2024-03-05T21:25:00-06:00,2024-03-06 03:25:00+00:00,-59.759,342.963,283.204
2024-03-05T21:30:00-06:00,2024-03-06 03:30:00+00:00,-77.73,283.241,205.511
2024-03-05T21:35:00-06:00,2024-03-06 03:35:00+00:00,-75.06,233.076,158.017
2024-03-05T21:40:00-06:00,2024-03-06 03:40:00+00:00,-85.565,217.912,132.347
2024-03-05T21:45:00-06:00,2024-03-06 03:45:00+00:00,-93.756,212.03,118.273
2024-03-05T21:50:00-06:00,2024-03-06 03:50:00+00:00,-102.134,216.799,114.665
2024-03-05T21:55:00-06:00,2024-03-06 03:55:00+00:00,-93.144,179.472,86.328
2024-03-05T22:00:00-06:00,2024-03-06 04:00:00+00:00,-58.188,206.31,148.122
2024-03-05T22:05:00-06:00,2024-03-06 04:05:00+00:00,-21.134,338.014,316.879
2024-03-05T22:10:00-06:00,2024-03-06 04:10:00+00:00,-47.632,255.282,207.65
2024-03-05T22:15:00-06:00,2024-03-06 04:15:00+00:00,-108.643,75.514,-33.13
2024-03-05T22:20:00-06:00,2024-03-06 04:20:00+00:00,-120.488,64.988,-55.499
2024-03-05T22:25:00-06:00,2024-03-06 04:25:00+00:00,-113.4,80.366,-33.034
2024-03-05T22:30:00-06:00,2024-03-06 04:30:00+00:00,-29.466,161.786,132.32
2024-03-05T22:35:00-06:00,2024-03-06 04:35:00+00:00,-22.638,238.117,215.479
2024-03-05T22:40:00-06:00,2024-03-06 04:40:00+00:00,-53.082,86.963,33.88
2024-03-05T22:45:00-06:00,2024-03-06 04:45:00+00:00,-99.129,47.344,-51.785
2024-03-05T22:50:00-06:00,2024-03-06 04:50:00+00:00,-86.689,47.075,-39.614
2024-03-05T22:55:00-06:00,2024-03-06 04:55:00+00:00,-56.665,68.9,12.235
2024-03-05T23:00:00-06:00,2024-03-06 05:00:00+00:00,-54.777,79.529,24.752
2024-03-05T23:05:00-06:00,2024-03-06 05:05:00+00:00,-132.146,36.4,-95.745
2024-03-05T23:10:00-06:00,2024-03-06 05:10:00+00:00,-148.395,58.833,-89.562
2024-03-05T23:15:00-06:00,2024-03-06 05:15:00+00:00,-108.873,84.5,-24.373
2024-03-05T23:20:00-06:00,2024-03-06 05:20:00+00:00,-64.132,135.321,71.189
2024-03-05T23:25:00-06:00,2024-03-06 05:25:00+00:00,-50.557,149.669,99.112
2024-03-05T23:30:00-06:00,2024-03-06 05:30:00+00:00,-164.629,48.64,-115.989
2024-03-05T23:35:00-06:00,2024-03-06 05:35:00+00:00,-174.213,34.739,-139.474
2024-03-05T23:40:00-06:00,2024-03-06 05:40:00+00:00,-50.651,90.018,39.367
2024-03-05T23:45:00-06:00,2024-03-06 05:45:00+00:00,-64.531,90.036,25.505
2024-03-05T23:50:00-06:00,2024-03-06 05:50:00+00:00,-136.631,40.943,-95.688
2024-03-05T23:55:00-06:00,2024-03-06 05:55:00+00:00,-142.303,46.958,-95.345
2024-03-06T00:00:00-06:00,2024-03-06 06:00:00+00:00,-70.964,67.302,-3.662
2024-03-06T00:05:00-06:00,2024-03-06 06:05:00+00:00,-120.304,123.707,3.402
2024-03-06T00:10:00-06:00,2024-03-06 06:10:00+00:00,-190.124,224.555,34.43
2024-03-06T00:15:00-06:00,2024-03-06 06:15:00+00:00,-210.874,179.844,-31.031
2024-03-06T00:20:00-06:00,2024-03-06 06:20:00+00:00,-189.921,157.238,-32.682
2024-03-06T00:25:00-06:00,2024-03-06 06:25:00+00:00,-123.69,196.612,72.922
2024-03-06T00:30:00-06:00,2024-03-06 06:30:00+00:00,-61.996,180.991,118.996
2024-03-06T00:35:00-06:00,2024-03-06 06:35:00+00:00,-73.088,162.832,89.744
2024-03-06T00:40:00-06:00,2024-03-06 06:40:00+00:00,-159.554,133.901,-25.653
2024-03-06T00:45:00-06:00,2024-03-06 06:45:00+00:00,-185.943,165.871,-20.072
2024-03-06T00:50:00-06:00,2024-03-06 06:50:00+00:00,-171.99,147.224,-24.766
2024-03-06T00:55:00-06:00,2024-03-06 06:55:00+00:00,-105.138,197.41,92.272
2024-03-06T01:00:00-06:00,2024-03-06 07:00:00+00:00,-95.693,199.288,103.596
2024-03-06T01:05:00-06:00,2024-03-06 07:05:00+00:00,-138.276,182.191,43.915
2024-03-06T01:10:00-06:00,2024-03-06 07:10:00+00:00,-248.788,121.502,-127.285
2024-03-06T01:15:00-06:00,2024-03-06 07:15:00+00:00,-293.783,107.075,-186.708
2024-03-06T01:20:00-06:00,2024-03-06 07:20:00+00:00,-335.607,95.078,-240.529
2024-03-06T01:25:00-06:00,2024-03-06 07:25:00+00:00,-426.739,42.912,-383.827
2024-03-06T01:30:00-06:00,2024-03-06 07:30:00+00:00,-435.916,22.897,-413.019
2024-03-06T01:35:00-06:00,2024-03-06 07:35:00+00:00,-365.633,95.97,-269.663
2024-03-06T01:40:00-06:00,2024-03-06 07:40:00+00:00,-389.428,158.669,-230.758
2024-03-06T01:45:00-06:00,2024-03-06 07:45:00+00:00,-394.067,140.592,-253.475
2024-03-06T01:50:00-06:00,2024-03-06 07:50:00+00:00,-449.935,78.127,-371.808
2024-03-06T01:55:00-06:00,2024-03-06 07:55:00+00:00,-528.114,34.812,-493.302
2024-03-06T02:00:00-06:00,2024-03-06 08:00:00+00:00,-460.153,23.89,-436.263
2024-03-06T02:05:00-06:00,2024-03-06 08:05:00+00:00,-393.364,42.724,-350.64
2024-03-06T02:10:00-06:00,2024-03-06 08:10:00+00:00,-360.688,52.382,-308.306
2024-03-06T02:15:00-06:00,2024-03-06 08:15:00+00:00,-358.958,73.34,-285.617
2024-03-06T02:20:00-06:00,2024-03-06 08:20:00+00:00,-354.096,104.671,-249.425
2024-03-06T02:25:00-06:00,2024-03-06 08:25:00+00:00,-369.19,131.439,-237.752
2024-03-06T02:30:00-06:00,2024-03-06 08:30:00+00:00,-390.759,82.171,-308.588
2024-03-06T02:35:00-06:00,2024-03-06 08:35:00+00:00,-369.726,56.91,-312.817
2024-03-06T02:40:00-06:00,2024-03-06 08:40:00+00:00,-313.375,84.451,-228.924
2024-03-06T02:45:00-06:00,2024-03-06 08:45:00+00:00,-294.671,79.553,-215.118
2024-03-06T02:50:00-06:00,2024-03-06 08:50:00+00:00,-302.35,44.372,-257.978
2024-03-06T02:55:00-06:00,2024-03-06 08:55:00+00:00,-268.305,23.093,-245.212
2024-03-06T03:00:00-06:00,2024-03-06 09:00:00+00:00,-236.27,43.305,-192.964
2024-03-06T03:05:00-06:00,2024-03-06 09:05:00+00:00,-299.614,53.878,-245.736
2024-03-06T03:10:00-06:00,2024-03-06 09:10:00+00:00,-388.033,84.079,-303.954
2024-03-06T03:15:00-06:00,2024-03-06 09:15:00+00:00,-398.124,46.593,-351.531
2024-03-06T03:20:00-06:00,2024-03-06 09:20:00+00:00,-367.077,31.792,-335.285
2024-03-06T03:25:00-06:00,2024-03-06 09:25:00+00:00,-276.858,48.637,-228.22
2024-03-06T03:30:00-06:00,2024-03-06 09:30:00+00:00,-252.772,76.632,-176.139
2024-03-06T03:35:00-06:00,2024-03-06 09:35:00+00:00,-242.283,81.633,-160.65
2024-03-06T03:40:00-06:00,2024-03-06 09:40:00+00:00,-205.17,121.787,-83.383
2024-03-06T03:45:00-06:00,2024-03-06 09:45:00+00:00,-223.781,134.707,-89.074
2024-03-06T03:50:00-06:00,2024-03-06 09:50:00+00:00,-295.939,69.233,-226.706
2024-03-06T03:55:00-06:00,2024-03-06 09:55:00+00:00,-354.124,38.915,-315.209
2024-03-06T04:00:00-06:00,2024-03-06 10:00:00+00:00,-368.627,45.919,-322.708
2024-03-06T04:05:00-06:00,2024-03-06 10:05:00+00:00,-455.339,75.942,-379.397
2024-03-06T04:10:00-06:00,2024-03-06 10:10:00+00:00,-500.134,66.053,-434.08
2024-03-06T04:15:00-06:00,2024-03-06 10:15:00+00:00,-437.653,83.334,-354.318
2024-03-06T04:20:00-06:00,2024-03-06 10:20:00+00:00,-439.011,80.302,-358.709
2024-03-06T04:25:00-06:00,2024-03-06 10:25:00+00:00,-479.303,86.528,-392.774
2024-03-06T04:30:00-06:00,2024-03-06 10:30:00+00:00,-494.157,74.32,-419.837
2024-03-06T04:35:00-06:00,2024-03-06 10:35:00+00:00,-428.691,106.235,-322.456
2024-03-06T04:40:00-06:00,2024-03-06 10:40:00+00:00,-423.922,137.455,-286.467
2024-03-06T04:45:00-06:00,2024-03-06 10:45:00+00:00,-415.07,116.344,-298.726
2024-03-06T04:50:00-06:00,2024-03-06 10:50:00+00:00,-439.173,91.276,-347.897
2024-03-06T04:55:00-06:00,2024-03-06 10:55:00+00:00,-463.399,84.682,-378.717
2024-03-06T05:00:00-06:00,2024-03-06 11:00:00+00:00,-421.35,108.995,-312.356
2024-03-06T05:05:00-06:00,2024-03-06 11:05:00+00:00,-328.036,102.143,-225.894
2024-03-06T05:10:00-06:00,2024-03-06 11:10:00+00:00,-282.236,119.576,-162.66
2024-03-06T05:15:00-06:00,2024-03-06 11:15:00+00:00,-269.539,99.11,-170.429
2024-03-06T05:20:00-06:00,2024-03-06 11:20:00+00:00,-289.502,64.239,-225.263
2024-03-06T05:25:00-06:00,2024-03-06 11:25:00+00:00,-198.621,76.491,-122.13
2024-03-06T05:30:00-06:00,2024-03-06 11:30:00+00:00,-165.688,90.456,-75.232
2024-03-06T05:35:00-06:00,2024-03-06 11:35:00+00:00,-133.344,151.775,18.431
2024-03-06T05:40:00-06:00,2024-03-06 11:40:00+00:00,-105.944,234.071,128.128
2024-03-06T05:45:00-06:00,2024-03-06 11:45:00+00:00,-81.011,203.735,122.724
2024-03-06T05:50:00-06:00,2024-03-06 11:50:00+00:00,-115.652,143.547,27.895
2024-03-06T05:55:00-06:00,2024-03-06 11:55:00+00:00,-118.618,142.384,23.767
2024-03-06T06:00:00-06:00,2024-03-06 12:00:00+00:00,-86.25,202.361,116.111
2024-03-06T06:05:00-06:00,2024-03-06 12:05:00+00:00,-119.739,220.977,101.238
2024-03-06T06:10:00-06:00,2024-03-06 12:10:00+00:00,-149.169,325.456,176.287
2024-03-06T06:15:00-06:00,2024-03-06 12:15:00+00:00,-125.142,336.663,211.521
2024-03-06T06:20:00-06:00,2024-03-06 12:20:00+00:00,-111.98,353.211,241.231
2024-03-06T06:25:00-06:00,2024-03-06 12:25:00+00:00,-91.462,466.364,374.902
2024-03-06T06:30:00-06:00,2024-03-06 12:30:00+00:00,-88.28,529.051,440.771
2024-03-06T06:35:00-06:00,2024-03-06 12:35:00+00:00,-63.602,426.729,363.127
2024-03-06T06:40:00-06:00,2024-03-06 12:40:00+00:00,-38.952,352.354,313.402
2024-03-06T06:45:00-06:00,2024-03-06 12:45:00+00:00,-47.544,361.938,314.394
2024-03-06T06:50:00-06:00,2024-03-06 12:50:00+00:00,-87.03,282.973,195.943
2024-03-06T06:55:00-06:00,2024-03-06 12:55:00+00:00,-197.227,199.512,2.285
2024-03-06T07:00:00-06:00,2024-03-06 13:00:00+00:00,-223.009,284.345,61.336
2024-03-06T07:05:00-06:00,2024-03-06 13:05:00+00:00,-73.821,377.188,303.367
2024-03-06T07:10:00-06:00,2024-03-06 13:10:00+00:00,-45.47,453.475,408.005
2024-03-06T07:15:00-06:00,2024-03-06 13:15:00+00:00,-76.726,394.332,317.606
2024-03-06T07:20:00-06:00,2024-03-06 13:20:00+00:00,-80.621,364.078,283.457
2024-03-06T07:25:00-06:00,2024-03-06 13:25:00+00:00,-166.144,240.209,74.065
2024-03-06T07:30:00-06:00,2024-03-06 13:30:00+00:00,-136.205,189.832,53.628
2024-03-06T07:35:00-06:00,2024-03-06 13:35:00+00:00,-89.998,165.884,75.886
2024-03-06T07:40:00-06:00,2024-03-06 13:40:00+00:00,-122.141,118.165,-3.977
2024-03-06T07:45:00-06:00,2024-03-06 13:45:00+00:00,-129.278,78.655,-50.623
2024-03-06T07:50:00-06:00,2024-03-06 13:50:00+00:00,-167.543,15.875,-151.668
2024-03-06T07:55:00-06:00,2024-03-06 13:55:00+00:00,-130.734,10.69,-120.044
2024-03-06T08:00:00-06:00,2024-03-06 14:00:00+00:00,-111.713,25.587,-86.126
2024-03-06T08:05:00-06:00,2024-03-06 14:05:00+00:00,-94.72,108.195,13.475
2024-03-06T08:10:00-06:00,2024-03-06 14:10:00+00:00,-123.955,129.627,5.672
2024-03-06T08:15:00-06:00,2024-03-06 14:15:00+00:00,-265.411,73.057,-192.354
2024-03-06T08:20:00-06:00,2024-03-06 14:20:00+00:00,-371.506,72.759,-298.747
2024-03-06T08:25:00-06:00,2024-03-06 14:25:00+00:00,-288.859,51.916,-236.944
2024-03-06T08:30:00-06:00,2024-03-06 14:30:00+00:00,-338.585,29.038,-309.547
2024-03-06T08:35:00-06:00,2024-03-06 14:35:00+00:00,-173.615,70.862,-102.753
2024-03-06T08:40:00-06:00,2024-03-06 14:40:00+00:00,-206.514,73.948,-132.567
2024-03-06T08:45:00-06:00,2024-03-06 14:45:00+00:00,-169.893,167.104,-2.789
2024-03-06T08:50:00-06:00,2024-03-06 14:50:00+00:00,-132.169,76.321,-55.847
2024-03-06T08:55:00-06:00,2024-03-06 14:55:00+00:00,-175.988,57.61,-118.378
2024-03-06T09:00:00-06:00,2024-03-06 15:00:00+00:00,-150.278,129.968,-20.31
2024-03-06T09:05:00-06:00,2024-03-06 15:05:00+00:00,-154.078,475.194,321.117
2024-03-06T09:10:00-06:00,2024-03-06 15:10:00+00:00,-215.202,531.234,316.033
2024-03-06T09:15:00-06:00,2024-03-06 15:15:00+00:00,-208.542,313.598,105.056
2024-03-06T09:20:00-06:00,2024-03-06 15:20:00+00:00,-295.528,221.028,-74.5
2024-03-06T09:25:00-06:00,2024-03-06 15:25:00+00:00,-308.058,187.197,-120.861
2024-03-06T09:30:00-06:00,2024-03-06 15:30:00+00:00,-226.333,84.292,-142.041
2024-03-06T09:35:00-06:00,2024-03-06 15:35:00+00:00,-247.313,55.797,-191.516
2024-03-06T09:40:00-06:00,2024-03-06 15:40:00+00:00,-251.57,24.635,-226.935
2024-03-06T09:45:00-06:00,2024-03-06 15:45:00+00:00,-221.764,13.845,-207.919
2024-03-06T09:50:00-06:00,2024-03-06 15:50:00+00:00,-189.202,54.404,-134.798
2024-03-06T09:55:00-06:00,2024-03-06 15:55:00+00:00,-186.049,142.811,-43.239
2024-03-06T10:00:00-06:00,2024-03-06 16:00:00+00:00,-307.666,13.101,-294.565
2024-03-06T10:05:00-06:00,2024-03-06 16:05:00+00:00,-342.222,27.752,-314.469
2024-03-06T10:10:00-06:00,2024-03-06 16:10:00+00:00,-208.594,32.038,-176.556
2024-03-06T10:15:00-06:00,2024-03-06 16:15:00+00:00,-225.492,41.455,-184.037
2024-03-06T10:20:00-06:00,2024-03-06 16:20:00+00:00,-262.607,149.756,-112.852
2024-03-06T10:25:00-06:00,2024-03-06 16:25:00+00:00,-304.611,80.9,-223.711
2024-03-06T10:30:00-06:00,2024-03-06 16:30:00+00:00,-376.347,39.135,-337.212
2024-03-06T10:35:00-06:00,2024-03-06 16:35:00+00:00,-435.826,43.25,-392.576
2024-03-06T10:40:00-06:00,2024-03-06 16:40:00+00:00,-321.149,145.542,-175.607
2024-03-06T10:45:00-06:00,2024-03-06 16:45:00+00:00,-309.788,323.443,13.655
2024-03-06T10:50:00-06:00,2024-03-06 16:50:00+00:00,-378.596,91.845,-286.751
2024-03-06T10:55:00-06:00,2024-03-06 16:55:00+00:00,-456.275,36.224,-420.051
2024-03-06T11:00:00-06:00,2024-03-06 17:00:00+00:00,-475.551,13.505,-462.046
2024-03-06T11:05:00-06:00,2024-03-06 17:05:00+00:00,-433.016,30.885,-402.131
2024-03-06T11:10:00-06:00,2024-03-06 17:10:00+00:00,-218.466,126.759,-91.707
2024-03-06T11:15:00-06:00,2024-03-06 17:15:00+00:00,-312.129,51.443,-260.686
2024-03-06T11:20:00-06:00,2024-03-06 17:20:00+00:00,-387.129,45.647,-341.482
2024-03-06T11:25:00-06:00,2024-03-06 17:25:00+00:00,-301.852,45.071,-256.781
2024-03-06T11:30:00-06:00,2024-03-06 17:30:00+00:00,-329.183,57.529,-271.654
2024-03-06T11:35:00-06:00,2024-03-06 17:35:00+00:00,-276.329,59.008,-217.321
2024-03-06T11:40:00-06:00,2024-03-06 17:40:00+00:00,-258.255,77.978,-180.277
2024-03-06T11:45:00-06:00,2024-03-06 17:45:00+00:00,-284.578,54.411,-230.167
2024-03-06T11:50:00-06:00,2024-03-06 17:50:00+00:00,-269.988,32.019,-237.969
2024-03-06T11:55:00-06:00,2024-03-06 17:55:00+00:00,-314.245,23.466,-290.779
2024-03-06T12:00:00-06:00,2024-03-06 18:00:00+00:00,-255.293,62.499,-192.794
2024-03-06T12:05:00-06:00,2024-03-06 18:05:00+00:00,-154.624,158.76,4.135
2024-03-06T12:10:00-06:00,2024-03-06 18:10:00+00:00,-158.473,52.536,-105.936
2024-03-06T12:15:00-06:00,2024-03-06 18:15:00+00:00,-218.291,44.934,-173.357
2024-03-06T12:20:00-06:00,2024-03-06 18:20:00+00:00,-120.44,82.056,-38.384
2024-03-06T12:25:00-06:00,2024-03-06 18:25:00+00:00,-107.869,118.248,10.379
2024-03-06T12:30:00-06:00,2024-03-06 18:30:00+00:00,-186.269,45.227,-141.042
2024-03-06T12:35:00-06:00,2024-03-06 18:35:00+00:00,-269.379,43.35,-226.029
2024-03-06T12:40:00-06:00,2024-03-06 18:40:00+00:00,-290.594,42.523,-248.07
2024-03-06T12:45:00-06:00,2024-03-06 18:45:00+00:00,-165.597,239.732,74.135
2024-03-06T12:50:00-06:00,2024-03-06 18:50:00+00:00,-178.827,372.726,193.899
2024-03-06T12:55:00-06:00,2024-03-06 18:55:00+00:00,-235.023,70.505,-164.518
2024-03-06T13:00:00-06:00,2024-03-06 19:00:00+00:00,-372.435,11.489,-360.946
2024-03-06T13:05:00-06:00,2024-03-06 19:05:00+00:00,-316.447,31.999,-284.448
2024-03-06T13:10:00-06:00,2024-03-06 19:10:00+00:00,-219.191,22.94,-196.251
2024-03-06T13:15:00-06:00,2024-03-06 19:15:00+00:00,-192.285,70.981,-121.304
2024-03-06T13:20:00-06:00,2024-03-06 19:20:00+00:00,-233.624,40.875,-192.748
2024-03-06T13:25:00-06:00,2024-03-06 19:25:00+00:00,-335.783,17.414,-318.369
2024-03-06T13:30:00-06:00,2024-03-06 19:30:00+00:00,-290.339,17.865,-272.474
2024-03-06T13:35:00-06:00,2024-03-06 19:35:00+00:00,-263.466,27.105,-236.361
2024-03-06T13:40:00-06:00,2024-03-06 19:40:00+00:00,-186.058,95.132,-90.927
2024-03-06T13:45:00-06:00,2024-03-06 19:45:00+00:00,-178.483,92.169,-86.314
2024-03-06T13:50:00-06:00,2024-03-06 19:50:00+00:00,-161.707,142.942,-18.765
2024-03-06T13:55:00-06:00,2024-03-06 19:55:00+00:00,-181.089,51.312,-129.778
2024-03-06T14:00:00-06:00,2024-03-06 20:00:00+00:00,-189.628,71.865,-117.763
2024-03-06T14:05:00-06:00,2024-03-06 20:05:00+00:00,-303.18,13.527,-289.654
2024-03-06T14:10:00-06:00,2024-03-06 20:10:00+00:00,-401.035,22.951,-378.084
2024-03-06T14:15:00-06:00,2024-03-06 20:15:00+00:00,-306.735,29.261,-277.474
2024-03-06T14:20:00-06:00,2024-03-06 20:20:00+00:00,-275.075,27.94,-247.135
2024-03-06T14:25:00-06:00,2024-03-06 20:25:00+00:00,-271.437,42.088,-229.349
2024-03-06T14:30:00-06:00,2024-03-06 20:30:00+00:00,-197.965,161.018,-36.947
2024-03-06T14:35:00-06:00,2024-03-06 20:35:00+00:00,-151.776,153.162,1.386
2024-03-06T14:40:00-06:00,2024-03-06 20:40:00+00:00,-152.569,279.597,127.027
2024-03-06T14:45:00-06:00,2024-03-06 20:45:00+00:00,-199.891,309.761,109.87
2024-03-06T14:50:00-06:00,2024-03-06 20:50:00+00:00,-288.663,83.311,-205.352
2024-03-06T14:55:00-06:00,2024-03-06 20:55:00+00:00,-380.403,34.679,-345.724
2024-03-06T15:00:00-06:00,2024-03-06 21:00:00+00:00,-407.786,66.052,-341.733
2024-03-06T15:05:00-06:00,2024-03-06 21:05:00+00:00,-242.479,131.599,-110.879
2024-03-06T15:10:00-06:00,2024-03-06 21:10:00+00:00,-132.35,316.99,184.64
2024-03-06T15:15:00-06:00,2024-03-06 21:15:00+00:00,-192.016,200.919,8.903
2024-03-06T15:20:00-06:00,2024-03-06 21:20:00+00:00,-288.882,107.408,-181.474
2024-03-06T15:25:00-06:00,2024-03-06 21:25:00+00:00,-275.724,150.527,-125.197
2024-03-06T15:30:00-06:00,2024-03-06 21:30:00+00:00,-205.808,302.408,96.6
2024-03-06T15:35:00-06:00,2024-03-06 21:35:00+00:00,-228.592,129.496,-99.096
2024-03-06T15:40:00-06:00,2024-03-06 21:40:00+00:00,-465.689,68.263,-397.426
2024-03-06T15:45:00-06:00,2024-03-06 21:45:00+00:00,-509.137,50.417,-458.72
2024-03-06T15:50:00-06:00,2024-03-06 21:50:00+00:00,-410.077,33.049,-377.028
2024-03-06T15:55:00-06:00,2024-03-06 21:55:00+00:00,-374.675,19.091,-355.584
2024-03-06T16:00:00-06:00,2024-03-06 22:00:00+00:00,-238.337,98.104,-140.233
2024-03-06T16:05:00-06:00,2024-03-06 22:05:00+00:00,-194.438,74.092,-120.345
2024-03-06T16:10:00-06:00,2024-03-06 22:10:00+00:00,-246.578,10.569,-236.009
2024-03-06T16:15:00-06:00,2024-03-06 22:15:00+00:00,-130.125,240.473,110.348
2024-03-06T16:20:00-06:00,2024-03-06 22:20:00+00:00,-64.846,504.699,439.853
2024-03-06T16:25:00-06:00,2024-03-06 22:25:00+00:00,-104.307,225.757,121.45
2024-03-06T16:30:00-06:00,2024-03-06 22:30:00+00:00,-279.932,124.222,-155.71
2024-03-06T16:35:00-06:00,2024-03-06 22:35:00+00:00,-272.435,115.155,-157.279
2024-03-06T16:40:00-06:00,2024-03-06 22:40:00+00:00,-287.359,78.178,-209.181
2024-03-06T16:45:00-06:00,2024-03-06 22:45:00+00:00,-139.541,165.076,25.535
2024-03-06T16:50:00-06:00,2024-03-06 22:50:00+00:00,-116.949,341.409,224.46
2024-03-06T16:55:00-06:00,2024-03-06 22:55:00+00:00,-147.85,320.611,172.761
2024-03-06T17:00:00-06:00,2024-03-06 23:00:00+00:00,-306.383,194.542,-111.84
2024-03-06T17:05:00-06:00,2024-03-06 23:05:00+00:00,-419.099,70.961,-348.139
2024-03-06T17:10:00-06:00,2024-03-06 23:10:00+00:00,-303.77,138.292,-165.478
2024-03-06T17:15:00-06:00,2024-03-06 23:15:00+00:00,-36.99,566.961,529.971
2024-03-06T17:20:00-06:00,2024-03-06 23:20:00+00:00,-35.485,894.056,858.571
2024-03-06T17:25:00-06:00,2024-03-06 23:25:00+00:00,-39.447,788.595,749.149
2024-03-06T17:30:00-06:00,2024-03-06 23:30:00+00:00,-43.387,519.381,475.994
2024-03-06T17:35:00-06:00,2024-03-06 23:35:00+00:00,-140.359,335.033,194.674
2024-03-06T17:40:00-06:00,2024-03-06 23:40:00+00:00,-189.172,276.649,87.477
2024-03-06T17:45:00-06:00,2024-03-06 23:45:00+00:00,-84.879,425.104,340.224
2024-03-06T17:50:00-06:00,2024-03-06 23:50:00+00:00,-161.456,503.834,342.378
2024-03-06T17:55:00-06:00,2024-03-06 23:55:00+00:00,-279.707,547.433,267.726
2024-03-06T18:00:00-06:00,2024-03-07 00:00:00+00:00,-311.18,376.9,65.72
2024-03-06T18:05:00-06:00,2024-03-07 00:05:00+00:00,-304.491,249.505,-54.986
2024-03-06T18:10:00-06:00,2024-03-07 00:10:00+00:00,-227.167,323.61,96.443
2024-03-06T18:15:00-06:00,2024-03-07 00:15:00+00:00,-163.055,430.027,266.972
2024-03-06T18:20:00-06:00,2024-03-07 00:20:00+00:00,-121.163,666.151,544.987
2024-03-06T18:25:00-06:00,2024-03-07 00:25:00+00:00,-90.839,680.131,589.291
2024-03-06T18:30:00-06:00,2024-03-07 00:30:00+00:00,-127.845,692.412,564.567
2024-03-06T18:35:00-06:00,2024-03-07 00:35:00+00:00,-205.994,731.484,525.49
2024-03-06T18:40:00-06:00,2024-03-07 00:40:00+00:00,-256.412,661.728,405.316
2024-03-06T18:45:00-06:00,2024-03-07 00:45:00+00:00,-213.159,635.009,421.85
2024-03-06T18:50:00-06:00,2024-03-07 00:50:00+00:00,-112.155,666.072,553.917
2024-03-06T18:55:00-06:00,2024-03-07 00:55:00+00:00,-93.983,753.435,659.452
2024-03-06T19:00:00-06:00,2024-03-07 01:00:00+00:00,-136.081,718.346,582.265
2024-03-06T19:05:00-06:00,2024-03-07 01:05:00+00:00,-120.116,739.06,618.944
2024-03-06T19:10:00-06:00,2024-03-07 01:10:00+00:00,-151.721,614.687,462.966
2024-03-06T19:15:00-06:00,2024-03-07 01:15:00+00:00,-338.997,504.773,165.776
2024-03-06T19:20:00-06:00,2024-03-07 01:20:00+00:00,-286.152,477.216,191.064
2024-03-06T19:25:00-06:00,2024-03-07 01:25:00+00:00,-96.921,637.535,540.613
2024-03-06T19:30:00-06:00,2024-03-07 01:30:00+00:00,-129.786,611.804,482.019
2024-03-06T19:35:00-06:00,2024-03-07 01:35:00+00:00,-201.706,529.377,327.67
2024-03-06T19:40:00-06:00,2024-03-07 01:40:00+00:00,-218.193,488.291,270.098
2024-03-06T19:45:00-06:00,2024-03-07 01:45:00+00:00,-247.927,439.826,191.899
2024-03-06T19:50:00-06:00,2024-03-07 01:50:00+00:00,-449.246,324.671,-124.575
2024-03-06T19:55:00-06:00,2024-03-07 01:55:00+00:00,-474.049,261.644,-212.405
2024-03-06T20:00:00-06:00,2024-03-07 02:00:00+00:00,-391.479,249.939,-141.54
2024-03-06T20:05:00-06:00,2024-03-07 02:05:00+00:00,-144.595,307.25,162.655
2024-03-06T20:10:00-06:00,2024-03-07 02:10:00+00:00,-20.028,467.838,447.809
2024-03-06T20:15:00-06:00,2024-03-07 02:15:00+00:00,-17.748,751.078,733.33
2024-03-06T20:20:00-06:00,2024-03-07 02:20:00+00:00,-23.129,766.855,743.726
2024-03-06T20:25:00-06:00,2024-03-07 02:25:00+00:00,-33.646,761.94,728.294
2024-03-06T20:30:00-06:00,2024-03-07 02:30:00+00:00,-69.031,540.999,471.968
2024-03-06T20:35:00-06:00,2024-03-07 02:35:00+00:00,-157.411,411.213,253.802
2024-03-06T20:40:00-06:00,2024-03-07 02:40:00+00:00,-111.932,406.906,294.974
2024-03-06T20:45:00-06:00,2024-03-07 02:45:00+00:00,-28.791,464.416,435.625
2024-03-06T20:50:00-06:00,2024-03-07 02:50:00+00:00,-40.102,471.801,431.7
2024-03-06T20:55:00-06:00,2024-03-07 02:55:00+00:00,-72.446,347.14,274.694
2024-03-06T21:00:00-06:00,2024-03-07 03:00:00+00:00,-72.493,246.742,174.249
2024-03-06T21:05:00-06:00,2024-03-07 03:05:00+00:00,-32.135,345.109,312.975
2024-03-06T21:10:00-06:00,2024-03-07 03:10:00+00:00,-53.347,315.975,262.628
2024-03-06T21:15:00-06:00,2024-03-07 03:15:00+00:00,-47.477,333.028,285.55
2024-03-06T21:20:00-06:00,2024-03-07 03:20:00+00:00,-67.324,318.111,250.788
2024-03-06T21:25:00-06:00,2024-03-07 03:25:00+00:00,-152.356,290.897,138.541
2024-03-06T21:30:00-06:00,2024-03-07 03:30:00+00:00,-218.33,284.216,65.886
2024-03-06T21:35:00-06:00,2024-03-07 03:35:00+00:00,-187.137,289.965,102.828
2024-03-06T21:40:00-06:00,2024-03-07 03:40:00+00:00,-79.685,319.581,239.896
2024-03-06T21:45:00-06:00,2024-03-07 03:45:00+00:00,-121.209,249.812,128.603
2024-03-06T21:50:00-06:00,2024-03-07 03:50:00+00:00,-177.661,161.471,-16.191
2024-03-06T21:55:00-06:00,2024-03-07 03:55:00+00:00,-160.182,140.998,-19.184
2024-03-06T22:00:00-06:00,2024-03-07 04:00:00+00:00,-85.238,139.225,53.987
2024-03-06T22:05:00-06:00,2024-03-07 04:05:00+00:00,-49.92,148.722,98.801
2024-03-06T22:10:00-06:00,2024-03-07 04:10:00+00:00,-13.906,318.774,304.868
2024-03-06T22:15:00-06:00,2024-03-07 04:15:00+00:00,-60.302,218.379,158.077
2024-03-06T22:20:00-06:00,2024-03-07 04:20:00+00:00,-146.571,132.637,-13.934
2024-03-06T22:25:00-06:00,2024-03-07 04:25:00+00:00,-121.17,106.508,-14.662
2024-03-06T22:30:00-06:00,2024-03-07 04:30:00+00:00,-29.766,137.769,108.003
2024-03-06T22:35:00-06:00,2024-03-07 04:35:00+00:00,-43.363,73.508,30.145
2024-03-06T22:40:00-06:00,2024-03-07 04:40:00+00:00,-110.489,24.19,-86.299
2024-03-06T22:45:00-06:00,2024-03-07 04:45:00+00:00,-213.226,6.025,-207.201
2024-03-06T22:50:00-06:00,2024-03-07 04:50:00+00:00,-274.234,6.352,-267.882
2024-03-06T22:55:00-06:00,2024-03-07 04:55:00+00:00,-188.917,10.772,-178.145
2024-03-06T23:00:00-06:00,2024-03-07 05:00:00+00:00,-49.933,60.315,10.382
2024-03-06T23:05:00-06:00,2024-03-07 05:05:00+00:00,-40.333,158.964,118.631
2024-03-06T23:10:00-06:00,2024-03-07 05:10:00+00:00,-112.625,34.762,-77.863
2024-03-06T23:15:00-06:00,2024-03-07 05:15:00+00:00,-145.782,28.772,-117.01
2024-03-06T23:20:00-06:00,2024-03-07 05:20:00+00:00,-48.351,287.192,238.841
2024-03-06T23:25:00-06:00,2024-03-07 05:25:00+00:00,-22.131,426.418,404.287
2024-03-06T23:30:00-06:00,2024-03-07 05:30:00+00:00,-101.401,106.362,4.961
2024-03-06T23:35:00-06:00,2024-03-07 05:35:00+00:00,-267.909,21.49,-246.419
2024-03-06T23:40:00-06:00,2024-03-07 05:40:00+00:00,-279.978,10.934,-269.043
2024-03-06T23:45:00-06:00,2024-03-07 05:45:00+00:00,-142.175,70.176,-71.998
2024-03-06T23:50:00-06:00,2024-03-07 05:50:00+00:00,-42.07,210.228,168.158
2024-03-06T23:55:00-06:00,2024-03-07 05:55:00+00:00,-77.509,169.982,92.473
2024-03-07T00:00:00-06:00,2024-03-07 06:00:00+00:00,-80.311,121.963,41.653
2024-03-07T00:05:00-06:00,2024-03-07 06:05:00+00:00,-112.752,51.274,-61.478
2024-03-07T00:10:00-06:00,2024-03-07 06:10:00+00:00,-27.979,29.708,1.73
2024-03-07T00:15:00-06:00,2024-03-07 06:15:00+00:00,-35.431,55.785,20.353
2024-03-07T00:20:00-06:00,2024-03-07 06:20:00+00:00,-55.041,95.323,40.282
2024-03-07T00:25:00-06:00,2024-03-07 06:25:00+00:00,-150.482,56.424,-94.058
2024-03-07T00:30:00-06:00,2024-03-07 06:30:00+00:00,-151.159,31.486,-119.674
2024-03-07T00:35:00-06:00,2024-03-07 06:35:00+00:00,-82.464,63.245,-19.219
2024-03-07T00:40:00-06:00,2024-03-07 06:40:00+00:00,-30.978,190.903,159.925
2024-03-07T00:45:00-06:00,2024-03-07 06:45:00+00:00,-36.996,151.394,114.398
2024-03-07T00:50:00-06:00,2024-03-07 06:50:00+00:00,-53.732,87.826,34.094
2024-03-07T00:55:00-06:00,2024-03-07 06:55:00+00:00,-162.884,32.613,-130.272
2024-03-07T01:00:00-06:00,2024-03-07 07:00:00+00:00,-152.972,31.242,-121.73
2024-03-07T01:05:00-06:00,2024-03-07 07:05:00+00:00,-154.745,64.371,-90.374
2024-03-07T01:10:00-06:00,2024-03-07 07:10:00+00:00,-131.324,45.052,-86.273
2024-03-07T01:15:00-06:00,2024-03-07 07:15:00+00:00,-106.898,29.131,-77.767
2024-03-07T01:20:00-06:00,2024-03-07 07:20:00+00:00,-115.024,25.024,-90.001
2024-03-07T01:25:00-06:00,2024-03-07 07:25:00+00:00,-114.254,105.956,-8.298
2024-03-07T01:30:00-06:00,2024-03-07 07:30:00+00:00,-126.335,131.967,5.632
2024-03-07T01:35:00-06:00,2024-03-07 07:35:00+00:00,-111.892,180.542,68.65
2024-03-07T01:40:00-06:00,2024-03-07 07:40:00+00:00,-121.277,278.463,157.186
2024-03-07T01:45:00-06:00,2024-03-07 07:45:00+00:00,-145.325,280.69,135.365
2024-03-07T01:50:00-06:00,2024-03-07 07:50:00+00:00,-213.262,117.591,-95.671
2024-03-07T01:55:00-06:00,2024-03-07 07:55:00+00:00,-201.964,48.506,-153.458
2024-03-07T02:00:00-06:00,2024-03-07 08:00:00+00:00,-132.156,242.372,110.217
2024-03-07T02:05:00-06:00,2024-03-07 08:05:00+00:00,-144.055,256.034,111.979
2024-03-07T02:10:00-06:00,2024-03-07 08:10:00+00:00,-136.839,148.12,11.282
2024-03-07T02:15:00-06:00,2024-03-07 08:15:00+00:00,-154.788,11.184,-143.604
2024-03-07T02:20:00-06:00,2024-03-07 08:20:00+00:00,-192.389,3.34,-189.049
2024-03-07T02:25:00-06:00,2024-03-07 08:25:00+00:00,-84.535,64.37,-20.165
2024-03-07T02:30:00-06:00,2024-03-07 08:30:00+00:00,-33.522,242.518,208.995
2024-03-07T02:35:00-06:00,2024-03-07 08:35:00+00:00,-70.568,252.995,182.427
2024-03-07T02:40:00-06:00,2024-03-07 08:40:00+00:00,-178.124,95.956,-82.168
2024-03-07T02:45:00-06:00,2024-03-07 08:45:00+00:00,-231.868,6.643,-225.225
2024-03-07T02:50:00-06:00,2024-03-07 08:50:00+00:00,-226.959,29.691,-197.268
2024-03-07T02:55:00-06:00,2024-03-07 08:55:00+00:00,-167.742,95.667,-72.075
2024-03-07T03:00:00-06:00,2024-03-07 09:00:00+00:00,-145.081,53.022,-92.06
2024-03-07T03:05:00-06:00,2024-03-07 09:05:00+00:00,-111.571,40.623,-70.948
2024-03-07T03:10:00-06:00,2024-03-07 09:10:00+00:00,-196.888,29.134,-167.754
2024-03-07T03:15:00-06:00,2024-03-07 09:15:00+00:00,-280.543,43.412,-237.131
2024-03-07T03:20:00-06:00,2024-03-07 09:20:00+00:00,-310.059,79.625,-230.434
2024-03-07T03:25:00-06:00,2024-03-07 09:25:00+00:00,-266.847,103.703,-163.144
2024-03-07T03:30:00-06:00,2024-03-07 09:30:00+00:00,-214.973,74.395,-140.578
2024-03-07T03:35:00-06:00,2024-03-07 09:35:00+00:00,-124.455,182.665,58.211
2024-03-07T03:40:00-06:00,2024-03-07 09:40:00+00:00,-163.308,169.924,6.617
2024-03-07T03:45:00-06:00,2024-03-07 09:45:00+00:00,-293.732,97.098,-196.634
2024-03-07T03:50:00-06:00,2024-03-07 09:50:00+00:00,-281.241,110.319,-170.922
2024-03-07T03:55:00-06:00,2024-03-07 09:55:00+00:00,-260.842,180.107,-80.735
2024-03-07T04:00:00-06:00,2024-03-07 10:00:00+00:00,-372.651,81.321,-291.33
2024-03-07T04:05:00-06:00,2024-03-07 10:05:00+00:00,-235.445,91.303,-144.142
2024-03-07T04:10:00-06:00,2024-03-07 10:10:00+00:00,-29.893,282.107,252.214
2024-03-07T04:15:00-06:00,2024-03-07 10:15:00+00:00,-89.286,124.031,34.745
2024-03-07T04:20:00-06:00,2024-03-07 10:20:00+00:00,-211.251,21.972,-189.279
2024-03-07T04:25:00-06:00,2024-03-07 10:25:00+00:00,-204.92,20.561,-184.359
2024-03-07T04:30:00-06:00,2024-03-07 10:30:00+00:00,-184.081,24.656,-159.425
2024-03-07T04:35:00-06:00,2024-03-07 10:35:00+00:00,-204.234,50.772,-153.462
2024-03-07T04:40:00-06:00,2024-03-07 10:40:00+00:00,-212.6,234.054,21.454
2024-03-07T04:45:00-06:00,2024-03-07 10:45:00+00:00,-199.87,221.641,21.77
2024-03-07T04:50:00-06:00,2024-03-07 10:50:00+00:00,-189.788,127.744,-62.045
2024-03-07T04:55:00-06:00,2024-03-07 10:55:00+00:00,-205.245,81.775,-123.47
2024-03-07T05:00:00-06:00,2024-03-07 11:00:00+00:00,-178.87,146.745,-32.126
2024-03-07T05:05:00-06:00,2024-03-07 11:05:00+00:00,-238.262,57.19,-181.072
2024-03-07T05:10:00-06:00,2024-03-07 11:10:00+00:00,-257.376,65.539,-191.837
2024-03-07T05:15:00-06:00,2024-03-07 11:15:00+00:00,-369.709,28.545,-341.164
2024-03-07T05:20:00-06:00,2024-03-07 11:20:00+00:00,-340.935,2.349,-338.585
2024-03-07T05:25:00-06:00,2024-03-07 11:25:00+00:00,-344.695,12.459,-332.236
2024-03-07T05:30:00-06:00,2024-03-07 11:30:00+00:00,-298.447,84.69,-213.757
2024-03-07T05:35:00-06:00,2024-03-07 11:35:00+00:00,-346.025,22.65,-323.375
2024-03-07T05:40:00-06:00,2024-03-07 11:40:00+00:00,-247.084,77.572,-169.512
2024-03-07T05:45:00-06:00,2024-03-07 11:45:00+00:00,-248.982,64.063,-184.919
2024-03-07T05:50:00-06:00,2024-03-07 11:50:00+00:00,-428.794,5.346,-423.447
2024-03-07T05:55:00-06:00,2024-03-07 11:55:00+00:00,-550.778,2.1,-548.678
2024-03-07T06:00:00-06:00,2024-03-07 12:00:00+00:00,-576.989,3.728,-573.261
2024-03-07T06:05:00-06:00,2024-03-07 12:05:00+00:00,-411.233,41.095,-370.138
2024-03-07T06:10:00-06:00,2024-03-07 12:10:00+00:00,-279.223,121.334,-157.889
2024-03-07T06:15:00-06:00,2024-03-07 12:15:00+00:00,-260.001,182.802,-77.199
2024-03-07T06:20:00-06:00,2024-03-07 12:20:00+00:00,-223.511,202.342,-21.169
2024-03-07T06:25:00-06:00,2024-03-07 12:25:00+00:00,-129.407,276.621,147.214
2024-03-07T06:30:00-06:00,2024-03-07 12:30:00+00:00,-54.114,335.064,280.95
2024-03-07T06:35:00-06:00,2024-03-07 12:35:00+00:00,-61.933,391.26,329.327
2024-03-07T06:40:00-06:00,2024-03-07 12:40:00+00:00,-81.896,350.896,269.0
2024-03-07T06:45:00-06:00,2024-03-07 12:45:00+00:00,-222.192,228.903,6.711
2024-03-07T06:50:00-06:00,2024-03-07 12:50:00+00:00,-326.401,199.814,-126.586
2024-03-07T06:55:00-06:00,2024-03-07 12:55:00+00:00,-186.068,195.006,8.938
2024-03-07T07:00:00-06:00,2024-03-07 13:00:00+00:00,-44.184,335.978,291.794
2024-03-07T07:05:00-06:00,2024-03-07 13:05:00+00:00,-148.005,188.076,40.071
2024-03-07T07:10:00-06:00,2024-03-07 13:10:00+00:00,-328.768,162.166,-166.602
2024-03-07T07:15:00-06:00,2024-03-07 13:15:00+00:00,-221.516,176.983,-44.533
2024-03-07T07:20:00-06:00,2024-03-07 13:20:00+00:00,-128.356,233.193,104.837
2024-03-07T07:25:00-06:00,2024-03-07 13:25:00+00:00,-140.96,478.736,337.776
2024-03-07T07:30:00-06:00,2024-03-07 13:30:00+00:00,-100.689,575.987,475.298
2024-03-07T07:35:00-06:00,2024-03-07 13:35:00+00:00,-59.077,292.328,233.252
2024-03-07T07:40:00-06:00,2024-03-07 13:40:00+00:00,-124.541,186.057,61.516
2024-03-07T07:45:00-06:00,2024-03-07 13:45:00+00:00,-128.87,311.035,182.165
2024-03-07T07:50:00-06:00,2024-03-07 13:50:00+00:00,-165.443,370.583,205.14
2024-03-07T07:55:00-06:00,2024-03-07 13:55:00+00:00,-133.2,304.262,171.063
2024-03-07T08:00:00-06:00,2024-03-07 14:00:00+00:00,-70.983,457.784,386.801
2024-03-07T08:05:00-06:00,2024-03-07 14:05:00+00:00,-125.585,280.596,155.011
2024-03-07T08:10:00-06:00,2024-03-07 14:10:00+00:00,-308.107,166.108,-141.999
2024-03-07T08:15:00-06:00,2024-03-07 14:15:00+00:00,-329.734,217.294,-112.44
2024-03-07T08:20:00-06:00,2024-03-07 14:20:00+00:00,-263.637,167.106,-96.531
2024-03-07T08:25:00-06:00,2024-03-07 14:25:00+00:00,-349.181,30.137,-319.044
2024-03-07T08:30:00-06:00,2024-03-07 14:30:00+00:00,-565.039,31.864,-533.175
2024-03-07T08:35:00-06:00,2024-03-07 14:35:00+00:00,-326.914,108.937,-217.977
2024-03-07T08:40:00-06:00,2024-03-07 14:40:00+00:00,-99.023,516.081,417.058
2024-03-07T08:45:00-06:00,2024-03-07 14:45:00+00:00,-308.749,302.592,-6.158
2024-03-07T08:50:00-06:00,2024-03-07 14:50:00+00:00,-745.16,80.328,-664.831
2024-03-07T08:55:00-06:00,2024-03-07 14:55:00+00:00,-508.585,88.025,-420.56
2024-03-07T09:00:00-06:00,2024-03-07 15:00:00+00:00,-434.746,70.645,-364.101
2024-03-07T09:05:00-06:00,2024-03-07 15:05:00+00:00,-441.924,83.027,-358.897
2024-03-07T09:10:00-06:00,2024-03-07 15:10:00+00:00,-467.658,140.202,-327.456
2024-03-07T09:15:00-06:00,2024-03-07 15:15:00+00:00,-430.392,210.715,-219.677
2024-03-07T09:20:00-06:00,2024-03-07 15:20:00+00:00,-301.843,290.243,-11.6
2024-03-07T09:25:00-06:00,2024-03-07 15:25:00+00:00,-200.824,277.841,77.016
2024-03-07T09:30:00-06:00,2024-03-07 15:30:00+00:00,-164.013,308.117,144.105
2024-03-07T09:35:00-06:00,2024-03-07 15:35:00+00:00,-205.031,246.522,41.491
2024-03-07T09:40:00-06:00,2024-03-07 15:40:00+00:00,-320.991,58.2,-262.791
2024-03-07T09:45:00-06:00,2024-03-07 15:45:00+00:00,-530.865,36.137,-494.728
2024-03-07T09:50:00-06:00,2024-03-07 15:50:00+00:00,-329.463,93.487,-235.976
2024-03-07T09:55:00-06:00,2024-03-07 15:55:00+00:00,-214.978,292.961,77.983
2024-03-07T10:00:00-06:00,2024-03-07 16:00:00+00:00,-326.621,88.017,-238.604
2024-03-07T10:05:00-06:00,2024-03-07 16:05:00+00:00,-307.156,126.587,-180.569
2024-03-07T10:10:00-06:00,2024-03-07 16:10:00+00:00,-286.26,305.061,18.8
2024-03-07T10:15:00-06:00,2024-03-07 16:15:00+00:00,-342.21,151.333,-190.877
2024-03-07T10:20:00-06:00,2024-03-07 16:20:00+00:00,-373.24,45.858,-327.382
2024-03-07T10:25:00-06:00,2024-03-07 16:25:00+00:00,-556.904,24.673,-532.231
2024-03-07T10:30:00-06:00,2024-03-07 16:30:00+00:00,-665.079,99.87,-565.209
2024-03-07T10:35:00-06:00,2024-03-07 16:35:00+00:00,-546.243,156.155,-390.088
2024-03-07T10:40:00-06:00,2024-03-07 16:40:00+00:00,-304.819,561.696,256.877
2024-03-07T10:45:00-06:00,2024-03-07 16:45:00+00:00,-332.488,346.31,13.822
2024-03-07T10:50:00-06:00,2024-03-07 16:50:00+00:00,-494.128,38.842,-455.285
2024-03-07T10:55:00-06:00,2024-03-07 16:55:00+00:00,-714.475,70.651,-643.824
2024-03-07T11:00:00-06:00,2024-03-07 17:00:00+00:00,-714.971,74.118,-640.853
2024-03-07T11:05:00-06:00,2024-03-07 17:05:00+00:00,-567.929,32.16,-535.769
2024-03-07T11:10:00-06:00,2024-03-07 17:10:00+00:00,-503.339,94.605,-408.734
2024-03-07T11:15:00-06:00,2024-03-07 17:15:00+00:00,-402.615,175.004,-227.611
2024-03-07T11:20:00-06:00,2024-03-07 17:20:00+00:00,-254.227,438.927,184.7
2024-03-07T11:25:00-06:00,2024-03-07 17:25:00+00:00,-264.546,390.073,125.528
2024-03-07T11:30:00-06:00,2024-03-07 17:30:00+00:00,-382.101,153.766,-228.335
2024-03-07T11:35:00-06:00,2024-03-07 17:35:00+00:00,-507.494,72.327,-435.167
2024-03-07T11:40:00-06:00,2024-03-07 17:40:00+00:00,-488.418,99.111,-389.307
2024-03-07T11:45:00-06:00,2024-03-07 17:45:00+00:00,-367.368,137.907,-229.461
2024-03-07T11:50:00-06:00,2024-03-07 17:50:00+00:00,-318.738,172.976,-145.762
2024-03-07T11:55:00-06:00,2024-03-07 17:55:00+00:00,-331.69,132.404,-199.286
2024-03-07T12:00:00-06:00,2024-03-07 18:00:00+00:00,-232.471,257.679,25.208
2024-03-07T12:05:00-06:00,2024-03-07 18:05:00+00:00,-211.097,333.078,121.981
2024-03-07T12:10:00-06:00,2024-03-07 18:10:00+00:00,-216.718,330.834,114.116
2024-03-07T12:15:00-06:00,2024-03-07 18:15:00+00:00,-233.399,244.049,10.65
2024-03-07T12:20:00-06:00,2024-03-07 18:20:00+00:00,-284.147,204.604,-79.543
2024-03-07T12:25:00-06:00,2024-03-07 18:25:00+00:00,-350.168,90.769,-259.399
2024-03-07T12:30:00-06:00,2024-03-07 18:30:00+00:00,-298.816,104.697,-194.119
2024-03-07T12:35:00-06:00,2024-03-07 18:35:00+00:00,-257.461,191.103,-66.358
2024-03-07T12:40:00-06:00,2024-03-07 18:40:00+00:00,-368.712,150.417,-218.296
2024-03-07T12:45:00-06:00,2024-03-07 18:45:00+00:00,-407.407,144.594,-262.813
2024-03-07T12:50:00-06:00,2024-03-07 18:50:00+00:00,-502.65,98.587,-404.062
2024-03-07T12:55:00-06:00,2024-03-07 18:55:00+00:00,-367.542,109.028,-258.514
2024-03-07T13:00:00-06:00,2024-03-07 19:00:00+00:00,-141.493,306.713,165.22
2024-03-07T13:05:00-06:00,2024-03-07 19:05:00+00:00,-107.046,357.894,250.848
2024-03-07T13:10:00-06:00,2024-03-07 19:10:00+00:00,-135.681,86.466,-49.215
2024-03-07T13:15:00-06:00,2024-03-07 19:15:00+00:00,-377.277,26.201,-351.076
2024-03-07T13:20:00-06:00,2024-03-07 19:20:00+00:00,-607.964,14.565,-593.4
2024-03-07T13:25:00-06:00,2024-03-07 19:25:00+00:00,-594.594,22.58,-572.015
2024-03-07T13:30:00-06:00,2024-03-07 19:30:00+00:00,-306.213,175.448,-130.766
2024-03-07T13:35:00-06:00,2024-03-07 19:35:00+00:00,-254.937,212.683,-42.254
2024-03-07T13:40:00-06:00,2024-03-07 19:40:00+00:00,-277.667,261.457,-16.21
2024-03-07T13:45:00-06:00,2024-03-07 19:45:00+00:00,-355.295,263.566,-91.729
2024-03-07T13:50:00-06:00,2024-03-07 19:50:00+00:00,-270.704,143.231,-127.472
2024-03-07T13:55:00-06:00,2024-03-07 19:55:00+00:00,-427.314,28.944,-398.37
2024-03-07T14:00:00-06:00,2024-03-07 20:00:00+00:00,-562.59,26.64,-535.95
2024-03-07T14:05:00-06:00,2024-03-07 20:05:00+00:00,-666.963,19.856,-647.107
2024-03-07T14:10:00-06:00,2024-03-07 20:10:00+00:00,-555.034,49.841,-505.193
2024-03-07T14:15:00-06:00,2024-03-07 20:15:00+00:00,-500.043,41.994,-458.049
2024-03-07T14:20:00-06:00,2024-03-07 20:20:00+00:00,-347.167,304.786,-42.381
2024-03-07T14:25:00-06:00,2024-03-07 20:25:00+00:00,-277.996,444.66,166.664
2024-03-07T14:30:00-06:00,2024-03-07 20:30:00+00:00,-230.495,230.588,0.093
2024-03-07T14:35:00-06:00,2024-03-07 20:35:00+00:00,-239.118,257.165,18.047
2024-03-07T14:40:00-06:00,2024-03-07 20:40:00+00:00,-247.321,168.56,-78.762
2024-03-07T14:45:00-06:00,2024-03-07 20:45:00+00:00,-381.659,33.919,-347.74
2024-03-07T14:50:00-06:00,2024-03-07 20:50:00+00:00,-661.021,25.146,-635.874
2024-03-07T14:55:00-06:00,2024-03-07 20:55:00+00:00,-756.141,32.44,-723.7
2024-03-07T15:00:00-06:00,2024-03-07 21:00:00+00:00,-532.869,153.125,-379.744
2024-03-07T15:05:00-06:00,2024-03-07 21:05:00+00:00,-453.364,169.506,-283.858
2024-03-07T15:10:00-06:00,2024-03-07 21:10:00+00:00,-426.968,89.424,-337.544
2024-03-07T15:15:00-06:00,2024-03-07 21:15:00+00:00,-487.551,41.575,-445.977
2024-03-07T15:20:00-06:00,2024-03-07 21:20:00+00:00,-559.087,27.165,-531.922
2024-03-07T15:25:00-06:00,2024-03-07 21:25:00+00:00,-504.597,98.397,-406.2
2024-03-07T15:30:00-06:00,2024-03-07 21:30:00+00:00,-504.791,60.26,-444.531
2024-03-07T15:35:00-06:00,2024-03-07 21:35:00+00:00,-621.386,24.928,-596.458
2024-03-07T15:40:00-06:00,2024-03-07 21:40:00+00:00,-702.674,23.043,-679.631
2024-03-07T15:45:00-06:00,2024-03-07 21:45:00+00:00,-703.735,23.315,-680.419
2024-03-07T15:50:00-06:00,2024-03-07 21:50:00+00:00,-478.027,64.325,-413.703
2024-03-07T15:55:00-06:00,2024-03-07 21:55:00+00:00,-304.21,216.784,-87.426
2024-03-07T16:00:00-06:00,2024-03-07 22:00:00+00:00,-274.848,209.692,-65.156
2024-03-07T16:05:00-06:00,2024-03-07 22:05:00+00:00,-317.647,36.983,-280.664
2024-03-07T16:10:00-06:00,2024-03-07 22:10:00+00:00,-314.958,42.11,-272.847
2024-03-07T16:15:00-06:00,2024-03-07 22:15:00+00:00,-177.154,124.058,-53.096
2024-03-07T16:20:00-06:00,2024-03-07 22:20:00+00:00,-201.56,78.32,-123.241
2024-03-07T16:25:00-06:00,2024-03-07 22:25:00+00:00,-291.502,50.037,-241.465
2024-03-07T16:30:00-06:00,2024-03-07 22:30:00+00:00,-162.385,247.671,85.287
2024-03-07T16:35:00-06:00,2024-03-07 22:35:00+00:00,-88.637,503.304,414.667
2024-03-07T16:40:00-06:00,2024-03-07 22:40:00+00:00,-53.608,321.043,267.435
2024-03-07T16:45:00-06:00,2024-03-07 22:45:00+00:00,-24.997,386.404,361.408
2024-03-07T16:50:00-06:00,2024-03-07 22:50:00+00:00,-27.501,458.306,430.805
2024-03-07T16:55:00-06:00,2024-03-07 22:55:00+00:00,-81.041,219.234,138.193
2024-03-07T17:00:00-06:00,2024-03-07 23:00:00+00:00,-335.207,101.602,-233.605
2024-03-07T17:05:00-06:00,2024-03-07 23:05:00+00:00,-505.094,55.572,-449.522
2024-03-07T17:10:00-06:00,2024-03-07 23:10:00+00:00,-397.011,117.479,-279.532
2024-03-07T17:15:00-06:00,2024-03-07 23:15:00+00:00,-217.529,119.38,-98.149
2024-03-07T17:20:00-06:00,2024-03-07 23:20:00+00:00,-239.32,87.456,-151.864
2024-03-07T17:25:00-06:00,2024-03-07 23:25:00+00:00,-78.922,571.839,492.917
2024-03-07T17:30:00-06:00,2024-03-07 23:30:00+00:00,-47.909,643.174,595.264
2024-03-07T17:35:00-06:00,2024-03-07 23:35:00+00:00,-29.86,693.691,663.831
2024-03-07T17:40:00-06:00,2024-03-07 23:40:00+00:00,-23.597,891.913,868.316
2024-03-07T17:45:00-06:00,2024-03-07 23:45:00+00:00,-42.16,758.104,715.944
2024-03-07T17:50:00-06:00,2024-03-07 23:50:00+00:00,-105.567,549.542,443.975
2024-03-07T17:55:00-06:00,2024-03-07 23:55:00+00:00,-328.432,319.058,-9.374
2024-03-07T18:00:00-06:00,2024-03-08 00:00:00+00:00,-496.724,238.547,-258.177
2024-03-07T18:05:00-06:00,2024-03-08 00:05:00+00:00,-478.653,204.297,-274.356
2024-03-07T18:10:00-06:00,2024-03-08 00:10:00+00:00,-434.839,397.739,-37.1
2024-03-07T18:15:00-06:00,2024-03-08 00:15:00+00:00,-352.591,478.413,125.822
2024-03-07T18:20:00-06:00,2024-03-08 00:20:00+00:00,-189.991,409.888,219.897
2024-03-07T18:25:00-06:00,2024-03-08 00:25:00+00:00,-137.55,641.795,504.245
2024-03-07T18:30:00-06:00,2024-03-08 00:30:00+00:00,-70.866,697.229,626.363
2024-03-07T18:35:00-06:00,2024-03-08 00:35:00+00:00,-36.656,806.076,769.42
2024-03-07T18:40:00-06:00,2024-03-08 00:40:00+00:00,-23.875,890.357,866.482
2024-03-07T18:45:00-06:00,2024-03-08 00:45:00+00:00,-47.317,945.685,898.368
2024-03-07T18:50:00-06:00,2024-03-08 00:50:00+00:00,-146.842,866.613,719.771
2024-03-07T18:55:00-06:00,2024-03-08 00:55:00+00:00,-154.004,714.378,560.375
2024-03-07T19:00:00-06:00,2024-03-08 01:00:00+00:00,-57.62,750.518,692.897
2024-03-07T19:05:00-06:00,2024-03-08 01:05:00+00:00,-16.348,1001.406,985.058
2024-03-07T19:10:00-06:00,2024-03-08 01:10:00+00:00,-39.538,1133.843,1094.305
2024-03-07T19:15:00-06:00,2024-03-08 01:15:00+00:00,-115.978,927.924,811.945
2024-03-07T19:20:00-06:00,2024-03-08 01:20:00+00:00,-121.457,811.166,689.708
2024-03-07T19:25:00-06:00,2024-03-08 01:25:00+00:00,-83.039,835.346,752.307
2024-03-07T19:30:00-06:00,2024-03-08 01:30:00+00:00,-134.089,694.754,560.665
2024-03-07T19:35:00-06:00,2024-03-08 01:35:00+00:00,-337.727,580.138,242.411
2024-03-07T19:40:00-06:00,2024-03-08 01:40:00+00:00,-360.974,483.006,122.032
2024-03-07T19:45:00-06:00,2024-03-08 01:45:00+00:00,-115.115,679.295,564.18
2024-03-07T19:50:00-06:00,2024-03-08 01:50:00+00:00,-9.968,965.413,955.445
2024-03-07T19:55:00-06:00,2024-03-08 01:55:00+00:00,-36.507,832.174,795.668
2024-03-07T20:00:00-06:00,2024-03-08 02:00:00+00:00,-109.538,904.648,795.11
2024-03-07T20:05:00-06:00,2024-03-08 02:05:00+00:00,-155.969,866.033,710.064
2024-03-07T20:10:00-06:00,2024-03-08 02:10:00+00:00,-150.559,804.695,654.136
2024-03-07T20:15:00-06:00,2024-03-08 02:15:00+00:00,-147.409,910.812,763.403
2024-03-07T20:20:00-06:00,2024-03-08 02:20:00+00:00,-199.09,773.966,574.876
2024-03-07T20:25:00-06:00,2024-03-08 02:25:00+00:00,-330.197,601.126,270.929
2024-03-07T20:30:00-06:00,2024-03-08 02:30:00+00:00,-305.818,646.439,340.621
2024-03-07T20:35:00-06:00,2024-03-08 02:35:00+00:00,-282.784,602.113,319.329
2024-03-07T20:40:00-06:00,2024-03-08 02:40:00+00:00,-313.907,499.585,185.678
2024-03-07T20:45:00-06:00,2024-03-08 02:45:00+00:00,-393.047,423.697,30.65
2024-03-07T20:50:00-06:00,2024-03-08 02:50:00+00:00,-322.399,362.617,40.218
2024-03-07T20:55:00-06:00,2024-03-08 02:55:00+00:00,-257.927,491.208,233.282
2024-03-07T21:00:00-06:00,2024-03-08 03:00:00+00:00,-221.504,479.215,257.711
2024-03-07T21:05:00-06:00,2024-03-08 03:05:00+00:00,-143.297,270.774,127.476
2024-03-07T21:10:00-06:00,2024-03-08 03:10:00+00:00,-304.337,155.527,-148.811
2024-03-07T21:15:00-06:00,2024-03-08 03:15:00+00:00,-386.923,141.36,-245.563
2024-03-07T21:20:00-06:00,2024-03-08 03:20:00+00:00,-232.225,172.918,-59.307
2024-03-07T21:25:00-06:00,2024-03-08 03:25:00+00:00,-235.751,102.689,-133.063
2024-03-07T21:30:00-06:00,2024-03-08 03:30:00+00:00,-247.056,109.151,-137.905
2024-03-07T21:35:00-06:00,2024-03-08 03:35:00+00:00,-234.762,121.585,-113.176
2024-03-07T21:40:00-06:00,2024-03-08 03:40:00+00:00,-219.6,102.658,-116.942
2024-03-07T21:45:00-06:00,2024-03-08 03:45:00+00:00,-135.353,186.508,51.155
2024-03-07T21:50:00-06:00,2024-03-08 03:50:00+00:00,-172.315,85.429,-86.886
2024-03-07T21:55:00-06:00,2024-03-08 03:55:00+00:00,-109.996,146.679,36.683
2024-03-07T22:00:00-06:00,2024-03-08 04:00:00+00:00,-99.606,379.877,280.271
2024-03-07T22:05:00-06:00,2024-03-08 04:05:00+00:00,-148.154,194.016,45.862
2024-03-07T22:10:00-06:00,2024-03-08 04:10:00+00:00,-208.074,99.656,-108.418
2024-03-07T22:15:00-06:00,2024-03-08 04:15:00+00:00,-340.95,86.586,-254.364
2024-03-07T22:20:00-06:00,2024-03-08 04:20:00+00:00,-282.858,88.973,-193.885
2024-03-07T22:25:00-06:00,2024-03-08 04:25:00+00:00,-226.197,66.803,-159.394
2024-03-07T22:30:00-06:00,2024-03-08 04:30:00+00:00,-63.378,293.879,230.501
2024-03-07T22:35:00-06:00,2024-03-08 04:35:00+00:00,-56.601,392.192,335.591
2024-03-07T22:40:00-06:00,2024-03-08 04:40:00+00:00,-171.295,135.906,-35.388
2024-03-07T22:45:00-06:00,2024-03-08 04:45:00+00:00,-178.686,21.582,-157.104
2024-03-07T22:50:00-06:00,2024-03-08 04:50:00+00:00,-89.623,77.214,-12.409
2024-03-07T22:55:00-06:00,2024-03-08 04:55:00+00:00,-43.535,186.215,142.68
2024-03-07T23:00:00-06:00,2024-03-08 05:00:00+00:00,-53.051,178.519,125.468
2024-03-07T23:05:00-06:00,2024-03-08 05:05:00+00:00,-152.56,78.231,-74.329
2024-03-07T23:10:00-06:00,2024-03-08 05:10:00+00:00,-176.966,55.696,-121.27
2024-03-07T23:15:00-06:00,2024-03-08 05:15:00+00:00,-152.683,26.738,-125.945
2024-03-07T23:20:00-06:00,2024-03-08 05:20:00+00:00,-157.091,40.604,-116.488
2024-03-07T23:25:00-06:00,2024-03-08 05:25:00+00:00,-127.463,114.141,-13.322
2024-03-07T23:30:00-06:00,2024-03-08 05:30:00+00:00,-68.957,102.747,33.79
2024-03-07T23:35:00-06:00,2024-03-08 05:35:00+00:00,-125.282,51.321,-73.961
2024-03-07T23:40:00-06:00,2024-03-08 05:40:00+00:00,-131.011,70.088,-60.922
2024-03-07T23:45:00-06:00,2024-03-08 05:45:00+00:00,-64.169,86.952,22.784
2024-03-07T23:50:00-06:00,2024-03-08 05:50:00+00:00,-91.963,124.629,32.666
2024-03-07T23:55:00-06:00,2024-03-08 05:55:00+00:00,-212.986,63.589,-149.396
2024-03-08T00:00:00-06:00,2024-03-08 06:00:00+00:00,-150.43,70.156,-80.274
2024-03-08T00:05:00-06:00,2024-03-08 06:05:00+00:00,-75.248,206.077,130.829
2024-03-08T00:10:00-06:00,2024-03-08 06:10:00+00:00,-34.573,248.807,214.234
2024-03-08T00:15:00-06:00,2024-03-08 06:15:00+00:00,-85.795,172.031,86.236
2024-03-08T00:20:00-06:00,2024-03-08 06:20:00+00:00,-133.249,100.135,-33.114
2024-03-08T00:25:00-06:00,2024-03-08 06:25:00+00:00,-178.487,103.909,-74.578
2024-03-08T00:30:00-06:00,2024-03-08 06:30:00+00:00,-57.382,103.177,45.795
2024-03-08T00:35:00-06:00,2024-03-08 06:35:00+00:00,-108.989,71.742,-37.247
2024-03-08T00:40:00-06:00,2024-03-08 06:40:00+00:00,-223.624,33.705,-189.918
2024-03-08T00:45:00-06:00,2024-03-08 06:45:00+00:00,-291.01,26.6,-264.41
2024-03-08T00:50:00-06:00,2024-03-08 06:50:00+00:00,-222.785,20.483,-202.302
2024-03-08T00:55:00-06:00,2024-03-08 06:55:00+00:00,-148.055,61.531,-86.524
2024-03-08T01:00:00-06:00,2024-03-08 07:00:00+00:00,-85.689,98.197,12.508
2024-03-08T01:05:00-06:00,2024-03-08 07:05:00+00:00,-123.201,177.406,54.206
2024-03-08T01:10:00-06:00,2024-03-08 07:10:00+00:00,-121.273,120.407,-0.867
2024-03-08T01:15:00-06:00,2024-03-08 07:15:00+00:00,-87.662,178.813,91.151
2024-03-08T01:20:00-06:00,2024-03-08 07:20:00+00:00,-91.396,219.921,128.525
2024-03-08T01:25:00-06:00,2024-03-08 07:25:00+00:00,-162.514,96.719,-65.795
2024-03-08T01:30:00-06:00,2024-03-08 07:30:00+00:00,-314.339,17.051,-297.287
2024-03-08T01:35:00-06:00,2024-03-08 07:35:00+00:00,-398.178,20.298,-377.88
2024-03-08T01:40:00-06:00,2024-03-08 07:40:00+00:00,-389.254,22.852,-366.402
2024-03-08T01:45:00-06:00,2024-03-08 07:45:00+00:00,-364.591,38.738,-325.853
2024-03-08T01:50:00-06:00,2024-03-08 07:50:00+00:00,-283.767,72.146,-211.621
2024-03-08T01:55:00-06:00,2024-03-08 07:55:00+00:00,-311.114,49.39,-261.723
2024-03-08T02:00:00-06:00,2024-03-08 08:00:00+00:00,-357.398,21.965,-335.433
2024-03-08T02:05:00-06:00,2024-03-08 08:05:00+00:00,-302.926,49.328,-253.598
2024-03-08T02:10:00-06:00,2024-03-08 08:10:00+00:00,-235.248,159.931,-75.317
2024-03-08T02:15:00-06:00,2024-03-08 08:15:00+00:00,-293.556,60.894,-232.662
2024-03-08T02:20:00-06:00,2024-03-08 08:20:00+00:00,-370.153,35.441,-334.712
2024-03-08T02:25:00-06:00,2024-03-08 08:25:00+00:00,-408.65,14.653,-393.997
2024-03-08T02:30:00-06:00,2024-03-08 08:30:00+00:00,-374.881,26.769,-348.112
2024-03-08T02:35:00-06:00,2024-03-08 08:35:00+00:00,-336.906,125.257,-211.649
2024-03-08T02:40:00-06:00,2024-03-08 08:40:00+00:00,-371.682,118.95,-252.732
2024-03-08T02:45:00-06:00,2024-03-08 08:45:00+00:00,-501.794,23.487,-478.307
2024-03-08T02:50:00-06:00,2024-03-08 08:50:00+00:00,-584.939,10.143,-574.796
2024-03-08T02:55:00-06:00,2024-03-08 08:55:00+00:00,-559.576,15.372,-544.204
2024-03-08T03:00:00-06:00,2024-03-08 09:00:00+00:00,-557.869,20.087,-537.782
2024-03-08T03:05:00-06:00,2024-03-08 09:05:00+00:00,-557.471,84.888,-472.583
2024-03-08T03:10:00-06:00,2024-03-08 09:10:00+00:00,-644.013,92.822,-551.191
2024-03-08T03:15:00-06:00,2024-03-08 09:15:00+00:00,-725.831,15.45,-710.38
2024-03-08T03:20:00-06:00,2024-03-08 09:20:00+00:00,-734.83,3.801,-731.029
2024-03-08T03:25:00-06:00,2024-03-08 09:25:00+00:00,-575.015,12.801,-562.215
2024-03-08T03:30:00-06:00,2024-03-08 09:30:00+00:00,-461.62,21.475,-440.146
2024-03-08T03:35:00-06:00,2024-03-08 09:35:00+00:00,-489.551,37.067,-452.485
2024-03-08T03:40:00-06:00,2024-03-08 09:40:00+00:00,-531.81,39.377,-492.433
2024-03-08T03:45:00-06:00,2024-03-08 09:45:00+00:00,-523.293,52.108,-471.185
2024-03-08T03:50:00-06:00,2024-03-08 09:50:00+00:00,-537.412,16.541,-520.871
2024-03-08T03:55:00-06:00,2024-03-08 09:55:00+00:00,-503.652,10.616,-493.036
2024-03-08T04:00:00-06:00,2024-03-08 10:00:00+00:00,-423.608,39.366,-384.243
2024-03-08T04:05:00-06:00,2024-03-08 10:05:00+00:00,-460.885,219.182,-241.703
2024-03-08T04:10:00-06:00,2024-03-08 10:10:00+00:00,-530.166,234.695,-295.471
2024-03-08T04:15:00-06:00,2024-03-08 10:15:00+00:00,-550.066,38.842,-511.224
2024-03-08T04:20:00-06:00,2024-03-08 10:20:00+00:00,-727.013,15.23,-711.783
2024-03-08T04:25:00-06:00,2024-03-08 10:25:00+00:00,-849.479,5.08,-844.399
2024-03-08T04:30:00-06:00,2024-03-08 10:30:00+00:00,-852.965,5.309,-847.656
2024-03-08T04:35:00-06:00,2024-03-08 10:35:00+00:00,-750.173,6.368,-743.805
2024-03-08T04:40:00-06:00,2024-03-08 10:40:00+00:00,-582.892,133.431,-449.462
2024-03-08T04:45:00-06:00,2024-03-08 10:45:00+00:00,-505.404,158.422,-346.982
2024-03-08T04:50:00-06:00,2024-03-08 10:50:00+00:00,-524.971,16.138,-508.833
2024-03-08T04:55:00-06:00,2024-03-08 10:55:00+00:00,-595.789,5.819,-589.97
2024-03-08T05:00:00-06:00,2024-03-08 11:00:00+00:00,-594.875,1.585,-593.289
2024-03-08T05:05:00-06:00,2024-03-08 11:05:00+00:00,-470.055,2.728,-467.327
2024-03-08T05:10:00-06:00,2024-03-08 11:10:00+00:00,-202.083,68.032,-134.052
2024-03-08T05:15:00-06:00,2024-03-08 11:15:00+00:00,-174.783,166.996,-7.788
2024-03-08T05:20:00-06:00,2024-03-08 11:20:00+00:00,-137.056,142.593,5.537
2024-03-08T05:25:00-06:00,2024-03-08 11:25:00+00:00,-244.196,4.167,-240.028
2024-03-08T05:30:00-06:00,2024-03-08 11:30:00+00:00,-324.042,4.009,-320.033
2024-03-08T05:35:00-06:00,2024-03-08 11:35:00+00:00,-206.314,50.176,-156.138
2024-03-08T05:40:00-06:00,2024-03-08 11:40:00+00:00,-216.735,107.063,-109.672
2024-03-08T05:45:00-06:00,2024-03-08 11:45:00+00:00,-301.283,32.655,-268.628
2024-03-08T05:50:00-06:00,2024-03-08 11:50:00+00:00,-321.938,9.925,-312.013
2024-03-08T05:55:00-06:00,2024-03-08 11:55:00+00:00,-199.439,78.574,-120.865
2024-03-08T06:00:00-06:00,2024-03-08 12:00:00+00:00,-166.797,139.366,-27.431
2024-03-08T06:05:00-06:00,2024-03-08 12:05:00+00:00,-125.575,161.872,36.297
2024-03-08T06:10:00-06:00,2024-03-08 12:10:00+00:00,-125.708,334.833,209.125
2024-03-08T06:15:00-06:00,2024-03-08 12:15:00+00:00,-124.661,250.235,125.575
2024-03-08T06:20:00-06:00,2024-03-08 12:20:00+00:00,-104.314,160.504,56.189
2024-03-08T06:25:00-06:00,2024-03-08 12:25:00+00:00,-101.436,158.806,57.37
2024-03-08T06:30:00-06:00,2024-03-08 12:30:00+00:00,-92.115,186.79,94.675
2024-03-08T06:35:00-06:00,2024-03-08 12:35:00+00:00,-40.03,294.325,254.295
2024-03-08T06:40:00-06:00,2024-03-08 12:40:00+00:00,-25.486,415.512,390.027
2024-03-08T06:45:00-06:00,2024-03-08 12:45:00+00:00,-17.678,495.108,477.43
2024-03-08T06:50:00-06:00,2024-03-08 12:50:00+00:00,-31.93,432.122,400.192
2024-03-08T06:55:00-06:00,2024-03-08 12:55:00+00:00,-77.595,373.439,295.844
2024-03-08T07:00:00-06:00,2024-03-08 13:00:00+00:00,-141.836,269.37,127.534
2024-03-08T07:05:00-06:00,2024-03-08 13:05:00+00:00,-146.608,188.982,42.374
2024-03-08T07:10:00-06:00,2024-03-08 13:10:00+00:00,-21.181,413.543,392.362
2024-03-08T07:15:00-06:00,2024-03-08 13:15:00+00:00,-25.216,444.953,419.737
2024-03-08T07:20:00-06:00,2024-03-08 13:20:00+00:00,-27.483,383.727,356.243
2024-03-08T07:25:00-06:00,2024-03-08 13:25:00+00:00,-69.731,244.21,174.479
2024-03-08T07:30:00-06:00,2024-03-08 13:30:00+00:00,-137.402,164.506,27.104
2024-03-08T07:35:00-06:00,2024-03-08 13:35:00+00:00,-56.458,173.147,116.69
2024-03-08T07:40:00-06:00,2024-03-08 13:40:00+00:00,-77.932,173.022,95.09
2024-03-08T07:45:00-06:00,2024-03-08 13:45:00+00:00,-102.823,163.328,60.505
2024-03-08T07:50:00-06:00,2024-03-08 13:50:00+00:00,-197.801,139.126,-58.674
2024-03-08T07:55:00-06:00,2024-03-08 13:55:00+00:00,-257.349,108.646,-148.703
2024-03-08T08:00:00-06:00,2024-03-08 14:00:00+00:00,-164.814,71.612,-93.203
2024-03-08T08:05:00-06:00,2024-03-08 14:05:00+00:00,-125.972,60.388,-65.584
2024-03-08T08:10:00-06:00,2024-03-08 14:10:00+00:00,-143.0,84.235,-58.765
2024-03-08T08:15:00-06:00,2024-03-08 14:15:00+00:00,-203.748,31.061,-172.687
2024-03-08T08:20:00-06:00,2024-03-08 14:20:00+00:00,-260.897,17.113,-243.784
2024-03-08T08:25:00-06:00,2024-03-08 14:25:00+00:00,-198.456,8.948,-189.507
2024-03-08T08:30:00-06:00,2024-03-08 14:30:00+00:00,-314.136,3.77,-310.366
2024-03-08T08:35:00-06:00,2024-03-08 14:35:00+00:00,-388.016,8.949,-379.067
2024-03-08T08:40:00-06:00,2024-03-08 14:40:00+00:00,-507.173,4.623,-502.55
2024-03-08T08:45:00-06:00,2024-03-08 14:45:00+00:00,-563.222,9.896,-553.326
2024-03-08T08:50:00-06:00,2024-03-08 14:50:00+00:00,-403.135,123.285,-279.85
2024-03-08T08:55:00-06:00,2024-03-08 14:55:00+00:00,-308.004,233.231,-74.773
2024-03-08T09:00:00-06:00,2024-03-08 15:00:00+00:00,-270.867,231.818,-39.049
2024-03-08T09:05:00-06:00,2024-03-08 15:05:00+00:00,-358.577,109.894,-248.682
2024-03-08T09:10:00-06:00,2024-03-08 15:10:00+00:00,-610.024,4.697,-605.327
2024-03-08T09:15:00-06:00,2024-03-08 15:15:00+00:00,-556.335,38.326,-518.009
2024-03-08T09:20:00-06:00,2024-03-08 15:20:00+00:00,-363.442,184.642,-178.8
2024-03-08T09:25:00-06:00,2024-03-08 15:25:00+00:00,-375.359,269.236,-106.123
2024-03-08T09:30:00-06:00,2024-03-08 15:30:00+00:00,-455.684,54.986,-400.697
2024-03-08T09:35:00-06:00,2024-03-08 15:35:00+00:00,-593.841,3.881,-589.96
2024-03-08T09:40:00-06:00,2024-03-08 15:40:00+00:00,-564.676,21.615,-543.06
2024-03-08T09:45:00-06:00,2024-03-08 15:45:00+00:00,-513.726,33.473,-480.253
2024-03-08T09:50:00-06:00,2024-03-08 15:50:00+00:00,-602.548,6.74,-595.808
2024-03-08T09:55:00-06:00,2024-03-08 15:55:00+00:00,-503.132,18.534,-484.598
2024-03-08T10:00:00-06:00,2024-03-08 16:00:00+00:00,-323.569,173.407,-150.162
2024-03-08T10:05:00-06:00,2024-03-08 16:05:00+00:00,-260.725,364.676,103.951
2024-03-08T10:10:00-06:00,2024-03-08 16:10:00+00:00,-229.284,457.124,227.84
2024-03-08T10:15:00-06:00,2024-03-08 16:15:00+00:00,-216.615,160.779,-55.836
2024-03-08T10:20:00-06:00,2024-03-08 16:20:00+00:00,-380.083,9.545,-370.538
2024-03-08T10:25:00-06:00,2024-03-08 16:25:00+00:00,-449.264,9.541,-439.723
2024-03-08T10:30:00-06:00,2024-03-08 16:30:00+00:00,-460.246,9.087,-451.159
2024-03-08T10:35:00-06:00,2024-03-08 16:35:00+00:00,-525.971,9.006,-516.965
2024-03-08T10:40:00-06:00,2024-03-08 16:40:00+00:00,-358.989,31.296,-327.693
2024-03-08T10:45:00-06:00,2024-03-08 16:45:00+00:00,-179.138,115.364,-63.774
2024-03-08T10:50:00-06:00,2024-03-08 16:50:00+00:00,-146.095,257.786,111.691
2024-03-08T10:55:00-06:00,2024-03-08 16:55:00+00:00,-120.004,241.274,121.27
2024-03-08T11:00:00-06:00,2024-03-08 17:00:00+00:00,-215.01,43.338,-171.672
2024-03-08T11:05:00-06:00,2024-03-08 17:05:00+00:00,-435.258,2.482,-432.776
2024-03-08T11:10:00-06:00,2024-03-08 17:10:00+00:00,-293.912,31.291,-262.621
2024-03-08T11:15:00-06:00,2024-03-08 17:15:00+00:00,-87.287,130.354,43.067
2024-03-08T11:20:00-06:00,2024-03-08 17:20:00+00:00,-139.342,61.219,-78.123
2024-03-08T11:25:00-06:00,2024-03-08 17:25:00+00:00,-98.931,131.557,32.626
2024-03-08T11:30:00-06:00,2024-03-08 17:30:00+00:00,-115.755,199.67,83.916
2024-03-08T11:35:00-06:00,2024-03-08 17:35:00+00:00,-168.8,163.849,-4.951
2024-03-08T11:40:00-06:00,2024-03-08 17:40:00+00:00,-206.849,112.839,-94.01
2024-03-08T11:45:00-06:00,2024-03-08 17:45:00+00:00,-332.763,102.496,-230.267
2024-03-08T11:50:00-06:00,2024-03-08 17:50:00+00:00,-365.95,110.23,-255.72
2024-03-08T11:55:00-06:00,2024-03-08 17:55:00+00:00,-249.129,126.021,-123.108
2024-03-08T12:00:00-06:00,2024-03-08 18:00:00+00:00,-357.545,113.244,-244.301
2024-03-08T12:05:00-06:00,2024-03-08 18:05:00+00:00,-527.662,157.705,-369.957
2024-03-08T12:10:00-06:00,2024-03-08 18:10:00+00:00,-452.914,349.72,-103.194
2024-03-08T12:15:00-06:00,2024-03-08 18:15:00+00:00,-391.959,316.297,-75.662
2024-03-08T12:20:00-06:00,2024-03-08 18:20:00+00:00,-493.329,170.426,-322.903
2024-03-08T12:25:00-06:00,2024-03-08 18:25:00+00:00,-542.763,124.499,-418.264
2024-03-08T12:30:00-06:00,2024-03-08 18:30:00+00:00,-289.095,224.202,-64.893
2024-03-08T12:35:00-06:00,2024-03-08 18:35:00+00:00,-270.278,283.745,13.467
2024-03-08T12:40:00-06:00,2024-03-08 18:40:00+00:00,-252.711,221.407,-31.304
2024-03-08T12:45:00-06:00,2024-03-08 18:45:00+00:00,-251.911,188.909,-63.002
2024-03-08T12:50:00-06:00,2024-03-08 18:50:00+00:00,-308.319,126.157,-182.161
2024-03-08T12:55:00-06:00,2024-03-08 18:55:00+00:00,-286.527,155.718,-130.809
2024-03-08T13:00:00-06:00,2024-03-08 19:00:00+00:00,-276.619,155.45,-121.169
2024-03-08T13:05:00-06:00,2024-03-08 19:05:00+00:00,-123.108,272.212,149.103
2024-03-08T13:10:00-06:00,2024-03-08 19:10:00+00:00,-87.144,383.187,296.043
2024-03-08T13:15:00-06:00,2024-03-08 19:15:00+00:00,-141.507,193.312,51.805
2024-03-08T13:20:00-06:00,2024-03-08 19:20:00+00:00,-298.805,56.417,-242.388
2024-03-08T13:25:00-06:00,2024-03-08 19:25:00+00:00,-464.106,18.01,-446.095
2024-03-08T13:30:00-06:00,2024-03-08 19:30:00+00:00,-342.648,23.302,-319.346
2024-03-08T13:35:00-06:00,2024-03-08 19:35:00+00:00,-186.377,47.303,-139.074
2024-03-08T13:40:00-06:00,2024-03-08 19:40:00+00:00,-228.607,27.005,-201.602
2024-03-08T13:45:00-06:00,2024-03-08 19:45:00+00:00,-236.002,26.828,-209.175
2024-03-08T13:50:00-06:00,2024-03-08 19:50:00+00:00,-323.007,14.453,-308.555
2024-03-08T13:55:00-06:00,2024-03-08 19:55:00+00:00,-224.628,35.712,-188.916
2024-03-08T14:00:00-06:00,2024-03-08 20:00:00+00:00,-220.762,48.538,-172.225
2024-03-08T14:05:00-06:00,2024-03-08 20:05:00+00:00,-398.879,26.721,-372.158
2024-03-08T14:10:00-06:00,2024-03-08 20:10:00+00:00,-288.764,182.811,-105.952
2024-03-08T14:15:00-06:00,2024-03-08 20:15:00+00:00,-186.987,454.983,267.997
2024-03-08T14:20:00-06:00,2024-03-08 20:20:00+00:00,-138.33,276.968,138.638
2024-03-08T14:25:00-06:00,2024-03-08 20:25:00+00:00,-271.861,36.106,-235.756
2024-03-08T14:30:00-06:00,2024-03-08 20:30:00+00:00,-297.672,42.03,-255.642
2024-03-08T14:35:00-06:00,2024-03-08 20:35:00+00:00,-201.02,54.11,-146.909
2024-03-08T14:40:00-06:00,2024-03-08 20:40:00+00:00,-378.594,3.519,-375.075
2024-03-08T14:45:00-06:00,2024-03-08 20:45:00+00:00,-562.469,2.277,-560.192
2024-03-08T14:50:00-06:00,2024-03-08 20:50:00+00:00,-459.228,12.337,-446.891
2024-03-08T14:55:00-06:00,2024-03-08 20:55:00+00:00,-314.441,62.41,-252.031
2024-03-08T15:00:00-06:00,2024-03-08 21:00:00+00:00,-233.984,233.964,-0.02
2024-03-08T15:05:00-06:00,2024-03-08 21:05:00+00:00,-168.164,213.506,45.342
2024-03-08T15:10:00-06:00,2024-03-08 21:10:00+00:00,-139.219,160.317,21.098
2024-03-08T15:15:00-06:00,2024-03-08 21:15:00+00:00,-117.079,141.623,24.544
2024-03-08T15:20:00-06:00,2024-03-08 21:20:00+00:00,-124.678,146.241,21.564
2024-03-08T15:25:00-06:00,2024-03-08 21:25:00+00:00,-168.198,75.152,-93.047
2024-03-08T15:30:00-06:00,2024-03-08 21:30:00+00:00,-377.671,2.88,-374.791
2024-03-08T15:35:00-06:00,2024-03-08 21:35:00+00:00,-593.272,2.572,-590.7
2024-03-08T15:40:00-06:00,2024-03-08 21:40:00+00:00,-514.784,9.399,-505.385
2024-03-08T15:45:00-06:00,2024-03-08 21:45:00+00:00,-330.563,89.984,-240.579
2024-03-08T15:50:00-06:00,2024-03-08 21:50:00+00:00,-149.907,300.222,150.315
2024-03-08T15:55:00-06:00,2024-03-08 21:55:00+00:00,-157.516,332.804,175.288
2024-03-08T16:00:00-06:00,2024-03-08 22:00:00+00:00,-159.994,328.795,168.802
2024-03-08T16:05:00-06:00,2024-03-08 22:05:00+00:00,-210.699,73.413,-137.286
2024-03-08T16:10:00-06:00,2024-03-08 22:10:00+00:00,-333.524,67.42,-266.103
2024-03-08T16:15:00-06:00,2024-03-08 22:15:00+00:00,-238.471,67.419,-171.052
2024-03-08T16:20:00-06:00,2024-03-08 22:20:00+00:00,-484.907,14.476,-470.431
2024-03-08T16:25:00-06:00,2024-03-08 22:25:00+00:00,-556.509,24.715,-531.793
2024-03-08T16:30:00-06:00,2024-03-08 22:30:00+00:00,-588.457,29.906,-558.551
2024-03-08T16:35:00-06:00,2024-03-08 22:35:00+00:00,-433.521,43.939,-389.583
2024-03-08T16:40:00-06:00,2024-03-08 22:40:00+00:00,-352.549,95.083,-257.466
2024-03-08T16:45:00-06:00,2024-03-08 22:45:00+00:00,-270.515,162.961,-107.554
2024-03-08T16:50:00-06:00,2024-03-08 22:50:00+00:00,-409.102,39.381,-369.721
2024-03-08T16:55:00-06:00,2024-03-08 22:55:00+00:00,-537.666,15.0,-522.667
2024-03-08T17:00:00-06:00,2024-03-08 23:00:00+00:00,-349.335,89.441,-259.894
2024-03-08T17:05:00-06:00,2024-03-08 23:05:00+00:00,-189.756,182.208,-7.549
2024-03-08T17:10:00-06:00,2024-03-08 23:10:00+00:00,-93.213,202.815,109.602
2024-03-08T17:15:00-06:00,2024-03-08 23:15:00+00:00,-88.845,154.814,65.969
2024-03-08T17:20:00-06:00,2024-03-08 23:20:00+00:00,-129.253,106.269,-22.984
2024-03-08T17:25:00-06:00,2024-03-08 23:25:00+00:00,-208.722,18.465,-190.257
2024-03-08T17:30:00-06:00,2024-03-08 23:30:00+00:00,-274.536,33.294,-241.242
2024-03-08T17:35:00-06:00,2024-03-08 23:35:00+00:00,-418.741,55.364,-363.378
2024-03-08T17:40:00-06:00,2024-03-08 23:40:00+00:00,-237.823,89.038,-148.785
2024-03-08T17:45:00-06:00,2024-03-08 23:45:00+00:00,-112.233,128.365,16.132
2024-03-08T17:50:00-06:00,2024-03-08 23:50:00+00:00,-135.944,108.753,-27.191
2024-03-08T17:55:00-06:00,2024-03-08 23:55:00+00:00,-131.91,82.896,-49.014
2024-03-08T18:00:00-06:00,2024-03-09 00:00:00+00:00,-219.819,58.017,-161.802
2024-03-08T18:05:00-06:00,2024-03-09 00:05:00+00:00,-182.682,68.228,-114.454
2024-03-08T18:10:00-06:00,2024-03-09 00:10:00+00:00,-134.62,112.027,-22.593
2024-03-08T18:15:00-06:00,2024-03-09 00:15:00+00:00,-65.784,531.797,466.013
2024-03-08T18:20:00-06:00,2024-03-09 00:20:00+00:00,-78.568,588.753,510.185
2024-03-08T18:25:00-06:00,2024-03-09 00:25:00+00:00,-89.961,256.494,166.533
2024-03-08T18:30:00-06:00,2024-03-09 00:30:00+00:00,-181.104,119.987,-61.118
2024-03-08T18:35:00-06:00,2024-03-09 00:35:00+00:00,-209.392,124.713,-84.678
2024-03-08T18:40:00-06:00,2024-03-09 00:40:00+00:00,-78.418,244.005,165.587
2024-03-08T18:45:00-06:00,2024-03-09 00:45:00+00:00,-70.765,368.096,297.332
2024-03-08T18:50:00-06:00,2024-03-09 00:50:00+00:00,-162.327,257.234,94.907
2024-03-08T18:55:00-06:00,2024-03-09 00:55:00+00:00,-281.245,224.031,-57.214
2024-03-08T19:00:00-06:00,2024-03-09 01:00:00+00:00,-235.762,147.71,-88.052
2024-03-08T19:05:00-06:00,2024-03-09 01:05:00+00:00,-169.321,140.529,-28.793
2024-03-08T19:10:00-06:00,2024-03-09 01:10:00+00:00,-110.693,131.785,21.092
2024-03-08T19:15:00-06:00,2024-03-09 01:15:00+00:00,-82.664,143.151,60.486
2024-03-08T19:20:00-06:00,2024-03-09 01:20:00+00:00,-93.768,125.019,31.251
2024-03-08T19:25:00-06:00,2024-03-09 01:25:00+00:00,-111.033,101.716,-9.317
2024-03-08T19:30:00-06:00,2024-03-09 01:30:00+00:00,-193.551,42.52,-151.031
2024-03-08T19:35:00-06:00,2024-03-09 01:35:00+00:00,-161.257,31.442,-129.815
2024-03-08T19:40:00-06:00,2024-03-09 01:40:00+00:00,-108.565,36.195,-72.369
2024-03-08T19:45:00-06:00,2024-03-09 01:45:00+00:00,-81.886,63.298,-18.588
2024-03-08T19:50:00-06:00,2024-03-09 01:50:00+00:00,-100.978,59.27,-41.708
2024-03-08T19:55:00-06:00,2024-03-09 01:55:00+00:00,-150.617,35.754,-114.863
2024-03-08T20:00:00-06:00,2024-03-09 02:00:00+00:00,-118.296,16.658,-101.638
2024-03-08T20:05:00-06:00,2024-03-09 02:05:00+00:00,-110.136,90.899,-19.237
2024-03-08T20:10:00-06:00,2024-03-09 02:10:00+00:00,-175.368,73.917,-101.451
2024-03-08T20:15:00-06:00,2024-03-09 02:15:00+00:00,-186.01,59.272,-126.738
2024-03-08T20:20:00-06:00,2024-03-09 02:20:00+00:00,-102.118,90.199,-11.919
2024-03-08T20:25:00-06:00,2024-03-09 02:25:00+00:00,-68.54,212.654,144.114
2024-03-08T20:30:00-06:00,2024-03-09 02:30:00+00:00,-19.939,328.51,308.571
2024-03-08T20:35:00-06:00,2024-03-09 02:35:00+00:00,-27.444,248.379,220.935
2024-03-08T20:40:00-06:00,2024-03-09 02:40:00+00:00,-32.099,146.167,114.068
2024-03-08T20:45:00-06:00,2024-03-09 02:45:00+00:00,-82.614,114.519,31.906
2024-03-08T20:50:00-06:00,2024-03-09 02:50:00+00:00,-144.075,99.208,-44.867
2024-03-08T20:55:00-06:00,2024-03-09 02:55:00+00:00,-199.532,84.861,-114.671
2024-03-08T21:00:00-06:00,2024-03-09 03:00:00+00:00,-113.877,126.446,12.569
2024-03-08T21:05:00-06:00,2024-03-09 03:05:00+00:00,-17.016,249.405,232.389
2024-03-08T21:10:00-06:00,2024-03-09 03:10:00+00:00,-35.955,194.787,158.832
2024-03-08T21:15:00-06:00,2024-03-09 03:15:00+00:00,-163.89,36.81,-127.08
2024-03-08T21:20:00-06:00,2024-03-09 03:20:00+00:00,-243.244,16.5,-226.744
2024-03-08T21:25:00-06:00,2024-03-09 03:25:00+00:00,-215.533,16.702,-198.832
2024-03-08T21:30:00-06:00,2024-03-09 03:30:00+00:00,-87.673,53.866,-33.807
2024-03-08T21:35:00-06:00,2024-03-09 03:35:00+00:00,-18.606,195.559,176.953
2024-03-08T21:40:00-06:00,2024-03-09 03:40:00+00:00,-13.409,246.308,232.899
2024-03-08T21:45:00-06:00,2024-03-09 03:45:00+00:00,-35.117,127.849,92.732
2024-03-08T21:50:00-06:00,2024-03-09 03:50:00+00:00,-184.774,11.118,-173.656
2024-03-08T21:55:00-06:00,2024-03-09 03:55:00+00:00,-242.748,4.083,-238.665
2024-03-08T22:00:00-06:00,2024-03-09 04:00:00+00:00,-145.875,22.891,-122.984
2024-03-08T22:05:00-06:00,2024-03-09 04:05:00+00:00,-64.53,132.045,67.514
2024-03-08T22:10:00-06:00,2024-03-09 04:10:00+00:00,-110.166,194.541,84.375
2024-03-08T22:15:00-06:00,2024-03-09 04:15:00+00:00,-114.642,128.217,13.575
2024-03-08T22:20:00-06:00,2024-03-09 04:20:00+00:00,-107.242,95.187,-12.056
2024-03-08T22:25:00-06:00,2024-03-09 04:25:00+00:00,-135.476,59.918,-75.558
2024-03-08T22:30:00-06:00,2024-03-09 04:30:00+00:00,-174.95,29.69,-145.261
2024-03-08T22:35:00-06:00,2024-03-09 04:35:00+00:00,-185.619,45.678,-139.942
2024-03-08T22:40:00-06:00,2024-03-09 04:40:00+00:00,-85.51,99.25,13.74
2024-03-08T22:45:00-06:00,2024-03-09 04:45:00+00:00,-36.077,197.893,161.816
2024-03-08T22:50:00-06:00,2024-03-09 04:50:00+00:00,-80.119,88.601,8.483
2024-03-08T22:55:00-06:00,2024-03-09 04:55:00+00:00,-185.277,32.39,-152.887
2024-03-08T23:00:00-06:00,2024-03-09 05:00:00+00:00,-110.171,62.787,-47.383
2024-03-08T23:05:00-06:00,2024-03-09 05:05:00+00:00,-47.416,133.428,86.012
2024-03-08T23:10:00-06:00,2024-03-09 05:10:00+00:00,-29.949,145.723,115.774
2024-03-08T23:15:00-06:00,2024-03-09 05:15:00+00:00,-75.862,54.497,-21.365
2024-03-08T23:20:00-06:00,2024-03-09 05:20:00+00:00,-67.312,42.512,-24.8
2024-03-08T23:25:00-06:00,2024-03-09 05:25:00+00:00,-66.48,18.385,-48.095
2024-03-08T23:30:00-06:00,2024-03-09 05:30:00+00:00,-147.528,9.871,-137.657
2024-03-08T23:35:00-06:00,2024-03-09 05:35:00+00:00,-73.82,54.671,-19.149
2024-03-08T23:40:00-06:00,2024-03-09 05:40:00+00:00,-40.727,152.197,111.47
2024-03-08T23:45:00-06:00,2024-03-09 05:45:00+00:00,-98.07,143.187,45.116
2024-03-08T23:50:00-06:00,2024-03-09 05:50:00+00:00,-300.692,62.628,-238.063
2024-03-08T23:55:00-06:00,2024-03-09 05:55:00+00:00,-248.326,48.002,-200.324
2024-03-09T00:00:00-06:00,2024-03-09 06:00:00+00:00,-87.529,116.36,28.831
2024-03-09T00:05:00-06:00,2024-03-09 06:05:00+00:00,-96.759,143.34,46.581
2024-03-09T00:10:00-06:00,2024-03-09 06:10:00+00:00,-50.491,101.367,50.875
2024-03-09T00:15:00-06:00,2024-03-09 06:15:00+00:00,-186.494,68.655,-117.839
2024-03-09T00:20:00-06:00,2024-03-09 06:20:00+00:00,-139.493,97.67,-41.823
2024-03-09T00:25:00-06:00,2024-03-09 06:25:00+00:00,-156.115,171.766,15.651
2024-03-09T00:30:00-06:00,2024-03-09 06:30:00+00:00,-183.393,205.673,22.28
2024-03-09T00:35:00-06:00,2024-03-09 06:35:00+00:00,-144.927,276.953,132.026
2024-03-09T00:40:00-06:00,2024-03-09 06:40:00+00:00,-174.847,218.375,43.528
2024-03-09T00:45:00-06:00,2024-03-09 06:45:00+00:00,-255.193,70.896,-184.297
2024-03-09T00:50:00-06:00,2024-03-09 06:50:00+00:00,-392.414,14.356,-378.058
2024-03-09T00:55:00-06:00,2024-03-09 06:55:00+00:00,-428.044,4.866,-423.178
2024-03-09T01:00:00-06:00,2024-03-09 07:00:00+00:00,-203.489,87.763,-115.726
2024-03-09T01:05:00-06:00,2024-03-09 07:05:00+00:00,-96.708,87.84,-8.868
2024-03-09T01:10:00-06:00,2024-03-09 07:10:00+00:00,-198.935,29.527,-169.408
2024-03-09T01:15:00-06:00,2024-03-09 07:15:00+00:00,-231.442,7.398,-224.044
2024-03-09T01:20:00-06:00,2024-03-09 07:20:00+00:00,-209.308,6.968,-202.34
2024-03-09T01:25:00-06:00,2024-03-09 07:25:00+00:00,-162.142,20.453,-141.689
2024-03-09T01:30:00-06:00,2024-03-09 07:30:00+00:00,-158.71,35.094,-123.616
2024-03-09T01:35:00-06:00,2024-03-09 07:35:00+00:00,-157.918,45.314,-112.603
2024-03-09T01:40:00-06:00,2024-03-09 07:40:00+00:00,-145.153,92.508,-52.644
2024-03-09T01:45:00-06:00,2024-03-09 07:45:00+00:00,-139.709,138.251,-1.457
2024-03-09T01:50:00-06:00,2024-03-09 07:50:00+00:00,-127.283,188.311,61.028
2024-03-09T01:55:00-06:00,2024-03-09 07:55:00+00:00,-210.943,99.606,-111.337
2024-03-09T02:00:00-06:00,2024-03-09 08:00:00+00:00,-327.119,9.393,-317.726
2024-03-09T02:05:00-06:00,2024-03-09 08:05:00+00:00,-232.28,65.107,-167.173
2024-03-09T02:10:00-06:00,2024-03-09 08:10:00+00:00,-190.314,110.151,-80.162
2024-03-09T02:15:00-06:00,2024-03-09 08:15:00+00:00,-155.673,111.086,-44.587
2024-03-09T02:20:00-06:00,2024-03-09 08:20:00+00:00,-234.098,19.874,-214.223
2024-03-09T02:25:00-06:00,2024-03-09 08:25:00+00:00,-269.484,8.744,-260.74
2024-03-09T02:30:00-06:00,2024-03-09 08:30:00+00:00,-279.623,11.783,-267.841
2024-03-09T02:35:00-06:00,2024-03-09 08:35:00+00:00,-261.563,16.487,-245.075
2024-03-09T02:40:00-06:00,2024-03-09 08:40:00+00:00,-181.866,40.824,-141.042
2024-03-09T02:45:00-06:00,2024-03-09 08:45:00+00:00,-161.323,73.762,-87.561
2024-03-09T02:50:00-06:00,2024-03-09 08:50:00+00:00,-158.457,37.772,-120.684
2024-03-09T02:55:00-06:00,2024-03-09 08:55:00+00:00,-148.143,63.31,-84.834
2024-03-09T03:00:00-06:00,2024-03-09 09:00:00+00:00,-124.711,83.249,-41.462
2024-03-09T03:05:00-06:00,2024-03-09 09:05:00+00:00,-169.283,44.53,-124.754
2024-03-09T03:10:00-06:00,2024-03-09 09:10:00+00:00,-97.489,147.262,49.773
2024-03-09T03:15:00-06:00,2024-03-09 09:15:00+00:00,-83.699,229.429,145.73
2024-03-09T03:20:00-06:00,2024-03-09 09:20:00+00:00,-108.509,146.493,37.984
2024-03-09T03:25:00-06:00,2024-03-09 09:25:00+00:00,-209.631,24.465,-185.166
2024-03-09T03:30:00-06:00,2024-03-09 09:30:00+00:00,-171.043,23.519,-147.524
2024-03-09T03:35:00-06:00,2024-03-09 09:35:00+00:00,-233.751,13.037,-220.714
2024-03-09T03:40:00-06:00,2024-03-09 09:40:00+00:00,-242.537,10.089,-232.448
2024-03-09T03:45:00-06:00,2024-03-09 09:45:00+00:00,-169.087,28.365,-140.721
2024-03-09T03:50:00-06:00,2024-03-09 09:50:00+00:00,-114.544,51.321,-63.223
2024-03-09T03:55:00-06:00,2024-03-09 09:55:00+00:00,-106.58,96.447,-10.133
2024-03-09T04:00:00-06:00,2024-03-09 10:00:00+00:00,-97.28,83.824,-13.456
2024-03-09T04:05:00-06:00,2024-03-09 10:05:00+00:00,-91.227,161.284,70.058
2024-03-09T04:10:00-06:00,2024-03-09 10:10:00+00:00,-176.116,69.084,-107.032
2024-03-09T04:15:00-06:00,2024-03-09 10:15:00+00:00,-247.986,19.803,-228.183
2024-03-09T04:20:00-06:00,2024-03-09 10:20:00+00:00,-225.802,20.718,-205.084
2024-03-09T04:25:00-06:00,2024-03-09 10:25:00+00:00,-164.858,17.193,-147.666
2024-03-09T04:30:00-06:00,2024-03-09 10:30:00+00:00,-110.742,19.944,-90.798
2024-03-09T04:35:00-06:00,2024-03-09 10:35:00+00:00,-98.429,43.489,-54.94
2024-03-09T04:40:00-06:00,2024-03-09 10:40:00+00:00,-85.527,141.457,55.93
2024-03-09T04:45:00-06:00,2024-03-09 10:45:00+00:00,-78.142,168.107,89.965
2024-03-09T04:50:00-06:00,2024-03-09 10:50:00+00:00,-96.862,90.307,-6.555
2024-03-09T04:55:00-06:00,2024-03-09 10:55:00+00:00,-137.58,75.08,-62.5
2024-03-09T05:00:00-06:00,2024-03-09 11:00:00+00:00,-100.058,120.403,20.345
2024-03-09T05:05:00-06:00,2024-03-09 11:05:00+00:00,-94.561,69.432,-25.13
2024-03-09T05:10:00-06:00,2024-03-09 11:10:00+00:00,-90.186,28.775,-61.411
2024-03-09T05:15:00-06:00,2024-03-09 11:15:00+00:00,-51.028,66.87,15.842
2024-03-09T05:20:00-06:00,2024-03-09 11:20:00+00:00,-49.856,58.955,9.099
2024-03-09T05:25:00-06:00,2024-03-09 11:25:00+00:00,-126.788,16.658,-110.13
2024-03-09T05:30:00-06:00,2024-03-09 11:30:00+00:00,-210.113,3.624,-206.489
2024-03-09T05:35:00-06:00,2024-03-09 11:35:00+00:00,-108.801,25.215,-83.586
2024-03-09T05:40:00-06:00,2024-03-09 11:40:00+00:00,-13.343,169.739,156.395
2024-03-09T05:45:00-06:00,2024-03-09 11:45:00+00:00,-15.635,195.888,180.253
2024-03-09T05:50:00-06:00,2024-03-09 11:50:00+00:00,-52.894,57.553,4.659
2024-03-09T05:55:00-06:00,2024-03-09 11:55:00+00:00,-156.242,83.999,-72.243
2024-03-09T06:00:00-06:00,2024-03-09 12:00:00+00:00,-177.212,130.737,-46.475
2024-03-09T06:05:00-06:00,2024-03-09 12:05:00+00:00,-60.402,177.003,116.602
2024-03-09T06:10:00-06:00,2024-03-09 12:10:00+00:00,-16.583,487.181,470.598
2024-03-09T06:15:00-06:00,2024-03-09 12:15:00+00:00,-17.258,609.681,592.423
2024-03-09T06:20:00-06:00,2024-03-09 12:20:00+00:00,-32.121,437.268,405.147
2024-03-09T06:25:00-06:00,2024-03-09 12:25:00+00:00,-146.842,357.749,210.908
2024-03-09T06:30:00-06:00,2024-03-09 12:30:00+00:00,-201.325,354.852,153.527
2024-03-09T06:35:00-06:00,2024-03-09 12:35:00+00:00,-78.071,433.368,355.297
2024-03-09T06:40:00-06:00,2024-03-09 12:40:00+00:00,-24.451,528.715,504.264
2024-03-09T06:45:00-06:00,2024-03-09 12:45:00+00:00,-13.604,610.613,597.009
2024-03-09T06:50:00-06:00,2024-03-09 12:50:00+00:00,-17.408,639.246,621.838
2024-03-09T06:55:00-06:00,2024-03-09 12:55:00+00:00,-11.34,598.241,586.901
2024-03-09T07:00:00-06:00,2024-03-09 13:00:00+00:00,-71.253,473.275,402.021
2024-03-09T07:05:00-06:00,2024-03-09 13:05:00+00:00,-137.181,389.797,252.617
2024-03-09T07:10:00-06:00,2024-03-09 13:10:00+00:00,-15.634,443.321,427.687
2024-03-09T07:15:00-06:00,2024-03-09 13:15:00+00:00,-15.965,654.753,638.788
2024-03-09T07:20:00-06:00,2024-03-09 13:20:00+00:00,-43.583,475.146,431.563
2024-03-09T07:25:00-06:00,2024-03-09 13:25:00+00:00,-175.939,378.292,202.353
2024-03-09T07:30:00-06:00,2024-03-09 13:30:00+00:00,-68.064,405.704,337.64
2024-03-09T07:35:00-06:00,2024-03-09 13:35:00+00:00,-24.501,550.504,526.003
2024-03-09T07:40:00-06:00,2024-03-09 13:40:00+00:00,-31.456,637.997,606.541
2024-03-09T07:45:00-06:00,2024-03-09 13:45:00+00:00,-82.159,540.733,458.574
2024-03-09T07:50:00-06:00,2024-03-09 13:50:00+00:00,-28.006,450.485,422.479
2024-03-09T07:55:00-06:00,2024-03-09 13:55:00+00:00,-83.677,349.607,265.93
2024-03-09T08:00:00-06:00,2024-03-09 14:00:00+00:00,-76.827,340.195,263.368
2024-03-09T08:05:00-06:00,2024-03-09 14:05:00+00:00,-73.415,315.774,242.359
2024-03-09T08:10:00-06:00,2024-03-09 14:10:00+00:00,-85.317,297.176,211.858
2024-03-09T08:15:00-06:00,2024-03-09 14:15:00+00:00,-73.551,320.114,246.563
2024-03-09T08:20:00-06:00,2024-03-09 14:20:00+00:00,-219.838,185.746,-34.092
2024-03-09T08:25:00-06:00,2024-03-09 14:25:00+00:00,-190.858,193.058,2.2
2024-03-09T08:30:00-06:00,2024-03-09 14:30:00+00:00,-53.342,392.929,339.587
2024-03-09T08:35:00-06:00,2024-03-09 14:35:00+00:00,-43.037,381.68,338.643
2024-03-09T08:40:00-06:00,2024-03-09 14:40:00+00:00,-45.654,105.506,59.851
2024-03-09T08:45:00-06:00,2024-03-09 14:45:00+00:00,-116.882,11.484,-105.399
2024-03-09T08:50:00-06:00,2024-03-09 14:50:00+00:00,-394.699,5.034,-389.665
2024-03-09T08:55:00-06:00,2024-03-09 14:55:00+00:00,-327.045,28.676,-298.369
2024-03-09T09:00:00-06:00,2024-03-09 15:00:00+00:00,-109.34,64.164,-45.177
2024-03-09T09:05:00-06:00,2024-03-09 15:05:00+00:00,-67.677,271.076,203.399
2024-03-09T09:10:00-06:00,2024-03-09 15:10:00+00:00,-60.612,326.816,266.205
2024-03-09T09:15:00-06:00,2024-03-09 15:15:00+00:00,-75.481,122.749,47.268
2024-03-09T09:20:00-06:00,2024-03-09 15:20:00+00:00,-259.206,8.062,-251.144
2024-03-09T09:25:00-06:00,2024-03-09 15:25:00+00:00,-311.736,3.288,-308.448
2024-03-09T09:30:00-06:00,2024-03-09 15:30:00+00:00,-151.955,93.48,-58.475
2024-03-09T09:35:00-06:00,2024-03-09 15:35:00+00:00,-127.303,200.75,73.447
2024-03-09T09:40:00-06:00,2024-03-09 15:40:00+00:00,-177.803,21.958,-155.845
2024-03-09T09:45:00-06:00,2024-03-09 15:45:00+00:00,-293.814,16.501,-277.312
2024-03-09T09:50:00-06:00,2024-03-09 15:50:00+00:00,-101.841,115.278,13.437
2024-03-09T09:55:00-06:00,2024-03-09 15:55:00+00:00,-101.259,234.795,133.536
2024-03-09T10:00:00-06:00,2024-03-09 16:00:00+00:00,-201.695,25.804,-175.891
2024-03-09T10:05:00-06:00,2024-03-09 16:05:00+00:00,-435.287,3.904,-431.384
2024-03-09T10:10:00-06:00,2024-03-09 16:10:00+00:00,-432.159,7.844,-424.315
2024-03-09T10:15:00-06:00,2024-03-09 16:15:00+00:00,-354.518,9.239,-345.279
2024-03-09T10:20:00-06:00,2024-03-09 16:20:00+00:00,-385.837,4.376,-381.461
2024-03-09T10:25:00-06:00,2024-03-09 16:25:00+00:00,-342.623,87.379,-255.244
2024-03-09T10:30:00-06:00,2024-03-09 16:30:00+00:00,-284.95,167.447,-117.502
2024-03-09T10:35:00-06:00,2024-03-09 16:35:00+00:00,-264.379,85.06,-179.319
2024-03-09T10:40:00-06:00,2024-03-09 16:40:00+00:00,-547.38,11.436,-535.944
2024-03-09T10:45:00-06:00,2024-03-09 16:45:00+00:00,-579.021,6.983,-572.038
2024-03-09T10:50:00-06:00,2024-03-09 16:50:00+00:00,-391.777,131.991,-259.786
2024-03-09T10:55:00-06:00,2024-03-09 16:55:00+00:00,-412.394,285.908,-126.486
2024-03-09T11:00:00-06:00,2024-03-09 17:00:00+00:00,-513.729,50.753,-462.976
2024-03-09T11:05:00-06:00,2024-03-09 17:05:00+00:00,-715.727,2.571,-713.156
2024-03-09T11:10:00-06:00,2024-03-09 17:10:00+00:00,-726.319,2.161,-724.158
2024-03-09T11:15:00-06:00,2024-03-09 17:15:00+00:00,-517.387,43.264,-474.123
2024-03-09T11:20:00-06:00,2024-03-09 17:20:00+00:00,-358.447,116.669,-241.778
2024-03-09T11:25:00-06:00,2024-03-09 17:25:00+00:00,-195.737,158.004,-37.733
2024-03-09T11:30:00-06:00,2024-03-09 17:30:00+00:00,-184.07,285.45,101.38
2024-03-09T11:35:00-06:00,2024-03-09 17:35:00+00:00,-285.699,257.322,-28.377
2024-03-09T11:40:00-06:00,2024-03-09 17:40:00+00:00,-444.225,186.788,-257.436
2024-03-09T11:45:00-06:00,2024-03-09 17:45:00+00:00,-512.157,33.874,-478.283
2024-03-09T11:50:00-06:00,2024-03-09 17:50:00+00:00,-423.792,165.24,-258.552
2024-03-09T11:55:00-06:00,2024-03-09 17:55:00+00:00,-387.839,148.871,-238.967
2024-03-09T12:00:00-06:00,2024-03-09 18:00:00+00:00,-428.739,15.062,-413.677
2024-03-09T12:05:00-06:00,2024-03-09 18:05:00+00:00,-562.419,11.27,-551.149
2024-03-09T12:10:00-06:00,2024-03-09 18:10:00+00:00,-398.285,19.63,-378.655
2024-03-09T12:15:00-06:00,2024-03-09 18:15:00+00:00,-234.788,139.852,-94.936
2024-03-09T12:20:00-06:00,2024-03-09 18:20:00+00:00,-235.468,70.118,-165.35
2024-03-09T12:25:00-06:00,2024-03-09 18:25:00+00:00,-302.336,45.202,-257.134
2024-03-09T12:30:00-06:00,2024-03-09 18:30:00+00:00,-191.736,257.368,65.632
2024-03-09T12:35:00-06:00,2024-03-09 18:35:00+00:00,-226.056,175.808,-50.248
2024-03-09T12:40:00-06:00,2024-03-09 18:40:00+00:00,-465.472,8.338,-457.134
2024-03-09T12:45:00-06:00,2024-03-09 18:45:00+00:00,-563.886,13.959,-549.927
2024-03-09T12:50:00-06:00,2024-03-09 18:50:00+00:00,-293.56,147.135,-146.424
2024-03-09T12:55:00-06:00,2024-03-09 18:55:00+00:00,-290.293,214.416,-75.877
2024-03-09T13:00:00-06:00,2024-03-09 19:00:00+00:00,-344.078,85.06,-259.017
2024-03-09T13:05:00-06:00,2024-03-09 19:05:00+00:00,-361.336,20.581,-340.756
2024-03-09T13:10:00-06:00,2024-03-09 19:10:00+00:00,-438.471,16.194,-422.277
2024-03-09T13:15:00-06:00,2024-03-09 19:15:00+00:00,-239.616,98.133,-141.483
2024-03-09T13:20:00-06:00,2024-03-09 19:20:00+00:00,-341.73,34.138,-307.593
2024-03-09T13:25:00-06:00,2024-03-09 19:25:00+00:00,-353.246,59.414,-293.832
2024-03-09T13:30:00-06:00,2024-03-09 19:30:00+00:00,-204.03,186.023,-18.008
2024-03-09T13:35:00-06:00,2024-03-09 19:35:00+00:00,-248.283,93.376,-154.907
2024-03-09T13:40:00-06:00,2024-03-09 19:40:00+00:00,-519.272,2.57,-516.703
2024-03-09T13:45:00-06:00,2024-03-09 19:45:00+00:00,-402.743,65.899,-336.843
2024-03-09T13:50:00-06:00,2024-03-09 19:50:00+00:00,-209.62,208.234,-1.386
2024-03-09T13:55:00-06:00,2024-03-09 19:55:00+00:00,-326.1,59.364,-266.737
2024-03-09T14:00:00-06:00,2024-03-09 20:00:00+00:00,-378.488,34.504,-343.984
2024-03-09T14:05:00-06:00,2024-03-09 20:05:00+00:00,-233.495,93.803,-139.692
2024-03-09T14:10:00-06:00,2024-03-09 20:10:00+00:00,-167.784,211.369,43.585
2024-03-09T14:15:00-06:00,2024-03-09 20:15:00+00:00,-213.102,130.893,-82.209
2024-03-09T14:20:00-06:00,2024-03-09 20:20:00+00:00,-266.679,17.97,-248.709
2024-03-09T14:25:00-06:00,2024-03-09 20:25:00+00:00,-256.173,35.186,-220.987
2024-03-09T14:30:00-06:00,2024-03-09 20:30:00+00:00,-290.589,44.672,-245.918
2024-03-09T14:35:00-06:00,2024-03-09 20:35:00+00:00,-405.253,13.252,-392.001
2024-03-09T14:40:00-06:00,2024-03-09 20:40:00+00:00,-366.288,32.862,-333.426
2024-03-09T14:45:00-06:00,2024-03-09 20:45:00+00:00,-195.847,81.263,-114.584
2024-03-09T14:50:00-06:00,2024-03-09 20:50:00+00:00,-232.29,66.93,-165.359
2024-03-09T14:55:00-06:00,2024-03-09 20:55:00+00:00,-167.051,235.593,68.542
2024-03-09T15:00:00-06:00,2024-03-09 21:00:00+00:00,-218.3,129.295,-89.005
2024-03-09T15:05:00-06:00,2024-03-09 21:05:00+00:00,-243.189,38.134,-205.055
2024-03-09T15:10:00-06:00,2024-03-09 21:10:00+00:00,-146.354,85.827,-60.527
2024-03-09T15:15:00-06:00,2024-03-09 21:15:00+00:00,-68.643,184.255,115.612
2024-03-09T15:20:00-06:00,2024-03-09 21:20:00+00:00,-226.004,24.283,-201.721
2024-03-09T15:25:00-06:00,2024-03-09 21:25:00+00:00,-332.438,13.835,-318.603
2024-03-09T15:30:00-06:00,2024-03-09 21:30:00+00:00,-183.264,63.162,-120.102
2024-03-09T15:35:00-06:00,2024-03-09 21:35:00+00:00,-40.252,446.302,406.05
2024-03-09T15:40:00-06:00,2024-03-09 21:40:00+00:00,-58.498,372.41,313.912
2024-03-09T15:45:00-06:00,2024-03-09 21:45:00+00:00,-163.121,42.115,-121.006
2024-03-09T15:50:00-06:00,2024-03-09 21:50:00+00:00,-243.964,12.606,-231.357
2024-03-09T15:55:00-06:00,2024-03-09 21:55:00+00:00,-379.48,1.997,-377.483
2024-03-09T16:00:00-06:00,2024-03-09 22:00:00+00:00,-468.467,1.291,-467.177
2024-03-09T16:05:00-06:00,2024-03-09 22:05:00+00:00,-337.601,3.023,-334.578
2024-03-09T16:10:00-06:00,2024-03-09 22:10:00+00:00,-248.026,12.72,-235.306
2024-03-09T16:15:00-06:00,2024-03-09 22:15:00+00:00,-155.346,37.108,-118.238
2024-03-09T16:20:00-06:00,2024-03-09 22:20:00+00:00,-48.084,171.47,123.385
2024-03-09T16:25:00-06:00,2024-03-09 22:25:00+00:00,-63.102,108.667,45.565
2024-03-09T16:30:00-06:00,2024-03-09 22:30:00+00:00,-44.437,159.217,114.78
2024-03-09T16:35:00-06:00,2024-03-09 22:35:00+00:00,-134.359,44.406,-89.953
2024-03-09T16:40:00-06:00,2024-03-09 22:40:00+00:00,-173.065,42.228,-130.838
2024-03-09T16:45:00-06:00,2024-03-09 22:45:00+00:00,-46.126,178.125,131.999
2024-03-09T16:50:00-06:00,2024-03-09 22:50:00+00:00,-52.076,184.401,132.325
2024-03-09T16:55:00-06:00,2024-03-09 22:55:00+00:00,-246.463,26.395,-220.068
2024-03-09T17:00:00-06:00,2024-03-09 23:00:00+00:00,-301.809,20.914,-280.895
2024-03-09T17:05:00-06:00,2024-03-09 23:05:00+00:00,-75.336,123.545,48.209
2024-03-09T17:10:00-06:00,2024-03-09 23:10:00+00:00,-65.701,114.837,49.136
2024-03-09T17:15:00-06:00,2024-03-09 23:15:00+00:00,-30.789,216.602,185.813
2024-03-09T17:20:00-06:00,2024-03-09 23:20:00+00:00,-26.322,426.261,399.939
2024-03-09T17:25:00-06:00,2024-03-09 23:25:00+00:00,-33.514,166.512,132.997
2024-03-09T17:30:00-06:00,2024-03-09 23:30:00+00:00,-46.564,125.145,78.58
2024-03-09T17:35:00-06:00,2024-03-09 23:35:00+00:00,-24.532,324.197,299.665
2024-03-09T17:40:00-06:00,2024-03-09 23:40:00+00:00,-30.506,299.635,269.129
2024-03-09T17:45:00-06:00,2024-03-09 23:45:00+00:00,-72.338,184.433,112.095
2024-03-09T17:50:00-06:00,2024-03-09 23:50:00+00:00,-71.658,227.296,155.638
2024-03-09T17:55:00-06:00,2024-03-09 23:55:00+00:00,-21.767,554.478,532.711
2024-03-09T18:00:00-06:00,2024-03-10 00:00:00+00:00,-13.396,721.633,708.237
2024-03-09T18:05:00-06:00,2024-03-10 00:05:00+00:00,-57.83,671.423,613.593
2024-03-09T18:10:00-06:00,2024-03-10 00:10:00+00:00,-118.466,411.84,293.374
2024-03-09T18:15:00-06:00,2024-03-10 00:15:00+00:00,-102.735,352.21,249.475
2024-03-09T18:20:00-06:00,2024-03-10 00:20:00+00:00,-121.916,374.164,252.248
2024-03-09T18:25:00-06:00,2024-03-10 00:25:00+00:00,-91.315,322.319,231.004
2024-03-09T18:30:00-06:00,2024-03-10 00:30:00+00:00,-78.82,449.071,370.251
2024-03-09T18:35:00-06:00,2024-03-10 00:35:00+00:00,-186.734,625.364,438.63
2024-03-09T18:40:00-06:00,2024-03-10 00:40:00+00:00,-277.417,492.708,215.291
2024-03-09T18:45:00-06:00,2024-03-10 00:45:00+00:00,-372.135,330.633,-41.501
2024-03-09T18:50:00-06:00,2024-03-10 00:50:00+00:00,-281.172,396.142,114.97
2024-03-09T18:55:00-06:00,2024-03-10 00:55:00+00:00,-182.206,508.165,325.959
2024-03-09T19:00:00-06:00,2024-03-10 01:00:00+00:00,-188.013,424.147,236.134
2024-03-09T19:05:00-06:00,2024-03-10 01:05:00+00:00,-231.892,414.305,182.413
2024-03-09T19:10:00-06:00,2024-03-10 01:10:00+00:00,-169.74,351.521,181.782
2024-03-09T19:15:00-06:00,2024-03-10 01:15:00+00:00,-218.563,355.112,136.55
2024-03-09T19:20:00-06:00,2024-03-10 01:20:00+00:00,-165.023,407.282,242.259
2024-03-09T19:25:00-06:00,2024-03-10 01:25:00+00:00,-87.616,447.702,360.085
2024-03-09T19:30:00-06:00,2024-03-10 01:30:00+00:00,-40.091,562.257,522.167
2024-03-09T19:35:00-06:00,2024-03-10 01:35:00+00:00,-101.636,484.558,382.922
2024-03-09T19:40:00-06:00,2024-03-10 01:40:00+00:00,-261.978,336.252,74.275
2024-03-09T19:45:00-06:00,2024-03-10 01:45:00+00:00,-122.258,189.648,67.39
2024-03-09T19:50:00-06:00,2024-03-10 01:50:00+00:00,-72.98,240.988,168.008
2024-03-09T19:55:00-06:00,2024-03-10 01:55:00+00:00,-60.025,373.915,313.891
2024-03-09T20:00:00-06:00,2024-03-10 02:00:00+00:00,-67.073,358.918,291.845
2024-03-09T20:05:00-06:00,2024-03-10 02:05:00+00:00,-93.039,388.71,295.671
2024-03-09T20:10:00-06:00,2024-03-10 02:10:00+00:00,-91.056,350.055,258.999
2024-03-09T20:15:00-06:00,2024-03-10 02:15:00+00:00,-62.388,356.06,293.672
2024-03-09T20:20:00-06:00,2024-03-10 02:20:00+00:00,-112.692,338.807,226.115
2024-03-09T20:25:00-06:00,2024-03-10 02:25:00+00:00,-79.769,336.174,256.405
2024-03-09T20:30:00-06:00,2024-03-10 02:30:00+00:00,-45.481,483.002,437.521
2024-03-09T20:35:00-06:00,2024-03-10 02:35:00+00:00,-49.187,477.055,427.868
2024-03-09T20:40:00-06:00,2024-03-10 02:40:00+00:00,-59.033,370.623,311.59
2024-03-09T20:45:00-06:00,2024-03-10 02:45:00+00:00,-44.194,367.285,323.091
2024-03-09T20:50:00-06:00,2024-03-10 02:50:00+00:00,-51.269,381.541,330.272
2024-03-09T20:55:00-06:00,2024-03-10 02:55:00+00:00,-36.539,464.356,427.817
2024-03-09T21:00:00-06:00,2024-03-10 03:00:00+00:00,-33.776,612.777,579.0
2024-03-09T21:05:00-06:00,2024-03-10 03:05:00+00:00,-42.25,428.121,385.871
2024-03-09T21:10:00-06:00,2024-03-10 03:10:00+00:00,-57.568,254.247,196.679
2024-03-09T21:15:00-06:00,2024-03-10 03:15:00+00:00,-73.84,284.104,210.264
2024-03-09T21:20:00-06:00,2024-03-10 03:20:00+00:00,-52.437,329.994,277.557
2024-03-09T21:25:00-06:00,2024-03-10 03:25:00+00:00,-28.087,423.369,395.282
2024-03-09T21:30:00-06:00,2024-03-10 03:30:00+00:00,-43.882,438.669,394.787
2024-03-09T21:35:00-06:00,2024-03-10 03:35:00+00:00,-51.03,525.405,474.375
2024-03-09T21:40:00-06:00,2024-03-10 03:40:00+00:00,-35.071,466.425,431.354
2024-03-09T21:45:00-06:00,2024-03-10 03:45:00+00:00,-26.616,343.779,317.163
2024-03-09T21:50:00-06:00,2024-03-10 03:50:00+00:00,-37.292,292.444,255.152
2024-03-09T21:55:00-06:00,2024-03-10 03:55:00+00:00,-33.351,359.663,326.312
2024-03-09T22:00:00-06:00,2024-03-10 04:00:00+00:00,-60.425,339.199,278.774
2024-03-09T22:05:00-06:00,2024-03-10 04:05:00+00:00,-149.709,313.173,163.464
2024-03-09T22:10:00-06:00,2024-03-10 04:10:00+00:00,-148.879,243.222,94.342
2024-03-09T22:15:00-06:00,2024-03-10 04:15:00+00:00,-82.628,97.425,14.797
2024-03-09T22:20:00-06:00,2024-03-10 04:20:00+00:00,-54.017,243.624,189.607
2024-03-09T22:25:00-06:00,2024-03-10 04:25:00+00:00,-22.281,262.017,239.736
2024-03-09T22:30:00-06:00,2024-03-10 04:30:00+00:00,-51.995,167.922,115.927
2024-03-09T22:35:00-06:00,2024-03-10 04:35:00+00:00,-43.247,169.831,126.584
2024-03-09T22:40:00-06:00,2024-03-10 04:40:00+00:00,-38.58,318.567,279.987
2024-03-09T22:45:00-06:00,2024-03-10 04:45:00+00:00,-53.065,264.414,211.349
2024-03-09T22:50:00-06:00,2024-03-10 04:50:00+00:00,-54.47,202.837,148.367
2024-03-09T22:55:00-06:00,2024-03-10 04:55:00+00:00,-40.725,229.441,188.716
2024-03-09T23:00:00-06:00,2024-03-10 05:00:00+00:00,-49.675,229.9,180.225
2024-03-09T23:05:00-06:00,2024-03-10 05:05:00+00:00,-46.502,233.744,187.242
2024-03-09T23:10:00-06:00,2024-03-10 05:10:00+00:00,-92.832,181.981,89.148
2024-03-09T23:15:00-06:00,2024-03-10 05:15:00+00:00,-59.959,118.684,58.724
2024-03-09T23:20:00-06:00,2024-03-10 05:20:00+00:00,-46.036,140.303,94.267
2024-03-09T23:25:00-06:00,2024-03-10 05:25:00+00:00,-107.007,197.488,90.481
2024-03-09T23:30:00-06:00,2024-03-10 05:30:00+00:00,-135.446,182.315,46.869
2024-03-09T23:35:00-06:00,2024-03-10 05:35:00+00:00,-80.649,141.966,61.317
2024-03-09T23:40:00-06:00,2024-03-10 05:40:00+00:00,-195.947,100.294,-95.653
2024-03-09T23:45:00-06:00,2024-03-10 05:45:00+00:00,-200.825,191.105,-9.72
2024-03-09T23:50:00-06:00,2024-03-10 05:50:00+00:00,-100.37,117.158,16.788
2024-03-09T23:55:00-06:00,2024-03-10 05:55:00+00:00,-41.51,56.802,15.293
2024-03-10T00:00:00-06:00,2024-03-10 06:00:00+00:00,-42.152,100.515,58.363
2024-03-10T00:05:00-06:00,2024-03-10 06:05:00+00:00,-33.122,312.134,279.012
2024-03-10T00:10:00-06:00,2024-03-10 06:10:00+00:00,-58.343,389.43,331.086
2024-03-10T00:15:00-06:00,2024-03-10 06:15:00+00:00,-55.122,190.359,135.237
2024-03-10T00:20:00-06:00,2024-03-10 06:20:00+00:00,-81.782,98.65,16.868
2024-03-10T00:25:00-06:00,2024-03-10 06:25:00+00:00,-71.466,113.493,42.027
2024-03-10T00:30:00-06:00,2024-03-10 06:30:00+00:00,-81.227,294.68,213.454
2024-03-10T00:35:00-06:00,2024-03-10 06:35:00+00:00,-121.136,297.169,176.034
2024-03-10T00:40:00-06:00,2024-03-10 06:40:00+00:00,-144.787,177.601,32.814
2024-03-10T00:45:00-06:00,2024-03-10 06:45:00+00:00,-153.268,73.353,-79.916
2024-03-10T00:50:00-06:00,2024-03-10 06:50:00+00:00,-104.048,155.266,51.218
2024-03-10T00:55:00-06:00,2024-03-10 06:55:00+00:00,-76.533,221.424,144.892
2024-03-10T01:00:00-06:00,2024-03-10 07:00:00+00:00,-122.214,177.414,55.199
2024-03-10T01:05:00-06:00,2024-03-10 07:05:00+00:00,-86.099,115.638,29.539
2024-03-10T01:10:00-06:00,2024-03-10 07:10:00+00:00,-40.203,36.654,-3.55
2024-03-10T01:15:00-06:00,2024-03-10 07:15:00+00:00,-28.498,154.159,125.66
2024-03-10T01:20:00-06:00,2024-03-10 07:20:00+00:00,-34.029,224.363,190.334
2024-03-10T01:25:00-06:00,2024-03-10 07:25:00+00:00,-35.373,145.897,110.524
2024-03-10T01:30:00-06:00,2024-03-10 07:30:00+00:00,-43.265,40.307,-2.957
2024-03-10T01:35:00-06:00,2024-03-10 07:35:00+00:00,-70.248,13.164,-57.084
2024-03-10T01:40:00-06:00,2024-03-10 07:40:00+00:00,-46.641,15.863,-30.778
2024-03-10T01:45:00-06:00,2024-03-10 07:45:00+00:00,-62.138,29.832,-32.306
2024-03-10T01:50:00-06:00,2024-03-10 07:50:00+00:00,-106.453,48.845,-57.609
2024-03-10T01:55:00-06:00,2024-03-10 07:55:00+00:00,-168.85,31.967,-136.883
2024-03-10T03:00:00-05:00,2024-03-10 08:00:00+00:00,-214.051,13.605,-200.446
2024-03-10T03:05:00-05:00,2024-03-10 08:05:00+00:00,-178.31,131.857,-46.453
2024-03-10T03:10:00-05:00,2024-03-10 08:10:00+00:00,-82.565,305.624,223.058
2024-03-10T03:15:00-05:00,2024-03-10 08:15:00+00:00,-75.75,287.078,211.327
2024-03-10T03:20:00-05:00,2024-03-10 08:20:00+00:00,-134.017,169.112,35.095
2024-03-10T03:25:00-05:00,2024-03-10 08:25:00+00:00,-148.531,70.996,-77.536
2024-03-10T03:30:00-05:00,2024-03-10 08:30:00+00:00,-251.528,53.013,-198.516
2024-03-10T03:35:00-05:00,2024-03-10 08:35:00+00:00,-250.827,22.855,-227.971
2024-03-10T03:40:00-05:00,2024-03-10 08:40:00+00:00,-214.924,29.323,-185.601
2024-03-10T03:45:00-05:00,2024-03-10 08:45:00+00:00,-228.843,29.95,-198.893
2024-03-10T03:50:00-05:00,2024-03-10 08:50:00+00:00,-172.332,20.409,-151.922
2024-03-10T03:55:00-05:00,2024-03-10 08:55:00+00:00,-163.303,5.898,-157.405
2024-03-10T04:00:00-05:00,2024-03-10 09:00:00+00:00,-161.246,4.31,-156.937
2024-03-10T04:05:00-05:00,2024-03-10 09:05:00+00:00,-166.526,15.708,-150.818
2024-03-10T04:10:00-05:00,2024-03-10 09:10:00+00:00,-207.774,32.004,-175.77
2024-03-10T04:15:00-05:00,2024-03-10 09:15:00+00:00,-227.326,12.013,-215.313
2024-03-10T04:20:00-05:00,2024-03-10 09:20:00+00:00,-305.332,8.286,-297.046
2024-03-10T04:25:00-05:00,2024-03-10 09:25:00+00:00,-373.528,15.384,-358.144
2024-03-10T04:30:00-05:00,2024-03-10 09:30:00+00:00,-362.83,10.187,-352.643
2024-03-10T04:35:00-05:00,2024-03-10 09:35:00+00:00,-405.45,25.219,-380.232
2024-03-10T04:40:00-05:00,2024-03-10 09:40:00+00:00,-435.844,10.855,-424.988
2024-03-10T04:45:00-05:00,2024-03-10 09:45:00+00:00,-370.557,21.393,-349.164
2024-03-10T04:50:00-05:00,2024-03-10 09:50:00+00:00,-401.687,45.42,-356.266
2024-03-10T04:55:00-05:00,2024-03-10 09:55:00+00:00,-443.717,2.864,-440.853
2024-03-10T05:00:00-05:00,2024-03-10 10:00:00+00:00,-344.932,2.406,-342.526
2024-03-10T05:05:00-05:00,2024-03-10 10:05:00+00:00,-197.976,5.679,-192.297
2024-03-10T05:10:00-05:00,2024-03-10 10:10:00+00:00,-163.803,32.053,-131.75
2024-03-10T05:15:00-05:00,2024-03-10 10:15:00+00:00,-161.3,54.804,-106.496
2024-03-10T05:20:00-05:00,2024-03-10 10:20:00+00:00,-177.202,15.906,-161.296
2024-03-10T05:25:00-05:00,2024-03-10 10:25:00+00:00,-185.431,12.742,-172.689
2024-03-10T05:30:00-05:00,2024-03-10 10:30:00+00:00,-175.584,93.987,-81.597
2024-03-10T05:35:00-05:00,2024-03-10 10:35:00+00:00,-232.383,41.947,-190.437
2024-03-10T05:40:00-05:00,2024-03-10 10:40:00+00:00,-234.924,12.559,-222.365
2024-03-10T05:45:00-05:00,2024-03-10 10:45:00+00:00,-271.796,30.98,-240.817
2024-03-10T05:50:00-05:00,2024-03-10 10:50:00+00:00,-248.104,6.941,-241.163
2024-03-10T05:55:00-05:00,2024-03-10 10:55:00+00:00,-215.322,4.199,-211.123
2024-03-10T06:00:00-05:00,2024-03-10 11:00:00+00:00,-289.098,12.208,-276.89
2024-03-10T06:05:00-05:00,2024-03-10 11:05:00+00:00,-205.861,33.407,-172.454
2024-03-10T06:10:00-05:00,2024-03-10 11:10:00+00:00,-71.869,127.242,55.373
2024-03-10T06:15:00-05:00,2024-03-10 11:15:00+00:00,-93.457,46.262,-47.195
2024-03-10T06:20:00-05:00,2024-03-10 11:20:00+00:00,-93.417,30.264,-63.153
2024-03-10T06:25:00-05:00,2024-03-10 11:25:00+00:00,-85.532,34.102,-51.431
2024-03-10T06:30:00-05:00,2024-03-10 11:30:00+00:00,-79.931,38.431,-41.5
2024-03-10T06:35:00-05:00,2024-03-10 11:35:00+00:00,-92.957,27.152,-65.805
2024-03-10T06:40:00-05:00,2024-03-10 11:40:00+00:00,-118.825,36.7,-82.125
2024-03-10T06:45:00-05:00,2024-03-10 11:45:00+00:00,-103.578,93.462,-10.116
2024-03-10T06:50:00-05:00,2024-03-10 11:50:00+00:00,-125.81,59.778,-66.032
2024-03-10T06:55:00-05:00,2024-03-10 11:55:00+00:00,-113.183,76.799,-36.384
2024-03-10T07:00:00-05:00,2024-03-10 12:00:00+00:00,-109.479,81.094,-28.385
2024-03-10T07:05:00-05:00,2024-03-10 12:05:00+00:00,-129.93,189.188,59.258
2024-03-10T07:10:00-05:00,2024-03-10 12:10:00+00:00,-160.434,263.909,103.475
2024-03-10T07:15:00-05:00,2024-03-10 12:15:00+00:00,-164.143,210.719,46.577
2024-03-10T07:20:00-05:00,2024-03-10 12:20:00+00:00,-188.019,295.92,107.901
2024-03-10T07:25:00-05:00,2024-03-10 12:25:00+00:00,-141.95,473.589,331.638
2024-03-10T07:30:00-05:00,2024-03-10 12:30:00+00:00,-115.635,529.918,414.283
2024-03-10T07:35:00-05:00,2024-03-10 12:35:00+00:00,-113.111,434.362,321.251
2024-03-10T07:40:00-05:00,2024-03-10 12:40:00+00:00,-107.835,509.891,402.056
2024-03-10T07:45:00-05:00,2024-03-10 12:45:00+00:00,-108.171,588.332,480.161
2024-03-10T07:50:00-05:00,2024-03-10 12:50:00+00:00,-105.669,500.596,394.928
2024-03-10T07:55:00-05:00,2024-03-10 12:55:00+00:00,-106.186,480.014,373.828
2024-03-10T08:00:00-05:00,2024-03-10 13:00:00+00:00,-137.231,308.105,170.874
2024-03-10T08:05:00-05:00,2024-03-10 13:05:00+00:00,-141.931,209.468,67.536
2024-03-10T08:10:00-05:00,2024-03-10 13:10:00+00:00,-60.618,305.683,245.065
2024-03-10T08:15:00-05:00,2024-03-10 13:15:00+00:00,-56.445,481.185,424.741
2024-03-10T08:20:00-05:00,2024-03-10 13:20:00+00:00,-145.711,299.449,153.738
2024-03-10T08:25:00-05:00,2024-03-10 13:25:00+00:00,-324.724,146.704,-178.021
2024-03-10T08:30:00-05:00,2024-03-10 13:30:00+00:00,-428.948,76.071,-352.876
2024-03-10T08:35:00-05:00,2024-03-10 13:35:00+00:00,-511.569,28.286,-483.282
2024-03-10T08:40:00-05:00,2024-03-10 13:40:00+00:00,-605.724,38.559,-567.165
2024-03-10T08:45:00-05:00,2024-03-10 13:45:00+00:00,-498.273,46.848,-451.425
2024-03-10T08:50:00-05:00,2024-03-10 13:50:00+00:00,-449.301,45.619,-403.682
2024-03-10T08:55:00-05:00,2024-03-10 13:55:00+00:00,-560.394,26.707,-533.687
2024-03-10T09:00:00-05:00,2024-03-10 14:00:00+00:00,-698.161,16.403,-681.757
2024-03-10T09:05:00-05:00,2024-03-10 14:05:00+00:00,-499.009,67.249,-431.76
2024-03-10T09:10:00-05:00,2024-03-10 14:10:00+00:00,-599.41,3.731,-595.679
2024-03-10T09:15:00-05:00,2024-03-10 14:15:00+00:00,-746.118,5.149,-740.969
2024-03-10T09:20:00-05:00,2024-03-10 14:20:00+00:00,-620.063,28.211,-591.852
2024-03-10T09:25:00-05:00,2024-03-10 14:25:00+00:00,-635.572,2.586,-632.986
2024-03-10T09:30:00-05:00,2024-03-10 14:30:00+00:00,-691.136,16.783,-674.352
2024-03-10T09:35:00-05:00,2024-03-10 14:35:00+00:00,-536.41,35.406,-501.004
2024-03-10T09:40:00-05:00,2024-03-10 14:40:00+00:00,-550.902,2.618,-548.283
2024-03-10T09:45:00-05:00,2024-03-10 14:45:00+00:00,-548.867,23.979,-524.889
2024-03-10T09:50:00-05:00,2024-03-10 14:50:00+00:00,-450.498,15.108,-435.39
2024-03-10T09:55:00-05:00,2024-03-10 14:55:00+00:00,-418.564,30.233,-388.331
2024-03-10T10:00:00-05:00,2024-03-10 15:00:00+00:00,-394.373,70.036,-324.337
2024-03-10T10:05:00-05:00,2024-03-10 15:05:00+00:00,-361.646,35.501,-326.145
2024-03-10T10:10:00-05:00,2024-03-10 15:10:00+00:00,-280.348,164.697,-115.651
2024-03-10T10:15:00-05:00,2024-03-10 15:15:00+00:00,-419.967,18.807,-401.16
2024-03-10T10:20:00-05:00,2024-03-10 15:20:00+00:00,-576.824,5.766,-571.058
2024-03-10T10:25:00-05:00,2024-03-10 15:25:00+00:00,-543.215,13.55,-529.665
2024-03-10T10:30:00-05:00,2024-03-10 15:30:00+00:00,-501.106,10.932,-490.174
2024-03-10T10:35:00-05:00,2024-03-10 15:35:00+00:00,-528.808,9.745,-519.062
2024-03-10T10:40:00-05:00,2024-03-10 15:40:00+00:00,-420.23,66.258,-353.973
2024-03-10T10:45:00-05:00,2024-03-10 15:45:00+00:00,-354.817,126.505,-228.312
2024-03-10T10:50:00-05:00,2024-03-10 15:50:00+00:00,-432.14,18.12,-414.02
2024-03-10T10:55:00-05:00,2024-03-10 15:55:00+00:00,-356.58,80.317,-276.264
2024-03-10T11:00:00-05:00,2024-03-10 16:00:00+00:00,-422.437,22.374,-400.064
2024-03-10T11:05:00-05:00,2024-03-10 16:05:00+00:00,-461.097,4.852,-456.245
2024-03-10T11:10:00-05:00,2024-03-10 16:10:00+00:00,-373.84,134.522,-239.318
2024-03-10T11:15:00-05:00,2024-03-10 16:15:00+00:00,-330.376,230.052,-100.323
2024-03-10T11:20:00-05:00,2024-03-10 16:20:00+00:00,-288.971,77.045,-211.926
2024-03-10T11:25:00-05:00,2024-03-10 16:25:00+00:00,-387.97,12.902,-375.068
2024-03-10T11:30:00-05:00,2024-03-10 16:30:00+00:00,-505.452,4.436,-501.016
2024-03-10T11:35:00-05:00,2024-03-10 16:35:00+00:00,-480.347,11.415,-468.932
2024-03-10T11:40:00-05:00,2024-03-10 16:40:00+00:00,-356.249,116.387,-239.862
2024-03-10T11:45:00-05:00,2024-03-10 16:45:00+00:00,-378.696,356.839,-21.857
2024-03-10T11:50:00-05:00,2024-03-10 16:50:00+00:00,-343.654,155.112,-188.542
2024-03-10T11:55:00-05:00,2024-03-10 16:55:00+00:00,-270.743,13.054,-257.689
2024-03-10T12:00:00-05:00,2024-03-10 17:00:00+00:00,-322.661,2.872,-319.789
2024-03-10T12:05:00-05:00,2024-03-10 17:05:00+00:00,-378.145,6.922,-371.223
2024-03-10T12:10:00-05:00,2024-03-10 17:10:00+00:00,-429.115,3.247,-425.868
2024-03-10T12:15:00-05:00,2024-03-10 17:15:00+00:00,-400.522,3.89,-396.632
2024-03-10T12:20:00-05:00,2024-03-10 17:20:00+00:00,-311.863,45.86,-266.002
2024-03-10T12:25:00-05:00,2024-03-10 17:25:00+00:00,-211.432,144.288,-67.144
2024-03-10T12:30:00-05:00,2024-03-10 17:30:00+00:00,-223.391,200.713,-22.679
2024-03-10T12:35:00-05:00,2024-03-10 17:35:00+00:00,-261.454,31.243,-230.211
2024-03-10T12:40:00-05:00,2024-03-10 17:40:00+00:00,-341.85,11.741,-330.109
2024-03-10T12:45:00-05:00,2024-03-10 17:45:00+00:00,-418.933,2.877,-416.056
2024-03-10T12:50:00-05:00,2024-03-10 17:50:00+00:00,-350.489,37.86,-312.629
2024-03-10T12:55:00-05:00,2024-03-10 17:55:00+00:00,-350.535,118.162,-232.373
2024-03-10T13:00:00-05:00,2024-03-10 18:00:00+00:00,-305.937,150.021,-155.916
2024-03-10T13:05:00-05:00,2024-03-10 18:05:00+00:00,-187.846,114.396,-73.45
2024-03-10T13:10:00-05:00,2024-03-10 18:10:00+00:00,-259.179,25.295,-233.883
2024-03-10T13:15:00-05:00,2024-03-10 18:15:00+00:00,-292.73,4.791,-287.939
2024-03-10T13:20:00-05:00,2024-03-10 18:20:00+00:00,-284.296,4.774,-279.522
2024-03-10T13:25:00-05:00,2024-03-10 18:25:00+00:00,-315.045,5.159,-309.886
2024-03-10T13:30:00-05:00,2024-03-10 18:30:00+00:00,-226.667,19.466,-207.201
2024-03-10T13:35:00-05:00,2024-03-10 18:35:00+00:00,-189.28,71.201,-118.079
2024-03-10T13:40:00-05:00,2024-03-10 18:40:00+00:00,-284.905,46.282,-238.623
2024-03-10T13:45:00-05:00,2024-03-10 18:45:00+00:00,-365.886,10.838,-355.048
2024-03-10T13:50:00-05:00,2024-03-10 18:50:00+00:00,-304.894,52.161,-252.733
2024-03-10T13:55:00-05:00,2024-03-10 18:55:00+00:00,-317.873,44.727,-273.146
2024-03-10T14:00:00-05:00,2024-03-10 19:00:00+00:00,-400.817,11.843,-388.974
2024-03-10T14:05:00-05:00,2024-03-10 19:05:00+00:00,-302.33,35.436,-266.894
2024-03-10T14:10:00-05:00,2024-03-10 19:10:00+00:00,-188.182,20.252,-167.93
2024-03-10T14:15:00-05:00,2024-03-10 19:15:00+00:00,-269.669,4.861,-264.808
2024-03-10T14:20:00-05:00,2024-03-10 19:20:00+00:00,-237.912,24.643,-213.269
2024-03-10T14:25:00-05:00,2024-03-10 19:25:00+00:00,-150.36,44.178,-106.181
2024-03-10T14:30:00-05:00,2024-03-10 19:30:00+00:00,-158.052,52.375,-105.677
2024-03-10T14:35:00-05:00,2024-03-10 19:35:00+00:00,-232.176,18.555,-213.621
2024-03-10T14:40:00-05:00,2024-03-10 19:40:00+00:00,-263.641,38.463,-225.178
2024-03-10T14:45:00-05:00,2024-03-10 19:45:00+00:00,-253.7,53.648,-200.052
2024-03-10T14:50:00-05:00,2024-03-10 19:50:00+00:00,-198.535,77.895,-120.64
2024-03-10T14:55:00-05:00,2024-03-10 19:55:00+00:00,-300.812,25.939,-274.873
2024-03-10T15:00:00-05:00,2024-03-10 20:00:00+00:00,-293.077,33.147,-259.929
2024-03-10T15:05:00-05:00,2024-03-10 20:05:00+00:00,-161.273,19.918,-141.355
2024-03-10T15:10:00-05:00,2024-03-10 20:10:00+00:00,-36.845,225.928,189.083
2024-03-10T15:15:00-05:00,2024-03-10 20:15:00+00:00,-74.211,142.696,68.486
2024-03-10T15:20:00-05:00,2024-03-10 20:20:00+00:00,-144.342,25.15,-119.191
2024-03-10T15:25:00-05:00,2024-03-10 20:25:00+00:00,-125.612,38.36,-87.251
2024-03-10T15:30:00-05:00,2024-03-10 20:30:00+00:00,-111.693,21.206,-90.487
2024-03-10T15:35:00-05:00,2024-03-10 20:35:00+00:00,-107.271,39.684,-67.588
2024-03-10T15:40:00-05:00,2024-03-10 20:40:00+00:00,-203.642,9.859,-193.783
2024-03-10T15:45:00-05:00,2024-03-10 20:45:00+00:00,-297.06,13.842,-283.218
2024-03-10T15:50:00-05:00,2024-03-10 20:50:00+00:00,-248.044,28.933,-219.111
2024-03-10T15:55:00-05:00,2024-03-10 20:55:00+00:00,-148.629,49.137,-99.492
2024-03-10T16:00:00-05:00,2024-03-10 21:00:00+00:00,-277.614,22.857,-254.757
2024-03-10T16:05:00-05:00,2024-03-10 21:05:00+00:00,-261.054,106.085,-154.969
2024-03-10T16:10:00-05:00,2024-03-10 21:10:00+00:00,-56.269,126.211,69.942
2024-03-10T16:15:00-05:00,2024-03-10 21:15:00+00:00,-29.589,119.669,90.08
2024-03-10T16:20:00-05:00,2024-03-10 21:20:00+00:00,-31.952,95.627,63.675
2024-03-10T16:25:00-05:00,2024-03-10 21:25:00+00:00,-30.95,106.686,75.737
2024-03-10T16:30:00-05:00,2024-03-10 21:30:00+00:00,-76.889,22.147,-54.742
2024-03-10T16:35:00-05:00,2024-03-10 21:35:00+00:00,-151.312,10.695,-140.616
2024-03-10T16:40:00-05:00,2024-03-10 21:40:00+00:00,-144.364,9.851,-134.513
2024-03-10T16:45:00-05:00,2024-03-10 21:45:00+00:00,-51.136,178.594,127.458
2024-03-10T16:50:00-05:00,2024-03-10 21:50:00+00:00,-39.49,303.182,263.692
2024-03-10T16:55:00-05:00,2024-03-10 21:55:00+00:00,-73.879,71.817,-2.061
2024-03-10T17:00:00-05:00,2024-03-10 22:00:00+00:00,-72.536,72.309,-0.227
2024-03-10T17:05:00-05:00,2024-03-10 22:05:00+00:00,-129.906,22.536,-107.37
2024-03-10T17:10:00-05:00,2024-03-10 22:10:00+00:00,-286.706,15.449,-271.257
2024-03-10T17:15:00-05:00,2024-03-10 22:15:00+00:00,-272.108,16.368,-255.74
2024-03-10T17:20:00-05:00,2024-03-10 22:20:00+00:00,-179.404,45.586,-133.818
2024-03-10T17:25:00-05:00,2024-03-10 22:25:00+00:00,-65.266,95.426,30.16
2024-03-10T17:30:00-05:00,2024-03-10 22:30:00+00:00,-35.089,115.652,80.563
2024-03-10T17:35:00-05:00,2024-03-10 22:35:00+00:00,-35.754,315.332,279.579
2024-03-10T17:40:00-05:00,2024-03-10 22:40:00+00:00,-121.215,80.897,-40.318
2024-03-10T17:45:00-05:00,2024-03-10 22:45:00+00:00,-274.556,6.188,-268.369
2024-03-10T17:50:00-05:00,2024-03-10 22:50:00+00:00,-231.291,7.658,-223.633
2024-03-10T17:55:00-05:00,2024-03-10 22:55:00+00:00,-123.168,17.32,-105.848
2024-03-10T18:00:00-05:00,2024-03-10 23:00:00+00:00,-78.034,47.077,-30.958
2024-03-10T18:05:00-05:00,2024-03-10 23:05:00+00:00,-78.75,85.153,6.404
2024-03-10T18:10:00-05:00,2024-03-10 23:10:00+00:00,-128.031,85.066,-42.964
2024-03-10T18:15:00-05:00,2024-03-10 23:15:00+00:00,-122.471,18.918,-103.553
2024-03-10T18:20:00-05:00,2024-03-10 23:20:00+00:00,-74.998,33.722,-41.275
2024-03-10T18:25:00-05:00,2024-03-10 23:25:00+00:00,-14.334,311.962,297.628
2024-03-10T18:30:00-05:00,2024-03-10 23:30:00+00:00,-19.284,464.897,445.613
2024-03-10T18:35:00-05:00,2024-03-10 23:35:00+00:00,-25.762,290.161,264.399
2024-03-10T18:40:00-05:00,2024-03-10 23:40:00+00:00,-50.282,66.44,16.158
2024-03-10T18:45:00-05:00,2024-03-10 23:45:00+00:00,-44.62,74.131,29.511
2024-03-10T18:50:00-05:00,2024-03-10 23:50:00+00:00,-12.801,270.1,257.3
2024-03-10T18:55:00-05:00,2024-03-10 23:55:00+00:00,-10.963,301.22,290.257
2024-03-10T19:00:00-05:00,2024-03-11 00:00:00+00:00,-10.214,628.181,617.968
2024-03-10T19:05:00-05:00,2024-03-11 00:05:00+00:00,-19.062,699.498,680.436
2024-03-10T19:10:00-05:00,2024-03-11 00:10:00+00:00,-17.339,618.622,601.283
2024-03-10T19:15:00-05:00,2024-03-11 00:15:00+00:00,-17.388,498.852,481.464
2024-03-10T19:20:00-05:00,2024-03-11 00:20:00+00:00,-43.754,604.881,561.127
2024-03-10T19:25:00-05:00,2024-03-11 00:25:00+00:00,-76.41,727.449,651.038
2024-03-10T19:30:00-05:00,2024-03-11 00:30:00+00:00,-84.424,734.482,650.058
2024-03-10T19:35:00-05:00,2024-03-11 00:35:00+00:00,-62.252,801.047,738.795
2024-03-10T19:40:00-05:00,2024-03-11 00:40:00+00:00,-79.763,788.802,709.039
2024-03-10T19:45:00-05:00,2024-03-11 00:45:00+00:00,-83.021,675.512,592.491
2024-03-10T19:50:00-05:00,2024-03-11 00:50:00+00:00,-88.24,445.42,357.181
2024-03-10T19:55:00-05:00,2024-03-11 00:55:00+00:00,-110.257,398.787,288.53
2024-03-10T20:00:00-05:00,2024-03-11 01:00:00+00:00,-114.534,499.475,384.941
2024-03-10T20:05:00-05:00,2024-03-11 01:05:00+00:00,-91.28,598.357,507.077
2024-03-10T20:10:00-05:00,2024-03-11 01:10:00+00:00,-79.845,582.003,502.158
2024-03-10T20:15:00-05:00,2024-03-11 01:15:00+00:00,-84.496,455.798,371.303
2024-03-10T20:20:00-05:00,2024-03-11 01:20:00+00:00,-45.633,449.305,403.672
2024-03-10T20:25:00-05:00,2024-03-11 01:25:00+00:00,-43.094,500.671,457.577
2024-03-10T20:30:00-05:00,2024-03-11 01:30:00+00:00,-29.305,495.922,466.617
2024-03-10T20:35:00-05:00,2024-03-11 01:35:00+00:00,-54.409,473.801,419.392
2024-03-10T20:40:00-05:00,2024-03-11 01:40:00+00:00,-56.206,539.525,483.319
2024-03-10T20:45:00-05:00,2024-03-11 01:45:00+00:00,-29.114,505.336,476.223
2024-03-10T20:50:00-05:00,2024-03-11 01:50:00+00:00,-26.263,430.294,404.03
2024-03-10T20:55:00-05:00,2024-03-11 01:55:00+00:00,-33.579,359.509,325.93
2024-03-10T21:00:00-05:00,2024-03-11 02:00:00+00:00,-22.123,336.081,313.958
2024-03-10T21:05:00-05:00,2024-03-11 02:05:00+00:00,-112.152,326.051,213.899
2024-03-10T21:10:00-05:00,2024-03-11 02:10:00+00:00,-91.458,260.337,168.879
2024-03-10T21:15:00-05:00,2024-03-11 02:15:00+00:00,-32.794,282.826,250.032
2024-03-10T21:20:00-05:00,2024-03-11 02:20:00+00:00,-26.689,383.384,356.695
2024-03-10T21:25:00-05:00,2024-03-11 02:25:00+00:00,-85.718,215.764,130.046
2024-03-10T21:30:00-05:00,2024-03-11 02:30:00+00:00,-152.698,112.721,-39.977
2024-03-10T21:35:00-05:00,2024-03-11 02:35:00+00:00,-112.959,73.2,-39.759
2024-03-10T21:40:00-05:00,2024-03-11 02:40:00+00:00,-77.891,88.642,10.751
2024-03-10T21:45:00-05:00,2024-03-11 02:45:00+00:00,-126.112,58.735,-67.377
2024-03-10T21:50:00-05:00,2024-03-11 02:50:00+00:00,-219.078,34.805,-184.273
2024-03-10T21:55:00-05:00,2024-03-11 02:55:00+00:00,-241.317,12.286,-229.032
2024-03-10T22:00:00-05:00,2024-03-11 03:00:00+00:00,-232.941,5.328,-227.614
2024-03-10T22:05:00-05:00,2024-03-11 03:05:00+00:00,-223.204,41.221,-181.984
2024-03-10T22:10:00-05:00,2024-03-11 03:10:00+00:00,-86.007,181.894,95.887
2024-03-10T22:15:00-05:00,2024-03-11 03:15:00+00:00,-67.918,104.08,36.162
2024-03-10T22:20:00-05:00,2024-03-11 03:20:00+00:00,-182.577,16.877,-165.7
2024-03-10T22:25:00-05:00,2024-03-11 03:25:00+00:00,-243.038,11.941,-231.097
2024-03-10T22:30:00-05:00,2024-03-11 03:30:00+00:00,-168.904,7.203,-161.701
2024-03-10T22:35:00-05:00,2024-03-11 03:35:00+00:00,-122.777,40.333,-82.443
2024-03-10T22:40:00-05:00,2024-03-11 03:40:00+00:00,-123.268,84.772,-38.496
2024-03-10T22:45:00-05:00,2024-03-11 03:45:00+00:00,-104.161,57.502,-46.658
2024-03-10T22:50:00-05:00,2024-03-11 03:50:00+00:00,-100.375,14.945,-85.43
2024-03-10T22:55:00-05:00,2024-03-11 03:55:00+00:00,-112.925,14.266,-98.658
2024-03-10T23:00:00-05:00,2024-03-11 04:00:00+00:00,-196.155,3.225,-192.93
2024-03-10T23:05:00-05:00,2024-03-11 04:05:00+00:00,-268.299,5.797,-262.501
2024-03-10T23:10:00-05:00,2024-03-11 04:10:00+00:00,-208.103,13.428,-194.674
2024-03-10T23:15:00-05:00,2024-03-11 04:15:00+00:00,-114.348,49.145,-65.204
2024-03-10T23:20:00-05:00,2024-03-11 04:20:00+00:00,-80.798,98.305,17.507
2024-03-10T23:25:00-05:00,2024-03-11 04:25:00+00:00,-135.644,41.856,-93.789
2024-03-10T23:30:00-05:00,2024-03-11 04:30:00+00:00,-244.135,19.604,-224.531
2024-03-10T23:35:00-05:00,2024-03-11 04:35:00+00:00,-259.443,13.837,-245.606
2024-03-10T23:40:00-05:00,2024-03-11 04:40:00+00:00,-228.247,83.523,-144.725
2024-03-10T23:45:00-05:00,2024-03-11 04:45:00+00:00,-231.806,67.451,-164.355
2024-03-10T23:50:00-05:00,2024-03-11 04:50:00+00:00,-262.335,12.729,-249.606
2024-03-10T23:55:00-05:00,2024-03-11 04:55:00+00:00,-199.683,41.442,-158.241
2024-03-11T00:00:00-05:00,2024-03-11 05:00:00+00:00,-200.644,63.021,-137.623
2024-03-11T00:05:00-05:00,2024-03-11 05:05:00+00:00,-279.108,37.634,-241.474
2024-03-11T00:10:00-05:00,2024-03-11 05:10:00+00:00,-382.164,79.289,-302.875
2024-03-11T00:15:00-05:00,2024-03-11 05:15:00+00:00,-316.454,216.087,-100.367
2024-03-11T00:20:00-05:00,2024-03-11 05:20:00+00:00,-304.454,179.039,-125.415
2024-03-11T00:25:00-05:00,2024-03-11 05:25:00+00:00,-384.936,42.227,-342.71
2024-03-11T00:30:00-05:00,2024-03-11 05:30:00+00:00,-388.153,43.89,-344.263
2024-03-11T00:35:00-05:00,2024-03-11 05:35:00+00:00,-315.136,40.215,-274.922
2024-03-11T00:40:00-05:00,2024-03-11 05:40:00+00:00,-427.088,13.891,-413.197
2024-03-11T00:45:00-05:00,2024-03-11 05:45:00+00:00,-328.669,72.335,-256.334
2024-03-11T00:50:00-05:00,2024-03-11 05:50:00+00:00,-337.757,105.609,-232.148
2024-03-11T00:55:00-05:00,2024-03-11 05:55:00+00:00,-398.399,126.595,-271.804
2024-03-11T01:00:00-05:00,2024-03-11 06:00:00+00:00,-443.005,56.577,-386.427
2024-03-11T01:05:00-05:00,2024-03-11 06:05:00+00:00,-338.974,46.555,-292.419
2024-03-11T01:10:00-05:00,2024-03-11 06:10:00+00:00,-300.721,9.413,-291.308
2024-03-11T01:15:00-05:00,2024-03-11 06:15:00+00:00,-380.603,4.217,-376.386
2024-03-11T01:20:00-05:00,2024-03-11 06:20:00+00:00,-348.024,5.635,-342.389
2024-03-11T01:25:00-05:00,2024-03-11 06:25:00+00:00,-228.696,60.024,-168.673
2024-03-11T01:30:00-05:00,2024-03-11 06:30:00+00:00,-176.454,141.855,-34.599
2024-03-11T01:35:00-05:00,2024-03-11 06:35:00+00:00,-201.605,99.349,-102.256
2024-03-11T01:40:00-05:00,2024-03-11 06:40:00+00:00,-329.654,16.783,-312.871
2024-03-11T01:45:00-05:00,2024-03-11 06:45:00+00:00,-374.638,5.308,-369.33
2024-03-11T01:50:00-05:00,2024-03-11 06:50:00+00:00,-226.028,63.981,-162.047
2024-03-11T01:55:00-05:00,2024-03-11 06:55:00+00:00,-167.285,172.989,5.705
2024-03-11T02:00:00-05:00,2024-03-11 07:00:00+00:00,-196.699,88.611,-108.088
2024-03-11T02:05:00-05:00,2024-03-11 07:05:00+00:00,-226.692,31.514,-195.179
2024-03-11T02:10:00-05:00,2024-03-11 07:10:00+00:00,-282.54,9.402,-273.138
2024-03-11T02:15:00-05:00,2024-03-11 07:15:00+00:00,-337.742,7.584,-330.157
2024-03-11T02:20:00-05:00,2024-03-11 07:20:00+00:00,-282.543,50.354,-232.188
2024-03-11T02:25:00-05:00,2024-03-11 07:25:00+00:00,-231.194,159.547,-71.648
2024-03-11T02:30:00-05:00,2024-03-11 07:30:00+00:00,-254.572,71.718,-182.854
2024-03-11T02:35:00-05:00,2024-03-11 07:35:00+00:00,-331.267,8.042,-323.226
2024-03-11T02:40:00-05:00,2024-03-11 07:40:00+00:00,-330.89,5.742,-325.148
2024-03-11T02:45:00-05:00,2024-03-11 07:45:00+00:00,-273.022,21.239,-251.783
2024-03-11T02:50:00-05:00,2024-03-11 07:50:00+00:00,-262.353,40.207,-222.146
2024-03-11T02:55:00-05:00,2024-03-11 07:55:00+00:00,-221.45,82.725,-138.725
2024-03-11T03:00:00-05:00,2024-03-11 08:00:00+00:00,-178.759,94.327,-84.432
2024-03-11T03:05:00-05:00,2024-03-11 08:05:00+00:00,-178.718,136.8,-41.918
2024-03-11T03:10:00-05:00,2024-03-11 08:10:00+00:00,-245.41,39.385,-206.025
2024-03-11T03:15:00-05:00,2024-03-11 08:15:00+00:00,-287.44,6.206,-281.234
2024-03-11T03:20:00-05:00,2024-03-11 08:20:00+00:00,-227.455,10.184,-217.271
2024-03-11T03:25:00-05:00,2024-03-11 08:25:00+00:00,-153.256,54.534,-98.721
2024-03-11T03:30:00-05:00,2024-03-11 08:30:00+00:00,-192.438,9.735,-182.702
2024-03-11T03:35:00-05:00,2024-03-11 08:35:00+00:00,-178.497,22.984,-155.512
2024-03-11T03:40:00-05:00,2024-03-11 08:40:00+00:00,-136.416,124.809,-11.608
2024-03-11T03:45:00-05:00,2024-03-11 08:45:00+00:00,-127.965,165.68,37.715
2024-03-11T03:50:00-05:00,2024-03-11 08:50:00+00:00,-200.819,15.414,-185.405
2024-03-11T03:55:00-05:00,2024-03-11 08:55:00+00:00,-278.748,3.729,-275.019
2024-03-11T04:00:00-05:00,2024-03-11 09:00:00+00:00,-247.442,3.198,-244.244
2024-03-11T04:05:00-05:00,2024-03-11 09:05:00+00:00,-114.572,47.814,-66.758
2024-03-11T04:10:00-05:00,2024-03-11 09:10:00+00:00,-85.584,61.197,-24.387
2024-03-11T04:15:00-05:00,2024-03-11 09:15:00+00:00,-72.525,86.708,14.183
2024-03-11T04:20:00-05:00,2024-03-11 09:20:00+00:00,-49.772,204.636,154.864
2024-03-11T04:25:00-05:00,2024-03-11 09:25:00+00:00,-41.023,224.096,183.073
2024-03-11T04:30:00-05:00,2024-03-11 09:30:00+00:00,-79.284,68.768,-10.516
2024-03-11T04:35:00-05:00,2024-03-11 09:35:00+00:00,-239.031,6.987,-232.045
2024-03-11T04:40:00-05:00,2024-03-11 09:40:00+00:00,-249.812,2.064,-247.747
2024-03-11T04:45:00-05:00,2024-03-11 09:45:00+00:00,-165.447,1.858,-163.589
2024-03-11T04:50:00-05:00,2024-03-11 09:50:00+00:00,-178.359,14.78,-163.579
2024-03-11T04:55:00-05:00,2024-03-11 09:55:00+00:00,-109.029,38.627,-70.402
2024-03-11T05:00:00-05:00,2024-03-11 10:00:00+00:00,-93.517,23.499,-70.019
2024-03-11T05:05:00-05:00,2024-03-11 10:05:00+00:00,-28.124,197.606,169.482
2024-03-11T05:10:00-05:00,2024-03-11 10:10:00+00:00,-71.864,92.078,20.215
2024-03-11T05:15:00-05:00,2024-03-11 10:15:00+00:00,-150.368,16.272,-134.096
2024-03-11T05:20:00-05:00,2024-03-11 10:20:00+00:00,-88.153,35.738,-52.415
2024-03-11T05:25:00-05:00,2024-03-11 10:25:00+00:00,-48.269,68.665,20.396
2024-03-11T05:30:00-05:00,2024-03-11 10:30:00+00:00,-77.779,48.253,-29.526
2024-03-11T05:35:00-05:00,2024-03-11 10:35:00+00:00,-76.094,47.407,-28.688
2024-03-11T05:40:00-05:00,2024-03-11 10:40:00+00:00,-55.396,92.495,37.099
2024-03-11T05:45:00-05:00,2024-03-11 10:45:00+00:00,-148.311,28.056,-120.256
2024-03-11T05:50:00-05:00,2024-03-11 10:50:00+00:00,-124.333,27.917,-96.415
2024-03-11T05:55:00-05:00,2024-03-11 10:55:00+00:00,-59.525,114.858,55.333
2024-03-11T06:00:00-05:00,2024-03-11 11:00:00+00:00,-50.885,125.224,74.339
2024-03-11T06:05:00-05:00,2024-03-11 11:05:00+00:00,-31.659,179.76,148.101
2024-03-11T06:10:00-05:00,2024-03-11 11:10:00+00:00,-73.81,171.323,97.513
2024-03-11T06:15:00-05:00,2024-03-11 11:15:00+00:00,-214.028,65.218,-148.81
2024-03-11T06:20:00-05:00,2024-03-11 11:20:00+00:00,-201.024,49.62,-151.404
2024-03-11T06:25:00-05:00,2024-03-11 11:25:00+00:00,-147.444,34.287,-113.157
2024-03-11T06:30:00-05:00,2024-03-11 11:30:00+00:00,-127.223,31.031,-96.192
2024-03-11T06:35:00-05:00,2024-03-11 11:35:00+00:00,-29.479,130.702,101.224
2024-03-11T06:40:00-05:00,2024-03-11 11:40:00+00:00,-22.909,215.147,192.238
2024-03-11T06:45:00-05:00,2024-03-11 11:45:00+00:00,-54.394,168.354,113.96
2024-03-11T06:50:00-05:00,2024-03-11 11:50:00+00:00,-44.767,177.091,132.324
2024-03-11T06:55:00-05:00,2024-03-11 11:55:00+00:00,-81.46,196.727,115.267
2024-03-11T07:00:00-05:00,2024-03-11 12:00:00+00:00,-84.779,258.926,174.147
2024-03-11T07:05:00-05:00,2024-03-11 12:05:00+00:00,-15.336,430.94,415.604
2024-03-11T07:10:00-05:00,2024-03-11 12:10:00+00:00,-18.579,520.618,502.039
2024-03-11T07:15:00-05:00,2024-03-11 12:15:00+00:00,-47.333,355.482,308.148
2024-03-11T07:20:00-05:00,2024-03-11 12:20:00+00:00,-31.023,384.448,353.425
2024-03-11T07:25:00-05:00,2024-03-11 12:25:00+00:00,-18.33,438.889,420.558
2024-03-11T07:30:00-05:00,2024-03-11 12:30:00+00:00,-18.916,476.741,457.825
2024-03-11T07:35:00-05:00,2024-03-11 12:35:00+00:00,-16.865,598.165,581.3
2024-03-11T07:40:00-05:00,2024-03-11 12:40:00+00:00,-16.496,659.617,643.12
2024-03-11T07:45:00-05:00,2024-03-11 12:45:00+00:00,-25.073,407.536,382.463
2024-03-11T07:50:00-05:00,2024-03-11 12:50:00+00:00,-67.604,295.553,227.949
2024-03-11T07:55:00-05:00,2024-03-11 12:55:00+00:00,-13.436,338.387,324.951
2024-03-11T08:00:00-05:00,2024-03-11 13:00:00+00:00,-15.154,400.712,385.558
2024-03-11T08:05:00-05:00,2024-03-11 13:05:00+00:00,-22.57,422.146,399.576
2024-03-11T08:10:00-05:00,2024-03-11 13:10:00+00:00,-22.045,360.58,338.536
2024-03-11T08:15:00-05:00,2024-03-11 13:15:00+00:00,-36.292,269.056,232.763
2024-03-11T08:20:00-05:00,2024-03-11 13:20:00+00:00,-25.075,324.921,299.846
2024-03-11T08:25:00-05:00,2024-03-11 13:25:00+00:00,-66.178,283.305,217.128
2024-03-11T08:30:00-05:00,2024-03-11 13:30:00+00:00,-219.706,209.163,-10.543
2024-03-11T08:35:00-05:00,2024-03-11 13:35:00+00:00,-228.913,186.164,-42.749
2024-03-11T08:40:00-05:00,2024-03-11 13:40:00+00:00,-163.113,139.837,-23.275
2024-03-11T08:45:00-05:00,2024-03-11 13:45:00+00:00,-39.457,108.459,69.001
2024-03-11T08:50:00-05:00,2024-03-11 13:50:00+00:00,-48.148,92.137,43.989
2024-03-11T08:55:00-05:00,2024-03-11 13:55:00+00:00,-160.096,40.207,-119.889
2024-03-11T09:00:00-05:00,2024-03-11 14:00:00+00:00,-157.68,45.343,-112.337
2024-03-11T09:05:00-05:00,2024-03-11 14:05:00+00:00,-64.875,260.289,195.414
2024-03-11T09:10:00-05:00,2024-03-11 14:10:00+00:00,-171.113,258.911,87.798
2024-03-11T09:15:00-05:00,2024-03-11 14:15:00+00:00,-248.922,44.37,-204.552
2024-03-11T09:20:00-05:00,2024-03-11 14:20:00+00:00,-187.895,79.339,-108.555
2024-03-11T09:25:00-05:00,2024-03-11 14:25:00+00:00,-124.831,215.741,90.911
2024-03-11T09:30:00-05:00,2024-03-11 14:30:00+00:00,-132.478,65.849,-66.629
2024-03-11T09:35:00-05:00,2024-03-11 14:35:00+00:00,-325.246,11.743,-313.503
2024-03-11T09:40:00-05:00,2024-03-11 14:40:00+00:00,-196.129,19.417,-176.712
2024-03-11T09:45:00-05:00,2024-03-11 14:45:00+00:00,-72.702,113.903,41.201
2024-03-11T09:50:00-05:00,2024-03-11 14:50:00+00:00,-148.667,35.451,-113.216
2024-03-11T09:55:00-05:00,2024-03-11 14:55:00+00:00,-431.479,12.699,-418.78
2024-03-11T10:00:00-05:00,2024-03-11 15:00:00+00:00,-607.171,13.193,-593.977
2024-03-11T10:05:00-05:00,2024-03-11 15:05:00+00:00,-280.35,146.615,-133.735
2024-03-11T10:10:00-05:00,2024-03-11 15:10:00+00:00,-129.294,371.345,242.051
2024-03-11T10:15:00-05:00,2024-03-11 15:15:00+00:00,-174.809,103.907,-70.902
2024-03-11T10:20:00-05:00,2024-03-11 15:20:00+00:00,-425.647,8.014,-417.633
2024-03-11T10:25:00-05:00,2024-03-11 15:25:00+00:00,-471.087,20.934,-450.153
2024-03-11T10:30:00-05:00,2024-03-11 15:30:00+00:00,-211.227,121.407,-89.82
2024-03-11T10:35:00-05:00,2024-03-11 15:35:00+00:00,-126.344,413.999,287.656
2024-03-11T10:40:00-05:00,2024-03-11 15:40:00+00:00,-153.963,352.586,198.623
2024-03-11T10:45:00-05:00,2024-03-11 15:45:00+00:00,-196.881,55.495,-141.386
2024-03-11T10:50:00-05:00,2024-03-11 15:50:00+00:00,-274.682,36.362,-238.32
2024-03-11T10:55:00-05:00,2024-03-11 15:55:00+00:00,-308.103,26.912,-281.191
2024-03-11T11:00:00-05:00,2024-03-11 16:00:00+00:00,-269.761,11.305,-258.456
2024-03-11T11:05:00-05:00,2024-03-11 16:05:00+00:00,-317.693,2.133,-315.561
2024-03-11T11:10:00-05:00,2024-03-11 16:10:00+00:00,-373.441,3.165,-370.276
2024-03-11T11:15:00-05:00,2024-03-11 16:15:00+00:00,-264.674,16.438,-248.236
2024-03-11T11:20:00-05:00,2024-03-11 16:20:00+00:00,-150.479,73.588,-76.891
2024-03-11T11:25:00-05:00,2024-03-11 16:25:00+00:00,-161.747,211.22,49.473
2024-03-11T11:30:00-05:00,2024-03-11 16:30:00+00:00,-195.428,172.42,-23.008
2024-03-11T11:35:00-05:00,2024-03-11 16:35:00+00:00,-119.734,153.809,34.075
2024-03-11T11:40:00-05:00,2024-03-11 16:40:00+00:00,-208.758,59.409,-149.349
2024-03-11T11:45:00-05:00,2024-03-11 16:45:00+00:00,-298.07,19.193,-278.876
2024-03-11T11:50:00-05:00,2024-03-11 16:50:00+00:00,-188.477,86.38,-102.097
2024-03-11T11:55:00-05:00,2024-03-11 16:55:00+00:00,-233.562,169.282,-64.281
2024-03-11T12:00:00-05:00,2024-03-11 17:00:00+00:00,-89.645,326.836,237.19
2024-03-11T12:05:00-05:00,2024-03-11 17:05:00+00:00,-180.946,178.127,-2.819
2024-03-11T12:10:00-05:00,2024-03-11 17:10:00+00:00,-319.997,45.012,-274.985
2024-03-11T12:15:00-05:00,2024-03-11 17:15:00+00:00,-339.534,125.513,-214.021
2024-03-11T12:20:00-05:00,2024-03-11 17:20:00+00:00,-513.582,86.77,-426.811
2024-03-11T12:25:00-05:00,2024-03-11 17:25:00+00:00,-543.59,11.692,-531.898
2024-03-11T12:30:00-05:00,2024-03-11 17:30:00+00:00,-509.147,19.746,-489.401
2024-03-11T12:35:00-05:00,2024-03-11 17:35:00+00:00,-371.889,116.593,-255.297
2024-03-11T12:40:00-05:00,2024-03-11 17:40:00+00:00,-228.708,237.589,8.881
2024-03-11T12:45:00-05:00,2024-03-11 17:45:00+00:00,-235.339,208.928,-26.411
2024-03-11T12:50:00-05:00,2024-03-11 17:50:00+00:00,-230.509,35.911,-194.598
2024-03-11T12:55:00-05:00,2024-03-11 17:55:00+00:00,-329.646,4.995,-324.65
2024-03-11T13:00:00-05:00,2024-03-11 18:00:00+00:00,-270.387,28.53,-241.856
2024-03-11T13:05:00-05:00,2024-03-11 18:05:00+00:00,-338.674,3.906,-334.768
2024-03-11T13:10:00-05:00,2024-03-11 18:10:00+00:00,-199.819,5.007,-194.812
2024-03-11T13:15:00-05:00,2024-03-11 18:15:00+00:00,-171.145,8.198,-162.947
2024-03-11T13:20:00-05:00,2024-03-11 18:20:00+00:00,-213.288,25.429,-187.86
2024-03-11T13:25:00-05:00,2024-03-11 18:25:00+00:00,-176.032,68.852,-107.18
2024-03-11T13:30:00-05:00,2024-03-11 18:30:00+00:00,-143.926,157.94,14.014
2024-03-11T13:35:00-05:00,2024-03-11 18:35:00+00:00,-139.521,124.471,-15.05
2024-03-11T13:40:00-05:00,2024-03-11 18:40:00+00:00,-144.528,13.906,-130.622
2024-03-11T13:45:00-05:00,2024-03-11 18:45:00+00:00,-327.634,11.161,-316.473
2024-03-11T13:50:00-05:00,2024-03-11 18:50:00+00:00,-424.765,21.214,-403.55
2024-03-11T13:55:00-05:00,2024-03-11 18:55:00+00:00,-266.435,169.471,-96.964
2024-03-11T14:00:00-05:00,2024-03-11 19:00:00+00:00,-238.869,284.987,46.119
2024-03-11T14:05:00-05:00,2024-03-11 19:05:00+00:00,-365.839,49.068,-316.771
2024-03-11T14:10:00-05:00,2024-03-11 19:10:00+00:00,-586.532,6.525,-580.007
2024-03-11T14:15:00-05:00,2024-03-11 19:15:00+00:00,-391.83,30.931,-360.9
2024-03-11T14:20:00-05:00,2024-03-11 19:20:00+00:00,-139.442,170.246,30.804
2024-03-11T14:25:00-05:00,2024-03-11 19:25:00+00:00,-221.648,232.374,10.726
2024-03-11T14:30:00-05:00,2024-03-11 19:30:00+00:00,-582.58,24.791,-557.789
2024-03-11T14:35:00-05:00,2024-03-11 19:35:00+00:00,-584.784,14.944,-569.84
2024-03-11T14:40:00-05:00,2024-03-11 19:40:00+00:00,-341.983,6.673,-335.31
2024-03-11T14:45:00-05:00,2024-03-11 19:45:00+00:00,-183.006,32.239,-150.767
2024-03-11T14:50:00-05:00,2024-03-11 19:50:00+00:00,-86.75,197.117,110.367
2024-03-11T14:55:00-05:00,2024-03-11 19:55:00+00:00,-164.751,87.765,-76.987
2024-03-11T15:00:00-05:00,2024-03-11 20:00:00+00:00,-207.767,49.51,-158.257
2024-03-11T15:05:00-05:00,2024-03-11 20:05:00+00:00,-109.194,146.512,37.318
2024-03-11T15:10:00-05:00,2024-03-11 20:10:00+00:00,-139.793,59.026,-80.767
2024-03-11T15:15:00-05:00,2024-03-11 20:15:00+00:00,-285.215,12.737,-272.478
2024-03-11T15:20:00-05:00,2024-03-11 20:20:00+00:00,-138.517,45.918,-92.599
2024-03-11T15:25:00-05:00,2024-03-11 20:25:00+00:00,-91.975,83.288,-8.687
2024-03-11T15:30:00-05:00,2024-03-11 20:30:00+00:00,-150.988,35.253,-115.735
2024-03-11T15:35:00-05:00,2024-03-11 20:35:00+00:00,-151.814,38.796,-113.017
2024-03-11T15:40:00-05:00,2024-03-11 20:40:00+00:00,-123.09,62.989,-60.1
2024-03-11T15:45:00-05:00,2024-03-11 20:45:00+00:00,-93.084,128.004,34.92
2024-03-11T15:50:00-05:00,2024-03-11 20:50:00+00:00,-161.349,59.03,-102.318
2024-03-11T15:55:00-05:00,2024-03-11 20:55:00+00:00,-248.207,52.433,-195.775
2024-03-11T16:00:00-05:00,2024-03-11 21:00:00+00:00,-283.183,37.565,-245.617
2024-03-11T16:05:00-05:00,2024-03-11 21:05:00+00:00,-153.684,93.935,-59.749
2024-03-11T16:10:00-05:00,2024-03-11 21:10:00+00:00,-110.005,93.657,-16.347
2024-03-11T16:15:00-05:00,2024-03-11 21:15:00+00:00,-258.029,24.042,-233.987
2024-03-11T16:20:00-05:00,2024-03-11 21:20:00+00:00,-348.781,11.021,-337.76
2024-03-11T16:25:00-05:00,2024-03-11 21:25:00+00:00,-172.848,42.031,-130.817
2024-03-11T16:30:00-05:00,2024-03-11 21:30:00+00:00,-186.968,33.464,-153.504
2024-03-11T16:35:00-05:00,2024-03-11 21:35:00+00:00,-137.981,71.67,-66.312
2024-03-11T16:40:00-05:00,2024-03-11 21:40:00+00:00,-53.506,183.146,129.64
2024-03-11T16:45:00-05:00,2024-03-11 21:45:00+00:00,-67.225,112.042,44.817
2024-03-11T16:50:00-05:00,2024-03-11 21:50:00+00:00,-153.902,20.14,-133.762
2024-03-11T16:55:00-05:00,2024-03-11 21:55:00+00:00,-71.929,34.751,-37.178
2024-03-11T17:00:00-05:00,2024-03-11 22:00:00+00:00,-67.764,55.455,-12.309
2024-03-11T17:05:00-05:00,2024-03-11 22:05:00+00:00,-239.494,19.022,-220.472
2024-03-11T17:10:00-05:00,2024-03-11 22:10:00+00:00,-275.965,46.194,-229.771
2024-03-11T17:15:00-05:00,2024-03-11 22:15:00+00:00,-145.819,92.782,-53.037
2024-03-11T17:20:00-05:00,2024-03-11 22:20:00+00:00,-206.797,94.528,-112.269
2024-03-11T17:25:00-05:00,2024-03-11 22:25:00+00:00,-305.449,92.394,-213.054
2024-03-11T17:30:00-05:00,2024-03-11 22:30:00+00:00,-122.167,178.919,56.751
2024-03-11T17:35:00-05:00,2024-03-11 22:35:00+00:00,-54.07,248.605,194.535
2024-03-11T17:40:00-05:00,2024-03-11 22:40:00+00:00,-119.587,174.611,55.024
2024-03-11T17:45:00-05:00,2024-03-11 22:45:00+00:00,-59.276,230.366,171.09
2024-03-11T17:50:00-05:00,2024-03-11 22:50:00+00:00,-33.329,231.374,198.045
2024-03-11T17:55:00-05:00,2024-03-11 22:55:00+00:00,-73.912,169.751,95.838
2024-03-11T18:00:00-05:00,2024-03-11 23:00:00+00:00,-67.72,141.054,73.334
2024-03-11T18:05:00-05:00,2024-03-11 23:05:00+00:00,-41.909,164.87,122.961
2024-03-11T18:10:00-05:00,2024-03-11 23:10:00+00:00,-18.402,241.128,222.727
2024-03-11T18:15:00-05:00,2024-03-11 23:15:00+00:00,-14.844,364.051,349.207
2024-03-11T18:20:00-05:00,2024-03-11 23:20:00+00:00,-51.731,123.392,71.661
2024-03-11T18:25:00-05:00,2024-03-11 23:25:00+00:00,-29.972,272.061,242.089
2024-03-11T18:30:00-05:00,2024-03-11 23:30:00+00:00,-14.658,713.698,699.04
2024-03-11T18:35:00-05:00,2024-03-11 23:35:00+00:00,-22.738,444.664,421.926
2024-03-11T18:40:00-05:00,2024-03-11 23:40:00+00:00,-55.745,205.412,149.667
2024-03-11T18:45:00-05:00,2024-03-11 23:45:00+00:00,-80.154,71.678,-8.476
2024-03-11T18:50:00-05:00,2024-03-11 23:50:00+00:00,-31.891,169.322,137.431
2024-03-11T18:55:00-05:00,2024-03-11 23:55:00+00:00,-13.357,409.138,395.781
2024-03-11T19:00:00-05:00,2024-03-12 00:00:00+00:00,-12.988,346.93,333.942
2024-03-11T19:05:00-05:00,2024-03-12 00:05:00+00:00,-11.307,579.941,568.634
2024-03-11T19:10:00-05:00,2024-03-12 00:10:00+00:00,-14.318,912.417,898.099
2024-03-11T19:15:00-05:00,2024-03-12 00:15:00+00:00,-29.17,909.894,880.724
2024-03-11T19:20:00-05:00,2024-03-12 00:20:00+00:00,-45.05,762.708,717.658
2024-03-11T19:25:00-05:00,2024-03-12 00:25:00+00:00,-31.634,662.971,631.337
2024-03-11T19:30:00-05:00,2024-03-12 00:30:00+00:00,-19.83,752.473,732.643
2024-03-11T19:35:00-05:00,2024-03-12 00:35:00+00:00,-20.621,788.588,767.967
2024-03-11T19:40:00-05:00,2024-03-12 00:40:00+00:00,-60.067,629.597,569.53
2024-03-11T19:45:00-05:00,2024-03-12 00:45:00+00:00,-105.15,425.032,319.882
2024-03-11T19:50:00-05:00,2024-03-12 00:50:00+00:00,-168.192,331.012,162.82
2024-03-11T19:55:00-05:00,2024-03-12 00:55:00+00:00,-387.177,392.443,5.266
2024-03-11T20:00:00-05:00,2024-03-12 01:00:00+00:00,-360.503,320.72,-39.782
2024-03-11T20:05:00-05:00,2024-03-12 01:05:00+00:00,-201.272,220.918,19.645
2024-03-11T20:10:00-05:00,2024-03-12 01:10:00+00:00,-162.042,125.154,-36.887
2024-03-11T20:15:00-05:00,2024-03-12 01:15:00+00:00,-253.196,80.981,-172.214
2024-03-11T20:20:00-05:00,2024-03-12 01:20:00+00:00,-238.752,79.441,-159.311
2024-03-11T20:25:00-05:00,2024-03-12 01:25:00+00:00,-194.041,64.02,-130.021
2024-03-11T20:30:00-05:00,2024-03-12 01:30:00+00:00,-162.863,82.506,-80.357
2024-03-11T20:35:00-05:00,2024-03-12 01:35:00+00:00,-164.807,46.238,-118.568
2024-03-11T20:40:00-05:00,2024-03-12 01:40:00+00:00,-137.747,26.024,-111.723
2024-03-11T20:45:00-05:00,2024-03-12 01:45:00+00:00,-123.14,52.335,-70.805
2024-03-11T20:50:00-05:00,2024-03-12 01:50:00+00:00,-120.573,67.903,-52.67
2024-03-11T20:55:00-05:00,2024-03-12 01:55:00+00:00,-111.433,63.647,-47.786
2024-03-11T21:00:00-05:00,2024-03-12 02:00:00+00:00,-164.546,26.101,-138.445
2024-03-11T21:05:00-05:00,2024-03-12 02:05:00+00:00,-183.104,19.245,-163.859
2024-03-11T21:10:00-05:00,2024-03-12 02:10:00+00:00,-139.573,29.515,-110.058
2024-03-11T21:15:00-05:00,2024-03-12 02:15:00+00:00,-124.9,68.623,-56.277
2024-03-11T21:20:00-05:00,2024-03-12 02:20:00+00:00,-153.515,55.512,-98.003
2024-03-11T21:25:00-05:00,2024-03-12 02:25:00+00:00,-152.817,57.122,-95.694
2024-03-11T21:30:00-05:00,2024-03-12 02:30:00+00:00,-107.752,69.114,-38.638
2024-03-11T21:35:00-05:00,2024-03-12 02:35:00+00:00,-33.981,139.392,105.411
2024-03-11T21:40:00-05:00,2024-03-12 02:40:00+00:00,-53.72,108.221,54.501
2024-03-11T21:45:00-05:00,2024-03-12 02:45:00+00:00,-53.267,72.301,19.034
2024-03-11T21:50:00-05:00,2024-03-12 02:50:00+00:00,-137.251,44.423,-92.827
2024-03-11T21:55:00-05:00,2024-03-12 02:55:00+00:00,-131.388,70.109,-61.279
2024-03-11T22:00:00-05:00,2024-03-12 03:00:00+00:00,-70.806,84.794,13.988
2024-03-11T22:05:00-05:00,2024-03-12 03:05:00+00:00,-89.511,64.847,-24.663
2024-03-11T22:10:00-05:00,2024-03-12 03:10:00+00:00,-168.17,68.734,-99.436
2024-03-11T22:15:00-05:00,2024-03-12 03:15:00+00:00,-210.033,50.64,-159.393
2024-03-11T22:20:00-05:00,2024-03-12 03:20:00+00:00,-95.709,178.823,83.113
2024-03-11T22:25:00-05:00,2024-03-12 03:25:00+00:00,-101.994,136.571,34.577
2024-03-11T22:30:00-05:00,2024-03-12 03:30:00+00:00,-134.944,81.628,-53.316
2024-03-11T22:35:00-05:00,2024-03-12 03:35:00+00:00,-104.031,111.892,7.861
2024-03-11T22:40:00-05:00,2024-03-12 03:40:00+00:00,-85.124,119.187,34.063
2024-03-11T22:45:00-05:00,2024-03-12 03:45:00+00:00,-138.286,28.08,-110.205
2024-03-11T22:50:00-05:00,2024-03-12 03:50:00+00:00,-167.603,11.815,-155.788
2024-03-11T22:55:00-05:00,2024-03-12 03:55:00+00:00,-90.698,41.966,-48.731
2024-03-11T23:00:00-05:00,2024-03-12 04:00:00+00:00,-72.501,144.221,71.72
2024-03-11T23:05:00-05:00,2024-03-12 04:05:00+00:00,-139.672,103.302,-36.371
2024-03-11T23:10:00-05:00,2024-03-12 04:10:00+00:00,-233.264,34.174,-199.09
2024-03-11T23:15:00-05:00,2024-03-12 04:15:00+00:00,-226.847,84.25,-142.598
2024-03-11T23:20:00-05:00,2024-03-12 04:20:00+00:00,-220.063,77.632,-142.431
2024-03-11T23:25:00-05:00,2024-03-12 04:25:00+00:00,-236.408,86.696,-149.712
2024-03-11T23:30:00-05:00,2024-03-12 04:30:00+00:00,-249.536,65.115,-184.421
2024-03-11T23:35:00-05:00,2024-03-12 04:35:00+00:00,-232.455,58.554,-173.901
2024-03-11T23:40:00-05:00,2024-03-12 04:40:00+00:00,-205.057,70.946,-134.111
2024-03-11T23:45:00-05:00,2024-03-12 04:45:00+00:00,-243.355,24.72,-218.635
2024-03-11T23:50:00-05:00,2024-03-12 04:50:00+00:00,-368.093,4.639,-363.454
2024-03-11T23:55:00-05:00,2024-03-12 04:55:00+00:00,-470.899,3.313,-467.586
2024-03-12T00:00:00-05:00,2024-03-12 05:00:00+00:00,-339.72,17.132,-322.588
2024-03-12T00:05:00-05:00,2024-03-12 05:05:00+00:00,-184.874,84.784,-100.091
2024-03-12T00:10:00-05:00,2024-03-12 05:10:00+00:00,-131.616,35.891,-95.725
2024-03-12T00:15:00-05:00,2024-03-12 05:15:00+00:00,-96.004,159.001,62.997
2024-03-12T00:20:00-05:00,2024-03-12 05:20:00+00:00,-94.575,241.442,146.867
2024-03-12T00:25:00-05:00,2024-03-12 05:25:00+00:00,-132.047,80.282,-51.765
2024-03-12T00:30:00-05:00,2024-03-12 05:30:00+00:00,-318.544,11.054,-307.49
2024-03-12T00:35:00-05:00,2024-03-12 05:35:00+00:00,-340.859,16.337,-324.522
2024-03-12T00:40:00-05:00,2024-03-12 05:40:00+00:00,-192.168,71.961,-120.207
2024-03-12T00:45:00-05:00,2024-03-12 05:45:00+00:00,-163.777,167.108,3.332
2024-03-12T00:50:00-05:00,2024-03-12 05:50:00+00:00,-151.77,116.037,-35.733
2024-03-12T00:55:00-05:00,2024-03-12 05:55:00+00:00,-186.615,27.585,-159.029
2024-03-12T01:00:00-05:00,2024-03-12 06:00:00+00:00,-206.21,29.9,-176.31
2024-03-12T01:05:00-05:00,2024-03-12 06:05:00+00:00,-307.853,14.359,-293.494
2024-03-12T01:10:00-05:00,2024-03-12 06:10:00+00:00,-253.574,22.481,-231.093
2024-03-12T01:15:00-05:00,2024-03-12 06:15:00+00:00,-139.821,94.552,-45.269
2024-03-12T01:20:00-05:00,2024-03-12 06:20:00+00:00,-179.853,51.476,-128.377
2024-03-12T01:25:00-05:00,2024-03-12 06:25:00+00:00,-187.633,45.033,-142.6
2024-03-12T01:30:00-05:00,2024-03-12 06:30:00+00:00,-215.965,52.531,-163.434
2024-03-12T01:35:00-05:00,2024-03-12 06:35:00+00:00,-192.341,40.381,-151.96
2024-03-12T01:40:00-05:00,2024-03-12 06:40:00+00:00,-176.54,86.744,-89.796
2024-03-12T01:45:00-05:00,2024-03-12 06:45:00+00:00,-273.124,26.436,-246.689
2024-03-12T01:50:00-05:00,2024-03-12 06:50:00+00:00,-413.792,14.899,-398.893
2024-03-12T01:55:00-05:00,2024-03-12 06:55:00+00:00,-310.211,84.637,-225.574
2024-03-12T02:00:00-05:00,2024-03-12 07:00:00+00:00,-364.936,152.182,-212.754
2024-03-12T02:05:00-05:00,2024-03-12 07:05:00+00:00,-438.003,66.844,-371.159
2024-03-12T02:10:00-05:00,2024-03-12 07:10:00+00:00,-532.632,21.441,-511.191
2024-03-12T02:15:00-05:00,2024-03-12 07:15:00+00:00,-515.167,9.199,-505.967
2024-03-12T02:20:00-05:00,2024-03-12 07:20:00+00:00,-669.235,3.234,-666.002
2024-03-12T02:25:00-05:00,2024-03-12 07:25:00+00:00,-584.766,42.924,-541.842
2024-03-12T02:30:00-05:00,2024-03-12 07:30:00+00:00,-567.488,113.393,-454.095
2024-03-12T02:35:00-05:00,2024-03-12 07:35:00+00:00,-515.525,135.039,-380.486
2024-03-12T02:40:00-05:00,2024-03-12 07:40:00+00:00,-346.875,147.396,-199.479
2024-03-12T02:45:00-05:00,2024-03-12 07:45:00+00:00,-388.942,27.591,-361.351
2024-03-12T02:50:00-05:00,2024-03-12 07:50:00+00:00,-441.323,8.304,-433.018
2024-03-12T02:55:00-05:00,2024-03-12 07:55:00+00:00,-360.912,111.524,-249.388
2024-03-12T03:00:00-05:00,2024-03-12 08:00:00+00:00,-298.776,137.38,-161.396
2024-03-12T03:05:00-05:00,2024-03-12 08:05:00+00:00,-278.075,66.395,-211.68
2024-03-12T03:10:00-05:00,2024-03-12 08:10:00+00:00,-249.554,25.131,-224.422
2024-03-12T03:15:00-05:00,2024-03-12 08:15:00+00:00,-255.765,17.781,-237.984
2024-03-12T03:20:00-05:00,2024-03-12 08:20:00+00:00,-215.616,16.403,-199.213
2024-03-12T03:25:00-05:00,2024-03-12 08:25:00+00:00,-249.079,14.748,-234.332
2024-03-12T03:30:00-05:00,2024-03-12 08:30:00+00:00,-148.778,109.845,-38.934
2024-03-12T03:35:00-05:00,2024-03-12 08:35:00+00:00,-103.085,319.29,216.205
2024-03-12T03:40:00-05:00,2024-03-12 08:40:00+00:00,-113.892,99.09,-14.802
2024-03-12T03:45:00-05:00,2024-03-12 08:45:00+00:00,-174.304,51.704,-122.6
2024-03-12T03:50:00-05:00,2024-03-12 08:50:00+00:00,-60.019,131.736,71.717
2024-03-12T03:55:00-05:00,2024-03-12 08:55:00+00:00,-89.042,139.678,50.637
2024-03-12T04:00:00-05:00,2024-03-12 09:00:00+00:00,-217.511,47.817,-169.694
2024-03-12T04:05:00-05:00,2024-03-12 09:05:00+00:00,-80.129,136.724,56.595
2024-03-12T04:10:00-05:00,2024-03-12 09:10:00+00:00,-31.151,213.417,182.267
2024-03-12T04:15:00-05:00,2024-03-12 09:15:00+00:00,-79.513,48.689,-30.824
2024-03-12T04:20:00-05:00,2024-03-12 09:20:00+00:00,-244.752,2.889,-241.863
2024-03-12T04:25:00-05:00,2024-03-12 09:25:00+00:00,-190.401,14.51,-175.891
2024-03-12T04:30:00-05:00,2024-03-12 09:30:00+00:00,-17.744,106.899,89.155
2024-03-12T04:35:00-05:00,2024-03-12 09:35:00+00:00,-47.281,48.188,0.907
2024-03-12T04:40:00-05:00,2024-03-12 09:40:00+00:00,-105.172,6.694,-98.478
2024-03-12T04:45:00-05:00,2024-03-12 09:45:00+00:00,-42.657,7.37,-35.287
2024-03-12T04:50:00-05:00,2024-03-12 09:50:00+00:00,-13.451,140.887,127.437
2024-03-12T04:55:00-05:00,2024-03-12 09:55:00+00:00,-16.353,192.863,176.51
2024-03-12T05:00:00-05:00,2024-03-12 10:00:00+00:00,-21.18,124.173,102.993
2024-03-12T05:05:00-05:00,2024-03-12 10:05:00+00:00,-110.484,7.8,-102.684
2024-03-12T05:10:00-05:00,2024-03-12 10:10:00+00:00,-33.792,64.933,31.141
2024-03-12T05:15:00-05:00,2024-03-12 10:15:00+00:00,-16.929,119.33,102.401
2024-03-12T05:20:00-05:00,2024-03-12 10:20:00+00:00,-11.311,156.081,144.771
2024-03-12T05:25:00-05:00,2024-03-12 10:25:00+00:00,-70.153,46.578,-23.574
2024-03-12T05:30:00-05:00,2024-03-12 10:30:00+00:00,-184.118,4.212,-179.906
2024-03-12T05:35:00-05:00,2024-03-12 10:35:00+00:00,-59.549,51.638,-7.91
2024-03-12T05:40:00-05:00,2024-03-12 10:40:00+00:00,-25.516,79.334,53.818
2024-03-12T05:45:00-05:00,2024-03-12 10:45:00+00:00,-35.656,53.426,17.769
2024-03-12T05:50:00-05:00,2024-03-12 10:50:00+00:00,-15.961,92.801,76.84
2024-03-12T05:55:00-05:00,2024-03-12 10:55:00+00:00,-41.371,28.258,-13.113
2024-03-12T06:00:00-05:00,2024-03-12 11:00:00+00:00,-10.229,106.668,96.438
2024-03-12T06:05:00-05:00,2024-03-12 11:05:00+00:00,-12.993,245.202,232.209
2024-03-12T06:10:00-05:00,2024-03-12 11:10:00+00:00,-56.074,210.556,154.482
2024-03-12T06:15:00-05:00,2024-03-12 11:15:00+00:00,-288.58,78.765,-209.814
2024-03-12T06:20:00-05:00,2024-03-12 11:20:00+00:00,-315.082,68.137,-246.945
2024-03-12T06:25:00-05:00,2024-03-12 11:25:00+00:00,-100.57,121.231,20.661
2024-03-12T06:30:00-05:00,2024-03-12 11:30:00+00:00,-65.255,116.52,51.265
2024-03-12T06:35:00-05:00,2024-03-12 11:35:00+00:00,-131.306,73.603,-57.703
2024-03-12T06:40:00-05:00,2024-03-12 11:40:00+00:00,-22.803,174.583,151.779
2024-03-12T06:45:00-05:00,2024-03-12 11:45:00+00:00,-13.478,299.577,286.099
2024-03-12T06:50:00-05:00,2024-03-12 11:50:00+00:00,-19.912,252.505,232.593
2024-03-12T06:55:00-05:00,2024-03-12 11:55:00+00:00,-14.431,344.169,329.738
2024-03-12T07:00:00-05:00,2024-03-12 12:00:00+00:00,-34.393,304.36,269.967
2024-03-12T07:05:00-05:00,2024-03-12 12:05:00+00:00,-12.596,408.809,396.214
2024-03-12T07:10:00-05:00,2024-03-12 12:10:00+00:00,-11.653,481.824,470.171
2024-03-12T07:15:00-05:00,2024-03-12 12:15:00+00:00,-17.382,395.224,377.842
2024-03-12T07:20:00-05:00,2024-03-12 12:20:00+00:00,-8.757,443.59,434.833
2024-03-12T07:25:00-05:00,2024-03-12 12:25:00+00:00,-14.455,388.648,374.193
2024-03-12T07:30:00-05:00,2024-03-12 12:30:00+00:00,-24.11,288.431,264.321
2024-03-12T07:35:00-05:00,2024-03-12 12:35:00+00:00,-33.699,272.067,238.368
2024-03-12T07:40:00-05:00,2024-03-12 12:40:00+00:00,-30.466,302.422,271.957
2024-03-12T07:45:00-05:00,2024-03-12 12:45:00+00:00,-31.049,398.404,367.356
2024-03-12T07:50:00-05:00,2024-03-12 12:50:00+00:00,-30.037,368.277,338.24
2024-03-12T07:55:00-05:00,2024-03-12 12:55:00+00:00,-32.559,273.495,240.936
2024-03-12T08:00:00-05:00,2024-03-12 13:00:00+00:00,-58.669,187.289,128.619
2024-03-12T08:05:00-05:00,2024-03-12 13:05:00+00:00,-114.842,120.767,5.925
2024-03-12T08:10:00-05:00,2024-03-12 13:10:00+00:00,-90.438,161.897,71.459
2024-03-12T08:15:00-05:00,2024-03-12 13:15:00+00:00,-68.635,105.716,37.081
2024-03-12T08:20:00-05:00,2024-03-12 13:20:00+00:00,-29.45,413.073,383.623
2024-03-12T08:25:00-05:00,2024-03-12 13:25:00+00:00,-12.411,506.52,494.109
2024-03-12T08:30:00-05:00,2024-03-12 13:30:00+00:00,-152.427,128.198,-24.229
2024-03-12T08:35:00-05:00,2024-03-12 13:35:00+00:00,-432.093,14.608,-417.485
2024-03-12T08:40:00-05:00,2024-03-12 13:40:00+00:00,-466.629,45.013,-421.616
2024-03-12T08:45:00-05:00,2024-03-12 13:45:00+00:00,-40.108,319.351,279.244
2024-03-12T08:50:00-05:00,2024-03-12 13:50:00+00:00,-49.579,254.498,204.919
2024-03-12T08:55:00-05:00,2024-03-12 13:55:00+00:00,-41.846,307.75,265.904
2024-03-12T09:00:00-05:00,2024-03-12 14:00:00+00:00,-51.175,288.694,237.519
2024-03-12T09:05:00-05:00,2024-03-12 14:05:00+00:00,-48.351,211.061,162.71
2024-03-12T09:10:00-05:00,2024-03-12 14:10:00+00:00,-101.049,70.321,-30.728
2024-03-12T09:15:00-05:00,2024-03-12 14:15:00+00:00,-109.488,71.257,-38.231
2024-03-12T09:20:00-05:00,2024-03-12 14:20:00+00:00,-286.576,11.227,-275.349
2024-03-12T09:25:00-05:00,2024-03-12 14:25:00+00:00,-144.665,83.394,-61.271
2024-03-12T09:30:00-05:00,2024-03-12 14:30:00+00:00,-61.382,205.893,144.511
2024-03-12T09:35:00-05:00,2024-03-12 14:35:00+00:00,-179.376,31.26,-148.117
2024-03-12T09:40:00-05:00,2024-03-12 14:40:00+00:00,-567.718,3.95,-563.768
2024-03-12T09:45:00-05:00,2024-03-12 14:45:00+00:00,-776.412,3.282,-773.13
2024-03-12T09:50:00-05:00,2024-03-12 14:50:00+00:00,-526.317,41.506,-484.811
2024-03-12T09:55:00-05:00,2024-03-12 14:55:00+00:00,-78.929,199.29,120.361
2024-03-12T10:00:00-05:00,2024-03-12 15:00:00+00:00,-41.275,336.73,295.455
2024-03-12T10:05:00-05:00,2024-03-12 15:05:00+00:00,-151.543,97.104,-54.439
2024-03-12T10:10:00-05:00,2024-03-12 15:10:00+00:00,-437.282,4.373,-432.908
2024-03-12T10:15:00-05:00,2024-03-12 15:15:00+00:00,-637.389,4.155,-633.234
2024-03-12T10:20:00-05:00,2024-03-12 15:20:00+00:00,-633.313,11.043,-622.27
2024-03-12T10:25:00-05:00,2024-03-12 15:25:00+00:00,-349.718,63.16,-286.558
2024-03-12T10:30:00-05:00,2024-03-12 15:30:00+00:00,-268.883,117.801,-151.082
2024-03-12T10:35:00-05:00,2024-03-12 15:35:00+00:00,-386.285,28.544,-357.741
2024-03-12T10:40:00-05:00,2024-03-12 15:40:00+00:00,-279.483,75.663,-203.82
2024-03-12T10:45:00-05:00,2024-03-12 15:45:00+00:00,-251.844,141.019,-110.825
2024-03-12T10:50:00-05:00,2024-03-12 15:50:00+00:00,-305.098,90.381,-214.718
2024-03-12T10:55:00-05:00,2024-03-12 15:55:00+00:00,-298.752,58.998,-239.754
2024-03-12T11:00:00-05:00,2024-03-12 16:00:00+00:00,-186.421,294.544,108.123
2024-03-12T11:05:00-05:00,2024-03-12 16:05:00+00:00,-125.263,225.756,100.493
2024-03-12T11:10:00-05:00,2024-03-12 16:10:00+00:00,-212.651,42.308,-170.342
2024-03-12T11:15:00-05:00,2024-03-12 16:15:00+00:00,-427.666,15.958,-411.708
2024-03-12T11:20:00-05:00,2024-03-12 16:20:00+00:00,-316.516,14.896,-301.621
2024-03-12T11:25:00-05:00,2024-03-12 16:25:00+00:00,-155.862,64.839,-91.023
2024-03-12T11:30:00-05:00,2024-03-12 16:30:00+00:00,-149.251,44.842,-104.41
2024-03-12T11:35:00-05:00,2024-03-12 16:35:00+00:00,-95.311,63.979,-31.332
2024-03-12T11:40:00-05:00,2024-03-12 16:40:00+00:00,-149.601,89.654,-59.948
2024-03-12T11:45:00-05:00,2024-03-12 16:45:00+00:00,-154.788,152.032,-2.756
2024-03-12T11:50:00-05:00,2024-03-12 16:50:00+00:00,-177.872,77.384,-100.487
2024-03-12T11:55:00-05:00,2024-03-12 16:55:00+00:00,-215.999,138.061,-77.939
2024-03-12T12:00:00-05:00,2024-03-12 17:00:00+00:00,-184.989,83.816,-101.173
2024-03-12T12:05:00-05:00,2024-03-12 17:05:00+00:00,-106.051,186.566,80.514
2024-03-12T12:10:00-05:00,2024-03-12 17:10:00+00:00,-32.698,212.108,179.41
2024-03-12T12:15:00-05:00,2024-03-12 17:15:00+00:00,-30.385,300.005,269.62
2024-03-12T12:20:00-05:00,2024-03-12 17:20:00+00:00,-52.986,158.412,105.427
2024-03-12T12:25:00-05:00,2024-03-12 17:25:00+00:00,-137.517,55.976,-81.541
2024-03-12T12:30:00-05:00,2024-03-12 17:30:00+00:00,-406.498,3.871,-402.626
2024-03-12T12:35:00-05:00,2024-03-12 17:35:00+00:00,-579.644,12.896,-566.748
2024-03-12T12:40:00-05:00,2024-03-12 17:40:00+00:00,-243.81,66.998,-176.811
2024-03-12T12:45:00-05:00,2024-03-12 17:45:00+00:00,-56.526,269.647,213.121
2024-03-12T12:50:00-05:00,2024-03-12 17:50:00+00:00,-50.22,220.284,170.064
2024-03-12T12:55:00-05:00,2024-03-12 17:55:00+00:00,-56.226,298.369,242.143
2024-03-12T13:00:00-05:00,2024-03-12 18:00:00+00:00,-133.178,235.394,102.216
2024-03-12T13:05:00-05:00,2024-03-12 18:05:00+00:00,-224.778,26.391,-198.386
2024-03-12T13:10:00-05:00,2024-03-12 18:10:00+00:00,-171.243,39.769,-131.474
2024-03-12T13:15:00-05:00,2024-03-12 18:15:00+00:00,-70.239,68.874,-1.365
2024-03-12T13:20:00-05:00,2024-03-12 18:20:00+00:00,-26.452,353.156,326.704
2024-03-12T13:25:00-05:00,2024-03-12 18:25:00+00:00,-61.739,199.541,137.802
2024-03-12T13:30:00-05:00,2024-03-12 18:30:00+00:00,-284.918,74.136,-210.782
2024-03-12T13:35:00-05:00,2024-03-12 18:35:00+00:00,-362.188,45.744,-316.444
2024-03-12T13:40:00-05:00,2024-03-12 18:40:00+00:00,-198.248,100.638,-97.61
2024-03-12T13:45:00-05:00,2024-03-12 18:45:00+00:00,-54.815,244.849,190.034
2024-03-12T13:50:00-05:00,2024-03-12 18:50:00+00:00,-42.848,354.734,311.886
2024-03-12T13:55:00-05:00,2024-03-12 18:55:00+00:00,-86.053,248.943,162.89
2024-03-12T14:00:00-05:00,2024-03-12 19:00:00+00:00,-205.122,35.662,-169.46
2024-03-12T14:05:00-05:00,2024-03-12 19:05:00+00:00,-371.015,5.495,-365.521
2024-03-12T14:10:00-05:00,2024-03-12 19:10:00+00:00,-210.028,206.514,-3.514
2024-03-12T14:15:00-05:00,2024-03-12 19:15:00+00:00,-138.599,342.247,203.648
2024-03-12T14:20:00-05:00,2024-03-12 19:20:00+00:00,-172.638,133.411,-39.226
2024-03-12T14:25:00-05:00,2024-03-12 19:25:00+00:00,-256.536,55.988,-200.549
2024-03-12T14:30:00-05:00,2024-03-12 19:30:00+00:00,-193.112,263.609,70.497
2024-03-12T14:35:00-05:00,2024-03-12 19:35:00+00:00,-164.112,340.15,176.038
2024-03-12T14:40:00-05:00,2024-03-12 19:40:00+00:00,-166.686,131.371,-35.315
2024-03-12T14:45:00-05:00,2024-03-12 19:45:00+00:00,-347.416,23.269,-324.147
2024-03-12T14:50:00-05:00,2024-03-12 19:50:00+00:00,-375.354,40.63,-334.723
2024-03-12T14:55:00-05:00,2024-03-12 19:55:00+00:00,-336.395,20.909,-315.486
2024-03-12T15:00:00-05:00,2024-03-12 20:00:00+00:00,-365.876,35.162,-330.714
2024-03-12T15:05:00-05:00,2024-03-12 20:05:00+00:00,-132.779,115.695,-17.084
2024-03-12T15:10:00-05:00,2024-03-12 20:10:00+00:00,-50.707,148.981,98.274
2024-03-12T15:15:00-05:00,2024-03-12 20:15:00+00:00,-47.286,298.672,251.386
2024-03-12T15:20:00-05:00,2024-03-12 20:20:00+00:00,-121.09,60.279,-60.811
2024-03-12T15:25:00-05:00,2024-03-12 20:25:00+00:00,-369.586,3.16,-366.426
2024-03-12T15:30:00-05:00,2024-03-12 20:30:00+00:00,-500.697,6.22,-494.477
2024-03-12T15:35:00-05:00,2024-03-12 20:35:00+00:00,-168.513,177.975,9.462
2024-03-12T15:40:00-05:00,2024-03-12 20:40:00+00:00,-97.475,527.583,430.107
2024-03-12T15:45:00-05:00,2024-03-12 20:45:00+00:00,-114.078,505.383,391.305
2024-03-12T15:50:00-05:00,2024-03-12 20:50:00+00:00,-169.492,219.778,50.287
2024-03-12T15:55:00-05:00,2024-03-12 20:55:00+00:00,-434.092,113.255,-320.837
2024-03-12T16:00:00-05:00,2024-03-12 21:00:00+00:00,-565.108,96.368,-468.74
2024-03-12T16:05:00-05:00,2024-03-12 21:05:00+00:00,-170.342,128.604,-41.738
2024-03-12T16:10:00-05:00,2024-03-12 21:10:00+00:00,-117.144,54.106,-63.038
2024-03-12T16:15:00-05:00,2024-03-12 21:15:00+00:00,-190.572,11.079,-179.493
2024-03-12T16:20:00-05:00,2024-03-12 21:20:00+00:00,-274.032,5.538,-268.494
2024-03-12T16:25:00-05:00,2024-03-12 21:25:00+00:00,-361.255,25.702,-335.553
2024-03-12T16:30:00-05:00,2024-03-12 21:30:00+00:00,-87.084,150.264,63.18
2024-03-12T16:35:00-05:00,2024-03-12 21:35:00+00:00,-115.074,112.287,-2.788
2024-03-12T16:40:00-05:00,2024-03-12 21:40:00+00:00,-319.351,9.752,-309.599
2024-03-12T16:45:00-05:00,2024-03-12 21:45:00+00:00,-397.154,9.783,-387.371
2024-03-12T16:50:00-05:00,2024-03-12 21:50:00+00:00,-260.642,68.428,-192.214
2024-03-12T16:55:00-05:00,2024-03-12 21:55:00+00:00,-206.473,85.742,-120.731
2024-03-12T17:00:00-05:00,2024-03-12 22:00:00+00:00,-320.536,10.523,-310.014
2024-03-12T17:05:00-05:00,2024-03-12 22:05:00+00:00,-338.045,12.156,-325.888
2024-03-12T17:10:00-05:00,2024-03-12 22:10:00+00:00,-425.579,22.565,-403.014
2024-03-12T17:15:00-05:00,2024-03-12 22:15:00+00:00,-196.233,32.86,-163.373
2024-03-12T17:20:00-05:00,2024-03-12 22:20:00+00:00,-252.296,14.098,-238.199
2024-03-12T17:25:00-05:00,2024-03-12 22:25:00+00:00,-131.863,38.126,-93.737
2024-03-12T17:30:00-05:00,2024-03-12 22:30:00+00:00,-44.233,151.074,106.842
2024-03-12T17:35:00-05:00,2024-03-12 22:35:00+00:00,-55.129,131.63,76.5
2024-03-12T17:40:00-05:00,2024-03-12 22:40:00+00:00,-242.713,9.211,-233.502
2024-03-12T17:45:00-05:00,2024-03-12 22:45:00+00:00,-425.894,6.051,-419.843
2024-03-12T17:50:00-05:00,2024-03-12 22:50:00+00:00,-392.351,6.867,-385.484
2024-03-12T17:55:00-05:00,2024-03-12 22:55:00+00:00,-286.598,5.086,-281.512
2024-03-12T18:00:00-05:00,2024-03-12 23:00:00+00:00,-159.75,30.988,-128.762
2024-03-12T18:05:00-05:00,2024-03-12 23:05:00+00:00,-80.129,76.82,-3.309
2024-03-12T18:10:00-05:00,2024-03-12 23:10:00+00:00,-46.34,165.66,119.319
2024-03-12T18:15:00-05:00,2024-03-12 23:15:00+00:00,-43.694,144.708,101.014
2024-03-12T18:20:00-05:00,2024-03-12 23:20:00+00:00,-43.59,116.362,72.772
2024-03-12T18:25:00-05:00,2024-03-12 23:25:00+00:00,-12.5,432.461,419.96
2024-03-12T18:30:00-05:00,2024-03-12 23:30:00+00:00,-16.8,649.208,632.408
2024-03-12T18:35:00-05:00,2024-03-12 23:35:00+00:00,-25.962,339.538,313.577
2024-03-12T18:40:00-05:00,2024-03-12 23:40:00+00:00,-112.268,124.213,11.945
2024-03-12T18:45:00-05:00,2024-03-12 23:45:00+00:00,-98.589,224.551,125.962
2024-03-12T18:50:00-05:00,2024-03-12 23:50:00+00:00,-13.622,724.37,710.748
2024-03-12T18:55:00-05:00,2024-03-12 23:55:00+00:00,-13.73,888.567,874.838
2024-03-12T19:00:00-05:00,2024-03-13 00:00:00+00:00,-27.338,836.249,808.911
2024-03-12T19:05:00-05:00,2024-03-13 00:05:00+00:00,-68.091,527.548,459.456
2024-03-12T19:10:00-05:00,2024-03-13 00:10:00+00:00,-66.711,352.758,286.046
2024-03-12T19:15:00-05:00,2024-03-13 00:15:00+00:00,-52.995,340.486,287.492
2024-03-12T19:20:00-05:00,2024-03-13 00:20:00+00:00,-36.693,409.263,372.57
2024-03-12T19:25:00-05:00,2024-03-13 00:25:00+00:00,-20.701,657.599,636.898
2024-03-12T19:30:00-05:00,2024-03-13 00:30:00+00:00,-24.361,730.557,706.196
2024-03-12T19:35:00-05:00,2024-03-13 00:35:00+00:00,-47.738,720.928,673.19
2024-03-12T19:40:00-05:00,2024-03-13 00:40:00+00:00,-128.977,616.963,487.987
2024-03-12T19:45:00-05:00,2024-03-13 00:45:00+00:00,-161.03,492.593,331.563
2024-03-12T19:50:00-05:00,2024-03-13 00:50:00+00:00,-94.117,402.953,308.836
2024-03-12T19:55:00-05:00,2024-03-13 00:55:00+00:00,-265.496,324.144,58.648
2024-03-12T20:00:00-05:00,2024-03-13 01:00:00+00:00,-299.001,202.185,-96.816
2024-03-12T20:05:00-05:00,2024-03-13 01:05:00+00:00,-113.396,145.958,32.563
2024-03-12T20:10:00-05:00,2024-03-13 01:10:00+00:00,-47.265,95.711,48.447
2024-03-12T20:15:00-05:00,2024-03-13 01:15:00+00:00,-50.699,56.651,5.952
2024-03-12T20:20:00-05:00,2024-03-13 01:20:00+00:00,-50.737,171.227,120.49
2024-03-12T20:25:00-05:00,2024-03-13 01:25:00+00:00,-79.538,163.966,84.428
2024-03-12T20:30:00-05:00,2024-03-13 01:30:00+00:00,-70.419,167.355,96.935
2024-03-12T20:35:00-05:00,2024-03-13 01:35:00+00:00,-57.255,220.997,163.742
2024-03-12T20:40:00-05:00,2024-03-13 01:40:00+00:00,-57.242,240.506,183.264
2024-03-12T20:45:00-05:00,2024-03-13 01:45:00+00:00,-86.646,212.741,126.096
2024-03-12T20:50:00-05:00,2024-03-13 01:50:00+00:00,-70.106,205.589,135.483
2024-03-12T20:55:00-05:00,2024-03-13 01:55:00+00:00,-39.011,189.678,150.668
2024-03-12T21:00:00-05:00,2024-03-13 02:00:00+00:00,-23.54,201.107,177.566
2024-03-12T21:05:00-05:00,2024-03-13 02:05:00+00:00,-22.639,281.149,258.51
2024-03-12T21:10:00-05:00,2024-03-13 02:10:00+00:00,-61.824,219.449,157.625
2024-03-12T21:15:00-05:00,2024-03-13 02:15:00+00:00,-108.15,239.221,131.071
2024-03-12T21:20:00-05:00,2024-03-13 02:20:00+00:00,-111.593,243.303,131.71
2024-03-12T21:25:00-05:00,2024-03-13 02:25:00+00:00,-47.01,271.004,223.994
2024-03-12T21:30:00-05:00,2024-03-13 02:30:00+00:00,-33.173,215.181,182.008
2024-03-12T21:35:00-05:00,2024-03-13 02:35:00+00:00,-62.64,160.991,98.351
2024-03-12T21:40:00-05:00,2024-03-13 02:40:00+00:00,-30.204,208.327,178.124
2024-03-12T21:45:00-05:00,2024-03-13 02:45:00+00:00,-21.497,258.36,236.863
2024-03-12T21:50:00-05:00,2024-03-13 02:50:00+00:00,-43.156,193.254,150.098
2024-03-12T21:55:00-05:00,2024-03-13 02:55:00+00:00,-116.231,142.265,26.034
2024-03-12T22:00:00-05:00,2024-03-13 03:00:00+00:00,-149.762,130.239,-19.523
2024-03-12T22:05:00-05:00,2024-03-13 03:05:00+00:00,-114.705,135.858,21.153
2024-03-12T22:10:00-05:00,2024-03-13 03:10:00+00:00,-85.042,187.39,102.349
2024-03-12T22:15:00-05:00,2024-03-13 03:15:00+00:00,-85.223,144.53,59.306
2024-03-12T22:20:00-05:00,2024-03-13 03:20:00+00:00,-70.799,129.172,58.373
2024-03-12T22:25:00-05:00,2024-03-13 03:25:00+00:00,-66.611,162.925,96.315
2024-03-12T22:30:00-05:00,2024-03-13 03:30:00+00:00,-75.042,122.385,47.343
2024-03-12T22:35:00-05:00,2024-03-13 03:35:00+00:00,-113.781,79.83,-33.951
2024-03-12T22:40:00-05:00,2024-03-13 03:40:00+00:00,-102.979,96.025,-6.954
2024-03-12T22:45:00-05:00,2024-03-13 03:45:00+00:00,-115.618,141.485,25.867
2024-03-12T22:50:00-05:00,2024-03-13 03:50:00+00:00,-209.368,101.311,-108.057
2024-03-12T22:55:00-05:00,2024-03-13 03:55:00+00:00,-259.326,87.742,-171.584
2024-03-12T23:00:00-05:00,2024-03-13 04:00:00+00:00,-232.039,84.284,-147.756
2024-03-12T23:05:00-05:00,2024-03-13 04:05:00+00:00,-315.662,58.677,-256.985
2024-03-12T23:10:00-05:00,2024-03-13 04:10:00+00:00,-234.821,44.054,-190.767
2024-03-12T23:15:00-05:00,2024-03-13 04:15:00+00:00,-306.985,8.828,-298.157
2024-03-12T23:20:00-05:00,2024-03-13 04:20:00+00:00,-222.5,55.199,-167.302
2024-03-12T23:25:00-05:00,2024-03-13 04:25:00+00:00,-171.604,140.266,-31.337
2024-03-12T23:30:00-05:00,2024-03-13 04:30:00+00:00,-179.658,105.749,-73.91
2024-03-12T23:35:00-05:00,2024-03-13 04:35:00+00:00,-189.093,35.89,-153.203
2024-03-12T23:40:00-05:00,2024-03-13 04:40:00+00:00,-121.939,68.85,-53.088
2024-03-12T23:45:00-05:00,2024-03-13 04:45:00+00:00,-65.289,84.714,19.425
2024-03-12T23:50:00-05:00,2024-03-13 04:50:00+00:00,-60.028,153.616,93.588
2024-03-12T23:55:00-05:00,2024-03-13 04:55:00+00:00,-55.116,245.748,190.631
2024-03-13T00:00:00-05:00,2024-03-13 05:00:00+00:00,-50.408,207.591,157.183
2024-03-13T00:05:00-05:00,2024-03-13 05:05:00+00:00,-133.023,31.696,-101.328
2024-03-13T00:10:00-05:00,2024-03-13 05:10:00+00:00,-65.593,168.202,102.608
2024-03-13T00:15:00-05:00,2024-03-13 05:15:00+00:00,-78.906,202.124,123.218
2024-03-13T00:20:00-05:00,2024-03-13 05:20:00+00:00,-59.462,217.671,158.209
2024-03-13T00:25:00-05:00,2024-03-13 05:25:00+00:00,-105.958,121.623,15.666
2024-03-13T00:30:00-05:00,2024-03-13 05:30:00+00:00,-212.805,78.987,-133.818
2024-03-13T00:35:00-05:00,2024-03-13 05:35:00+00:00,-220.017,92.787,-127.23
2024-03-13T00:40:00-05:00,2024-03-13 05:40:00+00:00,-183.005,111.84,-71.166
2024-03-13T00:45:00-05:00,2024-03-13 05:45:00+00:00,-288.179,117.813,-170.366
2024-03-13T00:50:00-05:00,2024-03-13 05:50:00+00:00,-488.26,86.213,-402.046
2024-03-13T00:55:00-05:00,2024-03-13 05:55:00+00:00,-442.221,53.983,-388.238
2024-03-13T01:00:00-05:00,2024-03-13 06:00:00+00:00,-360.792,99.24,-261.552
2024-03-13T01:05:00-05:00,2024-03-13 06:05:00+00:00,-252.817,106.77,-146.047
2024-03-13T01:10:00-05:00,2024-03-13 06:10:00+00:00,-183.61,123.756,-59.854
2024-03-13T01:15:00-05:00,2024-03-13 06:15:00+00:00,-271.16,21.631,-249.529
2024-03-13T01:20:00-05:00,2024-03-13 06:20:00+00:00,-279.157,11.37,-267.788
2024-03-13T01:25:00-05:00,2024-03-13 06:25:00+00:00,-194.272,21.944,-172.328
2024-03-13T01:30:00-05:00,2024-03-13 06:30:00+00:00,-234.984,31.376,-203.608
2024-03-13T01:35:00-05:00,2024-03-13 06:35:00+00:00,-292.964,17.15,-275.815
2024-03-13T01:40:00-05:00,2024-03-13 06:40:00+00:00,-298.171,14.631,-283.54
2024-03-13T01:45:00-05:00,2024-03-13 06:45:00+00:00,-243.59,28.016,-215.574
2024-03-13T01:50:00-05:00,2024-03-13 06:50:00+00:00,-190.202,87.355,-102.847
2024-03-13T01:55:00-05:00,2024-03-13 06:55:00+00:00,-227.021,77.38,-149.641
2024-03-13T02:00:00-05:00,2024-03-13 07:00:00+00:00,-193.415,147.516,-45.899
2024-03-13T02:05:00-05:00,2024-03-13 07:05:00+00:00,-162.323,177.569,15.246
2024-03-13T02:10:00-05:00,2024-03-13 07:10:00+00:00,-144.384,124.694,-19.69
2024-03-13T02:15:00-05:00,2024-03-13 07:15:00+00:00,-247.89,23.459,-224.431
2024-03-13T02:20:00-05:00,2024-03-13 07:20:00+00:00,-426.541,4.752,-421.79
2024-03-13T02:25:00-05:00,2024-03-13 07:25:00+00:00,-457.04,12.758,-444.282
2024-03-13T02:30:00-05:00,2024-03-13 07:30:00+00:00,-332.861,37.074,-295.787
2024-03-13T02:35:00-05:00,2024-03-13 07:35:00+00:00,-366.39,65.464,-300.927
2024-03-13T02:40:00-05:00,2024-03-13 07:40:00+00:00,-474.695,92.306,-382.39
2024-03-13T02:45:00-05:00,2024-03-13 07:45:00+00:00,-604.382,24.101,-580.28
2024-03-13T02:50:00-05:00,2024-03-13 07:50:00+00:00,-793.675,3.333,-790.343
2024-03-13T02:55:00-05:00,2024-03-13 07:55:00+00:00,-752.985,1.687,-751.298
2024-03-13T03:00:00-05:00,2024-03-13 08:00:00+00:00,-661.052,27.273,-633.78
2024-03-13T03:05:00-05:00,2024-03-13 08:05:00+00:00,-382.352,146.262,-236.09
2024-03-13T03:10:00-05:00,2024-03-13 08:10:00+00:00,-223.456,148.563,-74.893
2024-03-13T03:15:00-05:00,2024-03-13 08:15:00+00:00,-294.022,51.405,-242.617
2024-03-13T03:20:00-05:00,2024-03-13 08:20:00+00:00,-304.245,43.689,-260.556
2024-03-13T03:25:00-05:00,2024-03-13 08:25:00+00:00,-276.803,155.062,-121.74
2024-03-13T03:30:00-05:00,2024-03-13 08:30:00+00:00,-372.471,85.319,-287.152
2024-03-13T03:35:00-05:00,2024-03-13 08:35:00+00:00,-399.838,82.133,-317.704
2024-03-13T03:40:00-05:00,2024-03-13 08:40:00+00:00,-379.939,49.089,-330.85
2024-03-13T03:45:00-05:00,2024-03-13 08:45:00+00:00,-305.356,85.593,-219.764
2024-03-13T03:50:00-05:00,2024-03-13 08:50:00+00:00,-231.69,206.756,-24.934
2024-03-13T03:55:00-05:00,2024-03-13 08:55:00+00:00,-241.242,206.624,-34.618
2024-03-13T04:00:00-05:00,2024-03-13 09:00:00+00:00,-265.929,46.922,-219.007
2024-03-13T04:05:00-05:00,2024-03-13 09:05:00+00:00,-179.137,36.311,-142.826
2024-03-13T04:10:00-05:00,2024-03-13 09:10:00+00:00,-158.727,68.486,-90.241
2024-03-13T04:15:00-05:00,2024-03-13 09:15:00+00:00,-151.827,137.103,-14.724
2024-03-13T04:20:00-05:00,2024-03-13 09:20:00+00:00,-123.07,100.646,-22.423
2024-03-13T04:25:00-05:00,2024-03-13 09:25:00+00:00,-172.342,6.211,-166.131
2024-03-13T04:30:00-05:00,2024-03-13 09:30:00+00:00,-157.262,2.682,-154.581
2024-03-13T04:35:00-05:00,2024-03-13 09:35:00+00:00,-82.918,17.766,-65.152
2024-03-13T04:40:00-05:00,2024-03-13 09:40:00+00:00,-73.862,29.844,-44.018
2024-03-13T04:45:00-05:00,2024-03-13 09:45:00+00:00,-128.839,2.812,-126.028
2024-03-13T04:50:00-05:00,2024-03-13 09:50:00+00:00,-81.676,18.35,-63.326
2024-03-13T04:55:00-05:00,2024-03-13 09:55:00+00:00,-72.505,37.314,-35.192
2024-03-13T05:00:00-05:00,2024-03-13 10:00:00+00:00,-47.843,146.009,98.166
2024-03-13T05:05:00-05:00,2024-03-13 10:05:00+00:00,-29.361,283.254,253.894
2024-03-13T05:10:00-05:00,2024-03-13 10:10:00+00:00,-25.339,123.76,98.421
2024-03-13T05:15:00-05:00,2024-03-13 10:15:00+00:00,-40.432,47.562,7.13
2024-03-13T05:20:00-05:00,2024-03-13 10:20:00+00:00,-29.404,87.028,57.624
2024-03-13T05:25:00-05:00,2024-03-13 10:25:00+00:00,-93.79,42.91,-50.881
2024-03-13T05:30:00-05:00,2024-03-13 10:30:00+00:00,-246.381,3.685,-242.696
2024-03-13T05:35:00-05:00,2024-03-13 10:35:00+00:00,-68.56,71.115,2.555
2024-03-13T05:40:00-05:00,2024-03-13 10:40:00+00:00,-27.513,187.557,160.044
2024-03-13T05:45:00-05:00,2024-03-13 10:45:00+00:00,-198.924,77.068,-121.856
2024-03-13T05:50:00-05:00,2024-03-13 10:50:00+00:00,-296.992,64.409,-232.583
2024-03-13T05:55:00-05:00,2024-03-13 10:55:00+00:00,-262.743,65.153,-197.59
2024-03-13T06:00:00-05:00,2024-03-13 11:00:00+00:00,-180.724,103.084,-77.64
2024-03-13T06:05:00-05:00,2024-03-13 11:05:00+00:00,-56.847,193.666,136.819
2024-03-13T06:10:00-05:00,2024-03-13 11:10:00+00:00,-8.342,268.386,260.043
2024-03-13T06:15:00-05:00,2024-03-13 11:15:00+00:00,-93.273,170.311,77.038
2024-03-13T06:20:00-05:00,2024-03-13 11:20:00+00:00,-243.922,114.255,-129.667
2024-03-13T06:25:00-05:00,2024-03-13 11:25:00+00:00,-179.063,130.195,-48.868
2024-03-13T06:30:00-05:00,2024-03-13 11:30:00+00:00,-68.883,205.579,136.696
2024-03-13T06:35:00-05:00,2024-03-13 11:35:00+00:00,-39.075,231.694,192.619
2024-03-13T06:40:00-05:00,2024-03-13 11:40:00+00:00,-18.689,311.247,292.558
2024-03-13T06:45:00-05:00,2024-03-13 11:45:00+00:00,-69.696,262.016,192.32
2024-03-13T06:50:00-05:00,2024-03-13 11:50:00+00:00,-118.683,244.619,125.936
2024-03-13T06:55:00-05:00,2024-03-13 11:55:00+00:00,-53.092,379.927,326.834
2024-03-13T07:00:00-05:00,2024-03-13 12:00:00+00:00,-19.856,476.748,456.891
2024-03-13T07:05:00-05:00,2024-03-13 12:05:00+00:00,-22.749,499.094,476.345
2024-03-13T07:10:00-05:00,2024-03-13 12:10:00+00:00,-19.521,561.973,542.451
2024-03-13T07:15:00-05:00,2024-03-13 12:15:00+00:00,-26.795,520.097,493.302
2024-03-13T07:20:00-05:00,2024-03-13 12:20:00+00:00,-20.482,536.386,515.904
2024-03-13T07:25:00-05:00,2024-03-13 12:25:00+00:00,-8.688,697.486,688.797
2024-03-13T07:30:00-05:00,2024-03-13 12:30:00+00:00,-19.194,733.351,714.157
2024-03-13T07:35:00-05:00,2024-03-13 12:35:00+00:00,-32.649,539.017,506.368
2024-03-13T07:40:00-05:00,2024-03-13 12:40:00+00:00,-68.798,467.951,399.153
2024-03-13T07:45:00-05:00,2024-03-13 12:45:00+00:00,-28.181,519.24,491.06
2024-03-13T07:50:00-05:00,2024-03-13 12:50:00+00:00,-12.793,515.573,502.78
2024-03-13T07:55:00-05:00,2024-03-13 12:55:00+00:00,-7.286,536.892,529.606
2024-03-13T08:00:00-05:00,2024-03-13 13:00:00+00:00,-19.161,574.427,555.265
2024-03-13T08:05:00-05:00,2024-03-13 13:05:00+00:00,-36.417,538.862,502.445
2024-03-13T08:10:00-05:00,2024-03-13 13:10:00+00:00,-42.716,625.031,582.315
2024-03-13T08:15:00-05:00,2024-03-13 13:15:00+00:00,-50.434,584.298,533.864
2024-03-13T08:20:00-05:00,2024-03-13 13:20:00+00:00,-136.481,452.344,315.862
2024-03-13T08:25:00-05:00,2024-03-13 13:25:00+00:00,-65.961,486.745,420.783
2024-03-13T08:30:00-05:00,2024-03-13 13:30:00+00:00,-48.1,519.634,471.534
2024-03-13T08:35:00-05:00,2024-03-13 13:35:00+00:00,-61.637,359.743,298.107
2024-03-13T08:40:00-05:00,2024-03-13 13:40:00+00:00,-55.681,202.915,147.235
2024-03-13T08:45:00-05:00,2024-03-13 13:45:00+00:00,-70.454,118.379,47.924
2024-03-13T08:50:00-05:00,2024-03-13 13:50:00+00:00,-66.543,115.311,48.768
2024-03-13T08:55:00-05:00,2024-03-13 13:55:00+00:00,-42.392,189.983,147.591
2024-03-13T09:00:00-05:00,2024-03-13 14:00:00+00:00,-59.113,188.386,129.274
2024-03-13T09:05:00-05:00,2024-03-13 14:05:00+00:00,-150.881,209.379,58.497
2024-03-13T09:10:00-05:00,2024-03-13 14:10:00+00:00,-261.705,198.129,-63.576
2024-03-13T09:15:00-05:00,2024-03-13 14:15:00+00:00,-352.094,79.939,-272.155
2024-03-13T09:20:00-05:00,2024-03-13 14:20:00+00:00,-322.459,29.653,-292.806
2024-03-13T09:25:00-05:00,2024-03-13 14:25:00+00:00,-361.433,30.688,-330.746
2024-03-13T09:30:00-05:00,2024-03-13 14:30:00+00:00,-576.683,12.711,-563.972
2024-03-13T09:35:00-05:00,2024-03-13 14:35:00+00:00,-398.412,51.05,-347.362
2024-03-13T09:40:00-05:00,2024-03-13 14:40:00+00:00,-285.901,166.204,-119.697
2024-03-13T09:45:00-05:00,2024-03-13 14:45:00+00:00,-270.828,174.84,-95.988
2024-03-13T09:50:00-05:00,2024-03-13 14:50:00+00:00,-221.791,102.791,-119.0
2024-03-13T09:55:00-05:00,2024-03-13 14:55:00+00:00,-255.995,18.42,-237.575
2024-03-13T10:00:00-05:00,2024-03-13 15:00:00+00:00,-385.944,13.479,-372.465
2024-03-13T10:05:00-05:00,2024-03-13 15:05:00+00:00,-325.796,42.699,-283.097
2024-03-13T10:10:00-05:00,2024-03-13 15:10:00+00:00,-244.801,119.34,-125.46
2024-03-13T10:15:00-05:00,2024-03-13 15:15:00+00:00,-127.391,139.847,12.457
2024-03-13T10:20:00-05:00,2024-03-13 15:20:00+00:00,-241.617,11.822,-229.795
2024-03-13T10:25:00-05:00,2024-03-13 15:25:00+00:00,-146.85,65.173,-81.676
2024-03-13T10:30:00-05:00,2024-03-13 15:30:00+00:00,-152.485,135.566,-16.919
2024-03-13T10:35:00-05:00,2024-03-13 15:35:00+00:00,-146.703,102.218,-44.484
2024-03-13T10:40:00-05:00,2024-03-13 15:40:00+00:00,-270.88,6.016,-264.863
2024-03-13T10:45:00-05:00,2024-03-13 15:45:00+00:00,-496.724,9.566,-487.158
2024-03-13T10:50:00-05:00,2024-03-13 15:50:00+00:00,-557.835,12.705,-545.13
2024-03-13T10:55:00-05:00,2024-03-13 15:55:00+00:00,-424.025,91.177,-332.848
2024-03-13T11:00:00-05:00,2024-03-13 16:00:00+00:00,-366.086,270.913,-95.174
2024-03-13T11:05:00-05:00,2024-03-13 16:05:00+00:00,-340.102,72.952,-267.15
2024-03-13T11:10:00-05:00,2024-03-13 16:10:00+00:00,-360.304,63.427,-296.877
2024-03-13T11:15:00-05:00,2024-03-13 16:15:00+00:00,-495.302,19.64,-475.661
2024-03-13T11:20:00-05:00,2024-03-13 16:20:00+00:00,-711.58,11.782,-699.798
2024-03-13T11:25:00-05:00,2024-03-13 16:25:00+00:00,-711.215,31.836,-679.379
2024-03-13T11:30:00-05:00,2024-03-13 16:30:00+00:00,-348.02,221.866,-126.154
2024-03-13T11:35:00-05:00,2024-03-13 16:35:00+00:00,-320.769,390.378,69.609
2024-03-13T11:40:00-05:00,2024-03-13 16:40:00+00:00,-334.585,233.369,-101.217
2024-03-13T11:45:00-05:00,2024-03-13 16:45:00+00:00,-397.744,33.263,-364.481
2024-03-13T11:50:00-05:00,2024-03-13 16:50:00+00:00,-420.174,44.205,-375.97
2024-03-13T11:55:00-05:00,2024-03-13 16:55:00+00:00,-535.835,32.901,-502.935
2024-03-13T12:00:00-05:00,2024-03-13 17:00:00+00:00,-478.528,42.509,-436.019
2024-03-13T12:05:00-05:00,2024-03-13 17:05:00+00:00,-476.242,25.199,-451.044
2024-03-13T12:10:00-05:00,2024-03-13 17:10:00+00:00,-434.874,81.54,-353.334
2024-03-13T12:15:00-05:00,2024-03-13 17:15:00+00:00,-363.483,123.268,-240.215
2024-03-13T12:20:00-05:00,2024-03-13 17:20:00+00:00,-383.915,87.168,-296.746
2024-03-13T12:25:00-05:00,2024-03-13 17:25:00+00:00,-344.815,37.319,-307.496
2024-03-13T12:30:00-05:00,2024-03-13 17:30:00+00:00,-479.613,9.723,-469.89
2024-03-13T12:35:00-05:00,2024-03-13 17:35:00+00:00,-593.806,6.834,-586.972
2024-03-13T12:40:00-05:00,2024-03-13 17:40:00+00:00,-506.86,81.444,-425.416
2024-03-13T12:45:00-05:00,2024-03-13 17:45:00+00:00,-287.68,362.862,75.182
2024-03-13T12:50:00-05:00,2024-03-13 17:50:00+00:00,-274.011,367.053,93.043
2024-03-13T12:55:00-05:00,2024-03-13 17:55:00+00:00,-460.112,109.629,-350.483
2024-03-13T13:00:00-05:00,2024-03-13 18:00:00+00:00,-589.833,74.497,-515.337
2024-03-13T13:05:00-05:00,2024-03-13 18:05:00+00:00,-319.069,170.164,-148.904
2024-03-13T13:10:00-05:00,2024-03-13 18:10:00+00:00,-153.193,154.195,1.002
2024-03-13T13:15:00-05:00,2024-03-13 18:15:00+00:00,-277.317,52.789,-224.528
2024-03-13T13:20:00-05:00,2024-03-13 18:20:00+00:00,-146.862,137.779,-9.084
2024-03-13T13:25:00-05:00,2024-03-13 18:25:00+00:00,-114.133,217.642,103.509
2024-03-13T13:30:00-05:00,2024-03-13 18:30:00+00:00,-191.531,53.195,-138.336
2024-03-13T13:35:00-05:00,2024-03-13 18:35:00+00:00,-239.773,29.429,-210.344
2024-03-13T13:40:00-05:00,2024-03-13 18:40:00+00:00,-303.7,24.082,-279.618
2024-03-13T13:45:00-05:00,2024-03-13 18:45:00+00:00,-270.985,42.821,-228.164
2024-03-13T13:50:00-05:00,2024-03-13 18:50:00+00:00,-179.019,112.48,-66.538
2024-03-13T13:55:00-05:00,2024-03-13 18:55:00+00:00,-252.256,106.709,-145.547
2024-03-13T14:00:00-05:00,2024-03-13 19:00:00+00:00,-210.032,119.375,-90.658
2024-03-13T14:05:00-05:00,2024-03-13 19:05:00+00:00,-183.53,181.615,-1.915
2024-03-13T14:10:00-05:00,2024-03-13 19:10:00+00:00,-205.887,131.631,-74.256
2024-03-13T14:15:00-05:00,2024-03-13 19:15:00+00:00,-290.746,20.524,-270.223
2024-03-13T14:20:00-05:00,2024-03-13 19:20:00+00:00,-332.669,17.655,-315.014
2024-03-13T14:25:00-05:00,2024-03-13 19:25:00+00:00,-117.921,63.031,-54.89
2024-03-13T14:30:00-05:00,2024-03-13 19:30:00+00:00,-82.621,63.023,-19.598
2024-03-13T14:35:00-05:00,2024-03-13 19:35:00+00:00,-70.529,61.869,-8.66
2024-03-13T14:40:00-05:00,2024-03-13 19:40:00+00:00,-93.938,62.164,-31.775
2024-03-13T14:45:00-05:00,2024-03-13 19:45:00+00:00,-159.502,21.898,-137.605
2024-03-13T14:50:00-05:00,2024-03-13 19:50:00+00:00,-193.389,46.444,-146.946
2024-03-13T14:55:00-05:00,2024-03-13 19:55:00+00:00,-359.42,13.29,-346.131
2024-03-13T15:00:00-05:00,2024-03-13 20:00:00+00:00,-503.964,8.42,-495.543
2024-03-13T15:05:00-05:00,2024-03-13 20:05:00+00:00,-574.398,6.703,-567.695
2024-03-13T15:10:00-05:00,2024-03-13 20:10:00+00:00,-419.815,90.229,-329.587
2024-03-13T15:15:00-05:00,2024-03-13 20:15:00+00:00,-329.253,167.518,-161.735
2024-03-13T15:20:00-05:00,2024-03-13 20:20:00+00:00,-496.101,13.018,-483.084
2024-03-13T15:25:00-05:00,2024-03-13 20:25:00+00:00,-562.83,7.095,-555.734
2024-03-13T15:30:00-05:00,2024-03-13 20:30:00+00:00,-411.813,6.291,-405.522
2024-03-13T15:35:00-05:00,2024-03-13 20:35:00+00:00,-318.613,44.469,-274.144
2024-03-13T15:40:00-05:00,2024-03-13 20:40:00+00:00,-176.018,163.264,-12.754
2024-03-13T15:45:00-05:00,2024-03-13 20:45:00+00:00,-194.033,79.206,-114.827
2024-03-13T15:50:00-05:00,2024-03-13 20:50:00+00:00,-370.945,6.934,-364.011
2024-03-13T15:55:00-05:00,2024-03-13 20:55:00+00:00,-437.744,8.509,-429.235
2024-03-13T16:00:00-05:00,2024-03-13 21:00:00+00:00,-236.184,42.829,-193.355
2024-03-13T16:05:00-05:00,2024-03-13 21:05:00+00:00,-146.478,211.948,65.469
2024-03-13T16:10:00-05:00,2024-03-13 21:10:00+00:00,-131.348,346.404,215.055
2024-03-13T16:15:00-05:00,2024-03-13 21:15:00+00:00,-244.279,65.65,-178.628
2024-03-13T16:20:00-05:00,2024-03-13 21:20:00+00:00,-469.586,11.136,-458.45
2024-03-13T16:25:00-05:00,2024-03-13 21:25:00+00:00,-433.69,8.512,-425.179
2024-03-13T16:30:00-05:00,2024-03-13 21:30:00+00:00,-251.198,85.546,-165.653
2024-03-13T16:35:00-05:00,2024-03-13 21:35:00+00:00,-104.102,313.681,209.579
2024-03-13T16:40:00-05:00,2024-03-13 21:40:00+00:00,-154.292,98.611,-55.68
2024-03-13T16:45:00-05:00,2024-03-13 21:45:00+00:00,-295.766,12.281,-283.485
2024-03-13T16:50:00-05:00,2024-03-13 21:50:00+00:00,-341.471,11.793,-329.678
2024-03-13T16:55:00-05:00,2024-03-13 21:55:00+00:00,-158.837,136.216,-22.621
2024-03-13T17:00:00-05:00,2024-03-13 22:00:00+00:00,-77.702,372.254,294.552
2024-03-13T17:05:00-05:00,2024-03-13 22:05:00+00:00,-98.084,220.512,122.428
2024-03-13T17:10:00-05:00,2024-03-13 22:10:00+00:00,-179.399,142.076,-37.323
2024-03-13T17:15:00-05:00,2024-03-13 22:15:00+00:00,-289.397,48.353,-241.045
2024-03-13T17:20:00-05:00,2024-03-13 22:20:00+00:00,-220.551,88.864,-131.687
2024-03-13T17:25:00-05:00,2024-03-13 22:25:00+00:00,-60.358,182.882,122.524
2024-03-13T17:30:00-05:00,2024-03-13 22:30:00+00:00,-53.181,201.139,147.958
2024-03-13T17:35:00-05:00,2024-03-13 22:35:00+00:00,-57.393,211.035,153.642
2024-03-13T17:40:00-05:00,2024-03-13 22:40:00+00:00,-97.393,130.936,33.543
2024-03-13T17:45:00-05:00,2024-03-13 22:45:00+00:00,-215.804,39.173,-176.631
2024-03-13T17:50:00-05:00,2024-03-13 22:50:00+00:00,-115.255,200.153,84.898
2024-03-13T17:55:00-05:00,2024-03-13 22:55:00+00:00,-69.713,520.391,450.678
2024-03-13T18:00:00-05:00,2024-03-13 23:00:00+00:00,-109.908,192.555,82.646
2024-03-13T18:05:00-05:00,2024-03-13 23:05:00+00:00,-299.111,34.957,-264.153
2024-03-13T18:10:00-05:00,2024-03-13 23:10:00+00:00,-327.627,61.674,-265.953
2024-03-13T18:15:00-05:00,2024-03-13 23:15:00+00:00,-121.556,158.395,36.839
2024-03-13T18:20:00-05:00,2024-03-13 23:20:00+00:00,-31.827,369.993,338.166
2024-03-13T18:25:00-05:00,2024-03-13 23:25:00+00:00,-41.572,246.106,204.534
2024-03-13T18:30:00-05:00,2024-03-13 23:30:00+00:00,-19.597,323.375,303.778
2024-03-13T18:35:00-05:00,2024-03-13 23:35:00+00:00,-53.416,259.29,205.874
2024-03-13T18:40:00-05:00,2024-03-13 23:40:00+00:00,-39.845,285.59,245.745
2024-03-13T18:45:00-05:00,2024-03-13 23:45:00+00:00,-19.91,402.929,383.019
2024-03-13T18:50:00-05:00,2024-03-13 23:50:00+00:00,-20.606,391.443,370.838
2024-03-13T18:55:00-05:00,2024-03-13 23:55:00+00:00,-31.688,463.054,431.366
2024-03-13T19:00:00-05:00,2024-03-14 00:00:00+00:00,-71.167,479.749,408.582
2024-03-13T19:05:00-05:00,2024-03-14 00:05:00+00:00,-83.833,527.048,443.215
2024-03-13T19:10:00-05:00,2024-03-14 00:10:00+00:00,-115.874,454.098,338.223
2024-03-13T19:15:00-05:00,2024-03-14 00:15:00+00:00,-113.97,426.404,312.434
2024-03-13T19:20:00-05:00,2024-03-14 00:20:00+00:00,-76.595,450.083,373.489
2024-03-13T19:25:00-05:00,2024-03-14 00:25:00+00:00,-79.308,764.468,685.159
2024-03-13T19:30:00-05:00,2024-03-14 00:30:00+00:00,-118.674,638.285,519.612
2024-03-13T19:35:00-05:00,2024-03-14 00:35:00+00:00,-141.734,460.308,318.573
2024-03-13T19:40:00-05:00,2024-03-14 00:40:00+00:00,-130.478,460.972,330.495
2024-03-13T19:45:00-05:00,2024-03-14 00:45:00+00:00,-92.06,629.005,536.945
2024-03-13T19:50:00-05:00,2024-03-14 00:50:00+00:00,-107.138,663.199,556.061
2024-03-13T19:55:00-05:00,2024-03-14 00:55:00+00:00,-130.918,596.078,465.161
2024-03-13T20:00:00-05:00,2024-03-14 01:00:00+00:00,-109.276,642.44,533.164
2024-03-13T20:05:00-05:00,2024-03-14 01:05:00+00:00,-84.117,750.39,666.273
2024-03-13T20:10:00-05:00,2024-03-14 01:10:00+00:00,-51.054,554.738,503.684
2024-03-13T20:15:00-05:00,2024-03-14 01:15:00+00:00,-47.359,529.543,482.184
2024-03-13T20:20:00-05:00,2024-03-14 01:20:00+00:00,-35.881,496.99,461.109
2024-03-13T20:25:00-05:00,2024-03-14 01:25:00+00:00,-36.448,597.645,561.197
2024-03-13T20:30:00-05:00,2024-03-14 01:30:00+00:00,-30.537,542.638,512.101
2024-03-13T20:35:00-05:00,2024-03-14 01:35:00+00:00,-33.223,509.796,476.573
2024-03-13T20:40:00-05:00,2024-03-14 01:40:00+00:00,-11.704,636.067,624.362
2024-03-13T20:45:00-05:00,2024-03-14 01:45:00+00:00,-25.736,536.495,510.759
2024-03-13T20:50:00-05:00,2024-03-14 01:50:00+00:00,-28.774,537.802,509.028
2024-03-13T20:55:00-05:00,2024-03-14 01:55:00+00:00,-17.984,623.866,605.882
2024-03-13T21:00:00-05:00,2024-03-14 02:00:00+00:00,-14.112,592.739,578.627
2024-03-13T21:05:00-05:00,2024-03-14 02:05:00+00:00,-53.651,553.297,499.646
2024-03-13T21:10:00-05:00,2024-03-14 02:10:00+00:00,-113.101,523.39,410.29
2024-03-13T21:15:00-05:00,2024-03-14 02:15:00+00:00,-94.815,520.663,425.849
2024-03-13T21:20:00-05:00,2024-03-14 02:20:00+00:00,-71.371,489.473,418.102
2024-03-13T21:25:00-05:00,2024-03-14 02:25:00+00:00,-53.155,420.467,367.313
2024-03-13T21:30:00-05:00,2024-03-14 02:30:00+00:00,-25.174,447.005,421.831
2024-03-13T21:35:00-05:00,2024-03-14 02:35:00+00:00,-14.02,542.756,528.735
2024-03-13T21:40:00-05:00,2024-03-14 02:40:00+00:00,-40.207,443.376,403.169
2024-03-13T21:45:00-05:00,2024-03-14 02:45:00+00:00,-17.587,465.214,447.628
2024-03-13T21:50:00-05:00,2024-03-14 02:50:00+00:00,-29.88,317.4,287.52
2024-03-13T21:55:00-05:00,2024-03-14 02:55:00+00:00,-55.831,317.93,262.099
2024-03-13T22:00:00-05:00,2024-03-14 03:00:00+00:00,-88.605,317.775,229.169
2024-03-13T22:05:00-05:00,2024-03-14 03:05:00+00:00,-145.706,348.141,202.435
2024-03-13T22:10:00-05:00,2024-03-14 03:10:00+00:00,-257.908,276.603,18.696
2024-03-13T22:15:00-05:00,2024-03-14 03:15:00+00:00,-274.475,128.192,-146.283
2024-03-13T22:20:00-05:00,2024-03-14 03:20:00+00:00,-163.988,106.472,-57.516
2024-03-13T22:25:00-05:00,2024-03-14 03:25:00+00:00,-130.56,243.827,113.268
2024-03-13T22:30:00-05:00,2024-03-14 03:30:00+00:00,-83.149,199.767,116.618
2024-03-13T22:35:00-05:00,2024-03-14 03:35:00+00:00,-92.877,211.032,118.155
2024-03-13T22:40:00-05:00,2024-03-14 03:40:00+00:00,-134.783,202.13,67.347
2024-03-13T22:45:00-05:00,2024-03-14 03:45:00+00:00,-128.9,276.517,147.617
2024-03-13T22:50:00-05:00,2024-03-14 03:50:00+00:00,-104.698,218.709,114.011
2024-03-13T22:55:00-05:00,2024-03-14 03:55:00+00:00,-65.585,233.788,168.203
2024-03-13T23:00:00-05:00,2024-03-14 04:00:00+00:00,-33.433,253.568,220.135
2024-03-13T23:05:00-05:00,2024-03-14 04:05:00+00:00,-69.577,181.212,111.636
2024-03-13T23:10:00-05:00,2024-03-14 04:10:00+00:00,-44.915,136.462,91.547
2024-03-13T23:15:00-05:00,2024-03-14 04:15:00+00:00,-38.56,209.046,170.487
2024-03-13T23:20:00-05:00,2024-03-14 04:20:00+00:00,-38.224,283.522,245.298
2024-03-13T23:25:00-05:00,2024-03-14 04:25:00+00:00,-77.162,160.504,83.342
2024-03-13T23:30:00-05:00,2024-03-14 04:30:00+00:00,-99.56,167.012,67.452
2024-03-13T23:35:00-05:00,2024-03-14 04:35:00+00:00,-69.632,153.368,83.736
2024-03-13T23:40:00-05:00,2024-03-14 04:40:00+00:00,-51.271,90.146,38.875
2024-03-13T23:45:00-05:00,2024-03-14 04:45:00+00:00,-58.247,48.474,-9.773
2024-03-13T23:50:00-05:00,2024-03-14 04:50:00+00:00,-61.982,48.473,-13.509
2024-03-13T23:55:00-05:00,2024-03-14 04:55:00+00:00,-33.86,64.4,30.54
2024-03-14T00:00:00-05:00,2024-03-14 05:00:00+00:00,-71.42,15.722,-55.698
2024-03-14T00:05:00-05:00,2024-03-14 05:05:00+00:00,-175.931,3.309,-172.622
2024-03-14T00:10:00-05:00,2024-03-14 05:10:00+00:00,-96.004,64.3,-31.704
2024-03-14T00:15:00-05:00,2024-03-14 05:15:00+00:00,-83.295,113.729,30.434
2024-03-14T00:20:00-05:00,2024-03-14 05:20:00+00:00,-87.349,96.2,8.851
2024-03-14T00:25:00-05:00,2024-03-14 05:25:00+00:00,-80.304,53.396,-26.909
2024-03-14T00:30:00-05:00,2024-03-14 05:30:00+00:00,-79.519,31.857,-47.663
2024-03-14T00:35:00-05:00,2024-03-14 05:35:00+00:00,-53.064,74.457,21.393
2024-03-14T00:40:00-05:00,2024-03-14 05:40:00+00:00,-143.428,61.816,-81.612
2024-03-14T00:45:00-05:00,2024-03-14 05:45:00+00:00,-281.516,101.305,-180.211
2024-03-14T00:50:00-05:00,2024-03-14 05:50:00+00:00,-185.757,66.233,-119.524
2024-03-14T00:55:00-05:00,2024-03-14 05:55:00+00:00,-75.68,57.815,-17.865
2024-03-14T01:00:00-05:00,2024-03-14 06:00:00+00:00,-23.017,164.083,141.067
2024-03-14T01:05:00-05:00,2024-03-14 06:05:00+00:00,-32.689,175.639,142.95
2024-03-14T01:10:00-05:00,2024-03-14 06:10:00+00:00,-89.006,120.976,31.97
2024-03-14T01:15:00-05:00,2024-03-14 06:15:00+00:00,-247.57,83.021,-164.548
2024-03-14T01:20:00-05:00,2024-03-14 06:20:00+00:00,-160.109,129.283,-30.826
2024-03-14T01:25:00-05:00,2024-03-14 06:25:00+00:00,-96.766,166.204,69.438
2024-03-14T01:30:00-05:00,2024-03-14 06:30:00+00:00,-46.104,219.362,173.258
2024-03-14T01:35:00-05:00,2024-03-14 06:35:00+00:00,-52.474,180.898,128.424
2024-03-14T01:40:00-05:00,2024-03-14 06:40:00+00:00,-156.159,65.801,-90.358
2024-03-14T01:45:00-05:00,2024-03-14 06:45:00+00:00,-194.114,43.198,-150.916
2024-03-14T01:50:00-05:00,2024-03-14 06:50:00+00:00,-118.196,91.894,-26.302
2024-03-14T01:55:00-05:00,2024-03-14 06:55:00+00:00,-102.1,116.393,14.293
2024-03-14T02:00:00-05:00,2024-03-14 07:00:00+00:00,-270.542,59.71,-210.832
2024-03-14T02:05:00-05:00,2024-03-14 07:05:00+00:00,-136.068,84.057,-52.011
2024-03-14T02:10:00-05:00,2024-03-14 07:10:00+00:00,-100.392,103.39,2.998
2024-03-14T02:15:00-05:00,2024-03-14 07:15:00+00:00,-128.439,73.638,-54.801
2024-03-14T02:20:00-05:00,2024-03-14 07:20:00+00:00,-139.028,87.48,-51.548
2024-03-14T02:25:00-05:00,2024-03-14 07:25:00+00:00,-199.154,77.641,-121.513
2024-03-14T02:30:00-05:00,2024-03-14 07:30:00+00:00,-101.624,105.444,3.819
2024-03-14T02:35:00-05:00,2024-03-14 07:35:00+00:00,-62.986,185.891,122.905
2024-03-14T02:40:00-05:00,2024-03-14 07:40:00+00:00,-64.869,148.852,83.983
2024-03-14T02:45:00-05:00,2024-03-14 07:45:00+00:00,-185.633,56.091,-129.542
2024-03-14T02:50:00-05:00,2024-03-14 07:50:00+00:00,-255.521,51.265,-204.256
2024-03-14T02:55:00-05:00,2024-03-14 07:55:00+00:00,-119.17,229.091,109.92
2024-03-14T03:00:00-05:00,2024-03-14 08:00:00+00:00,-67.065,282.01,214.945
2024-03-14T03:05:00-05:00,2024-03-14 08:05:00+00:00,-40.231,236.553,196.322
2024-03-14T03:10:00-05:00,2024-03-14 08:10:00+00:00,-125.443,142.641,17.198
2024-03-14T03:15:00-05:00,2024-03-14 08:15:00+00:00,-134.246,269.938,135.692
2024-03-14T03:20:00-05:00,2024-03-14 08:20:00+00:00,-78.158,318.738,240.579
2024-03-14T03:25:00-05:00,2024-03-14 08:25:00+00:00,-67.924,290.599,222.675
2024-03-14T03:30:00-05:00,2024-03-14 08:30:00+00:00,-157.707,211.276,53.569
2024-03-14T03:35:00-05:00,2024-03-14 08:35:00+00:00,-282.113,253.965,-28.148
2024-03-14T03:40:00-05:00,2024-03-14 08:40:00+00:00,-257.446,196.024,-61.422
2024-03-14T03:45:00-05:00,2024-03-14 08:45:00+00:00,-83.255,240.352,157.098
2024-03-14T03:50:00-05:00,2024-03-14 08:50:00+00:00,-122.505,177.131,54.626
2024-03-14T03:55:00-05:00,2024-03-14 08:55:00+00:00,-112.466,196.402,83.936
2024-03-14T04:00:00-05:00,2024-03-14 09:00:00+00:00,-154.044,143.09,-10.954
2024-03-14T04:05:00-05:00,2024-03-14 09:05:00+00:00,-191.749,101.41,-90.339
2024-03-14T04:10:00-05:00,2024-03-14 09:10:00+00:00,-220.328,83.253,-137.075
2024-03-14T04:15:00-05:00,2024-03-14 09:15:00+00:00,-177.149,104.666,-72.483
2024-03-14T04:20:00-05:00,2024-03-14 09:20:00+00:00,-146.765,43.614,-103.152
2024-03-14T04:25:00-05:00,2024-03-14 09:25:00+00:00,-174.803,27.79,-147.012
2024-03-14T04:30:00-05:00,2024-03-14 09:30:00+00:00,-191.62,23.636,-167.983
2024-03-14T04:35:00-05:00,2024-03-14 09:35:00+00:00,-276.26,3.929,-272.33
2024-03-14T04:40:00-05:00,2024-03-14 09:40:00+00:00,-302.89,93.417,-209.473
2024-03-14T04:45:00-05:00,2024-03-14 09:45:00+00:00,-188.421,135.319,-53.102
2024-03-14T04:50:00-05:00,2024-03-14 09:50:00+00:00,-141.328,161.049,19.72
2024-03-14T04:55:00-05:00,2024-03-14 09:55:00+00:00,-266.398,58.811,-207.587
2024-03-14T05:00:00-05:00,2024-03-14 10:00:00+00:00,-341.816,5.798,-336.018
2024-03-14T05:05:00-05:00,2024-03-14 10:05:00+00:00,-205.668,87.453,-118.215
2024-03-14T05:10:00-05:00,2024-03-14 10:10:00+00:00,-38.846,351.107,312.26
2024-03-14T05:15:00-05:00,2024-03-14 10:15:00+00:00,-74.755,141.597,66.842
2024-03-14T05:20:00-05:00,2024-03-14 10:20:00+00:00,-231.218,78.379,-152.839
2024-03-14T05:25:00-05:00,2024-03-14 10:25:00+00:00,-335.148,25.648,-309.5
2024-03-14T05:30:00-05:00,2024-03-14 10:30:00+00:00,-273.197,34.73,-238.468
2024-03-14T05:35:00-05:00,2024-03-14 10:35:00+00:00,-135.7,76.646,-59.054
2024-03-14T05:40:00-05:00,2024-03-14 10:40:00+00:00,-204.523,67.908,-136.615
2024-03-14T05:45:00-05:00,2024-03-14 10:45:00+00:00,-189.193,176.249,-12.944
2024-03-14T05:50:00-05:00,2024-03-14 10:50:00+00:00,-240.109,182.414,-57.695
2024-03-14T05:55:00-05:00,2024-03-14 10:55:00+00:00,-277.124,41.905,-235.219
2024-03-14T06:00:00-05:00,2024-03-14 11:00:00+00:00,-379.131,43.375,-335.756
2024-03-14T06:05:00-05:00,2024-03-14 11:05:00+00:00,-243.506,112.445,-131.061
2024-03-14T06:10:00-05:00,2024-03-14 11:10:00+00:00,-102.591,444.981,342.39
2024-03-14T06:15:00-05:00,2024-03-14 11:15:00+00:00,-87.234,373.999,286.765
2024-03-14T06:20:00-05:00,2024-03-14 11:20:00+00:00,-114.85,303.221,188.371
2024-03-14T06:25:00-05:00,2024-03-14 11:25:00+00:00,-149.036,156.2,7.164
2024-03-14T06:30:00-05:00,2024-03-14 11:30:00+00:00,-259.653,101.33,-158.324
2024-03-14T06:35:00-05:00,2024-03-14 11:35:00+00:00,-198.436,124.705,-73.731
2024-03-14T06:40:00-05:00,2024-03-14 11:40:00+00:00,-164.128,105.853,-58.275
2024-03-14T06:45:00-05:00,2024-03-14 11:45:00+00:00,-194.25,67.621,-126.629
2024-03-14T06:50:00-05:00,2024-03-14 11:50:00+00:00,-303.152,48.007,-255.145
2024-03-14T06:55:00-05:00,2024-03-14 11:55:00+00:00,-314.681,151.854,-162.827
2024-03-14T07:00:00-05:00,2024-03-14 12:00:00+00:00,-280.0,235.067,-44.932
2024-03-14T07:05:00-05:00,2024-03-14 12:05:00+00:00,-324.918,274.615,-50.303
2024-03-14T07:10:00-05:00,2024-03-14 12:10:00+00:00,-301.687,418.361,116.674
2024-03-14T07:15:00-05:00,2024-03-14 12:15:00+00:00,-238.3,270.401,32.101
2024-03-14T07:20:00-05:00,2024-03-14 12:20:00+00:00,-138.808,256.327,117.52
2024-03-14T07:25:00-05:00,2024-03-14 12:25:00+00:00,-42.398,322.611,280.212
2024-03-14T07:30:00-05:00,2024-03-14 12:30:00+00:00,-81.177,338.251,257.074
2024-03-14T07:35:00-05:00,2024-03-14 12:35:00+00:00,-142.658,206.137,63.48
2024-03-14T07:40:00-05:00,2024-03-14 12:40:00+00:00,-182.854,172.139,-10.715
2024-03-14T07:45:00-05:00,2024-03-14 12:45:00+00:00,-194.64,172.712,-21.927
2024-03-14T07:50:00-05:00,2024-03-14 12:50:00+00:00,-182.798,194.533,11.735
2024-03-14T07:55:00-05:00,2024-03-14 12:55:00+00:00,-160.056,358.016,197.961
2024-03-14T08:00:00-05:00,2024-03-14 13:00:00+00:00,-162.604,177.788,15.184
2024-03-14T08:05:00-05:00,2024-03-14 13:05:00+00:00,-223.085,43.88,-179.206
2024-03-14T08:10:00-05:00,2024-03-14 13:10:00+00:00,-246.253,57.075,-189.178
2024-03-14T08:15:00-05:00,2024-03-14 13:15:00+00:00,-186.687,48.621,-138.067
2024-03-14T08:20:00-05:00,2024-03-14 13:20:00+00:00,-215.065,29.605,-185.46
2024-03-14T08:25:00-05:00,2024-03-14 13:25:00+00:00,-285.61,21.729,-263.881
2024-03-14T08:30:00-05:00,2024-03-14 13:30:00+00:00,-385.66,19.815,-365.845
2024-03-14T08:35:00-05:00,2024-03-14 13:35:00+00:00,-331.996,23.394,-308.602
2024-03-14T08:40:00-05:00,2024-03-14 13:40:00+00:00,-249.037,42.682,-206.355
2024-03-14T08:45:00-05:00,2024-03-14 13:45:00+00:00,-382.32,42.993,-339.327
2024-03-14T08:50:00-05:00,2024-03-14 13:50:00+00:00,-481.362,17.36,-464.002
2024-03-14T08:55:00-05:00,2024-03-14 13:55:00+00:00,-556.788,16.517,-540.271
2024-03-14T09:00:00-05:00,2024-03-14 14:00:00+00:00,-383.512,44.013,-339.498
2024-03-14T09:05:00-05:00,2024-03-14 14:05:00+00:00,-327.112,38.9,-288.212
2024-03-14T09:10:00-05:00,2024-03-14 14:10:00+00:00,-339.17,28.637,-310.533
2024-03-14T09:15:00-05:00,2024-03-14 14:15:00+00:00,-361.252,19.87,-341.382
2024-03-14T09:20:00-05:00,2024-03-14 14:20:00+00:00,-423.429,7.02,-416.409
2024-03-14T09:25:00-05:00,2024-03-14 14:25:00+00:00,-430.824,12.949,-417.875
2024-03-14T09:30:00-05:00,2024-03-14 14:30:00+00:00,-379.267,35.27,-343.998
2024-03-14T09:35:00-05:00,2024-03-14 14:35:00+00:00,-358.009,54.53,-303.478
2024-03-14T09:40:00-05:00,2024-03-14 14:40:00+00:00,-343.872,133.408,-210.464
2024-03-14T09:45:00-05:00,2024-03-14 14:45:00+00:00,-351.205,209.888,-141.317
2024-03-14T09:50:00-05:00,2024-03-14 14:50:00+00:00,-357.681,146.556,-211.125
2024-03-14T09:55:00-05:00,2024-03-14 14:55:00+00:00,-451.884,49.998,-401.886
2024-03-14T10:00:00-05:00,2024-03-14 15:00:00+00:00,-457.315,71.976,-385.339
2024-03-14T10:05:00-05:00,2024-03-14 15:05:00+00:00,-376.555,124.258,-252.297
2024-03-14T10:10:00-05:00,2024-03-14 15:10:00+00:00,-424.415,127.098,-297.317
2024-03-14T10:15:00-05:00,2024-03-14 15:15:00+00:00,-513.189,95.455,-417.734
2024-03-14T10:20:00-05:00,2024-03-14 15:20:00+00:00,-523.874,77.524,-446.35
2024-03-14T10:25:00-05:00,2024-03-14 15:25:00+00:00,-351.048,219.615,-131.433
2024-03-14T10:30:00-05:00,2024-03-14 15:30:00+00:00,-362.26,251.124,-111.136
2024-03-14T10:35:00-05:00,2024-03-14 15:35:00+00:00,-506.359,84.16,-422.199
2024-03-14T10:40:00-05:00,2024-03-14 15:40:00+00:00,-703.859,91.341,-612.517
2024-03-14T10:45:00-05:00,2024-03-14 15:45:00+00:00,-602.534,170.66,-431.874
2024-03-14T10:50:00-05:00,2024-03-14 15:50:00+00:00,-439.777,267.036,-172.741
2024-03-14T10:55:00-05:00,2024-03-14 15:55:00+00:00,-442.143,190.697,-251.446
2024-03-14T11:00:00-05:00,2024-03-14 16:00:00+00:00,-527.998,18.34,-509.659
2024-03-14T11:05:00-05:00,2024-03-14 16:05:00+00:00,-613.169,6.179,-606.99
2024-03-14T11:10:00-05:00,2024-03-14 16:10:00+00:00,-350.227,72.746,-277.481
2024-03-14T11:15:00-05:00,2024-03-14 16:15:00+00:00,-297.27,88.989,-208.282
2024-03-14T11:20:00-05:00,2024-03-14 16:20:00+00:00,-500.993,10.153,-490.84
2024-03-14T11:25:00-05:00,2024-03-14 16:25:00+00:00,-489.67,22.43,-467.24
2024-03-14T11:30:00-05:00,2024-03-14 16:30:00+00:00,-384.925,143.153,-241.773
2024-03-14T11:35:00-05:00,2024-03-14 16:35:00+00:00,-376.266,226.418,-149.849
2024-03-14T11:40:00-05:00,2024-03-14 16:40:00+00:00,-344.689,230.364,-114.325
2024-03-14T11:45:00-05:00,2024-03-14 16:45:00+00:00,-358.878,113.349,-245.529
2024-03-14T11:50:00-05:00,2024-03-14 16:50:00+00:00,-385.551,32.011,-353.54
2024-03-14T11:55:00-05:00,2024-03-14 16:55:00+00:00,-363.324,36.677,-326.647
2024-03-14T12:00:00-05:00,2024-03-14 17:00:00+00:00,-344.736,75.078,-269.658
2024-03-14T12:05:00-05:00,2024-03-14 17:05:00+00:00,-266.818,227.255,-39.562
2024-03-14T12:10:00-05:00,2024-03-14 17:10:00+00:00,-211.07,147.53,-63.54
2024-03-14T12:15:00-05:00,2024-03-14 17:15:00+00:00,-167.524,208.971,41.447
2024-03-14T12:20:00-05:00,2024-03-14 17:20:00+00:00,-183.074,85.395,-97.68
2024-03-14T12:25:00-05:00,2024-03-14 17:25:00+00:00,-221.29,151.93,-69.361
2024-03-14T12:30:00-05:00,2024-03-14 17:30:00+00:00,-331.628,69.117,-262.511
2024-03-14T12:35:00-05:00,2024-03-14 17:35:00+00:00,-467.954,80.116,-387.838
2024-03-14T12:40:00-05:00,2024-03-14 17:40:00+00:00,-690.441,82.207,-608.234
2024-03-14T12:45:00-05:00,2024-03-14 17:45:00+00:00,-688.553,138.953,-549.599
2024-03-14T12:50:00-05:00,2024-03-14 17:50:00+00:00,-550.076,123.054,-427.022
2024-03-14T12:55:00-05:00,2024-03-14 17:55:00+00:00,-629.848,13.315,-616.533
2024-03-14T13:00:00-05:00,2024-03-14 18:00:00+00:00,-751.022,6.83,-744.193
2024-03-14T13:05:00-05:00,2024-03-14 18:05:00+00:00,-554.974,101.211,-453.763
2024-03-14T13:10:00-05:00,2024-03-14 18:10:00+00:00,-429.816,209.057,-220.759
2024-03-14T13:15:00-05:00,2024-03-14 18:15:00+00:00,-468.581,45.857,-422.724
2024-03-14T13:20:00-05:00,2024-03-14 18:20:00+00:00,-541.167,47.394,-493.772
2024-03-14T13:25:00-05:00,2024-03-14 18:25:00+00:00,-640.396,36.283,-604.114
2024-03-14T13:30:00-05:00,2024-03-14 18:30:00+00:00,-702.604,46.025,-656.58
2024-03-14T13:35:00-05:00,2024-03-14 18:35:00+00:00,-511.353,314.2,-197.153
2024-03-14T13:40:00-05:00,2024-03-14 18:40:00+00:00,-484.851,135.397,-349.453
2024-03-14T13:45:00-05:00,2024-03-14 18:45:00+00:00,-733.517,34.562,-698.955
2024-03-14T13:50:00-05:00,2024-03-14 18:50:00+00:00,-829.987,60.385,-769.602
2024-03-14T13:55:00-05:00,2024-03-14 18:55:00+00:00,-554.344,195.267,-359.077
2024-03-14T14:00:00-05:00,2024-03-14 19:00:00+00:00,-525.267,150.588,-374.679
2024-03-14T14:05:00-05:00,2024-03-14 19:05:00+00:00,-502.107,44.456,-457.651
2024-03-14T14:10:00-05:00,2024-03-14 19:10:00+00:00,-455.212,87.064,-368.149
2024-03-14T14:15:00-05:00,2024-03-14 19:15:00+00:00,-436.661,58.009,-378.652
2024-03-14T14:20:00-05:00,2024-03-14 19:20:00+00:00,-480.185,70.607,-409.578
2024-03-14T14:25:00-05:00,2024-03-14 19:25:00+00:00,-467.872,141.357,-326.515
2024-03-14T14:30:00-05:00,2024-03-14 19:30:00+00:00,-329.981,231.346,-98.635
2024-03-14T14:35:00-05:00,2024-03-14 19:35:00+00:00,-484.812,155.513,-329.299
2024-03-14T14:40:00-05:00,2024-03-14 19:40:00+00:00,-495.706,165.966,-329.739
2024-03-14T14:45:00-05:00,2024-03-14 19:45:00+00:00,-295.777,267.754,-28.023
2024-03-14T14:50:00-05:00,2024-03-14 19:50:00+00:00,-331.53,407.668,76.138
2024-03-14T14:55:00-05:00,2024-03-14 19:55:00+00:00,-330.332,211.702,-118.629
2024-03-14T15:00:00-05:00,2024-03-14 20:00:00+00:00,-411.088,138.089,-272.999
2024-03-14T15:05:00-05:00,2024-03-14 20:05:00+00:00,-233.404,163.767,-69.637
2024-03-14T15:10:00-05:00,2024-03-14 20:10:00+00:00,-31.828,425.257,393.429
2024-03-14T15:15:00-05:00,2024-03-14 20:15:00+00:00,-39.722,434.379,394.657
2024-03-14T15:20:00-05:00,2024-03-14 20:20:00+00:00,-65.457,275.251,209.793
2024-03-14T15:25:00-05:00,2024-03-14 20:25:00+00:00,-84.281,293.925,209.644
2024-03-14T15:30:00-05:00,2024-03-14 20:30:00+00:00,-170.61,183.654,13.045
2024-03-14T15:45:00-05:00,2024-03-14 20:45:00+00:00,-56.637,402.735,346.098
2024-03-14T15:50:00-05:00,2024-03-14 20:50:00+00:00,-108.907,401.081,292.174
2024-03-14T15:55:00-05:00,2024-03-14 20:55:00+00:00,-287.738,204.86,-82.878
2024-03-14T16:00:00-05:00,2024-03-14 21:00:00+00:00,-348.249,98.204,-250.045
2024-03-14T16:05:00-05:00,2024-03-14 21:05:00+00:00,-232.474,126.423,-106.051
2024-03-14T16:10:00-05:00,2024-03-14 21:10:00+00:00,-259.656,72.047,-187.608
2024-03-14T16:15:00-05:00,2024-03-14 21:15:00+00:00,-366.907,14.947,-351.959
2024-03-14T16:20:00-05:00,2024-03-14 21:20:00+00:00,-217.643,43.207,-174.436
2024-03-14T16:25:00-05:00,2024-03-14 21:25:00+00:00,-163.139,43.734,-119.406
2024-03-14T16:30:00-05:00,2024-03-14 21:30:00+00:00,-48.81,311.893,263.082
2024-03-14T16:35:00-05:00,2024-03-14 21:35:00+00:00,-41.453,165.074,123.621
2024-03-14T16:40:00-05:00,2024-03-14 21:40:00+00:00,-66.55,78.653,12.103
2024-03-14T16:45:00-05:00,2024-03-14 21:45:00+00:00,-233.46,46.044,-187.416
2024-03-14T16:50:00-05:00,2024-03-14 21:50:00+00:00,-492.499,30.488,-462.011
2024-03-14T16:55:00-05:00,2024-03-14 21:55:00+00:00,-258.115,25.36,-232.755
2024-03-14T17:00:00-05:00,2024-03-14 22:00:00+00:00,-85.833,81.997,-3.836
2024-03-14T17:05:00-05:00,2024-03-14 22:05:00+00:00,-107.904,419.067,311.163
2024-03-14T17:10:00-05:00,2024-03-14 22:10:00+00:00,-151.87,306.246,154.376
2024-03-14T17:15:00-05:00,2024-03-14 22:15:00+00:00,-302.863,99.916,-202.948
2024-03-14T17:20:00-05:00,2024-03-14 22:20:00+00:00,-426.25,51.435,-374.815
2024-03-14T17:25:00-05:00,2024-03-14 22:25:00+00:00,-356.571,19.569,-337.002
2024-03-14T17:30:00-05:00,2024-03-14 22:30:00+00:00,-301.143,37.498,-263.645
2024-03-14T17:35:00-05:00,2024-03-14 22:35:00+00:00,-210.639,61.875,-148.765
2024-03-14T17:40:00-05:00,2024-03-14 22:40:00+00:00,-297.769,8.205,-289.564
2024-03-14T17:45:00-05:00,2024-03-14 22:45:00+00:00,-277.916,20.096,-257.82
2024-03-14T17:50:00-05:00,2024-03-14 22:50:00+00:00,-176.55,156.888,-19.662
2024-03-14T17:55:00-05:00,2024-03-14 22:55:00+00:00,-256.638,28.94,-227.699
2024-03-14T18:00:00-05:00,2024-03-14 23:00:00+00:00,-290.954,23.355,-267.599
2024-03-14T18:05:00-05:00,2024-03-14 23:05:00+00:00,-329.601,24.602,-304.999
2024-03-14T18:10:00-05:00,2024-03-14 23:10:00+00:00,-296.641,145.725,-150.916
2024-03-14T18:15:00-05:00,2024-03-14 23:15:00+00:00,-178.502,323.104,144.602
2024-03-14T18:20:00-05:00,2024-03-14 23:20:00+00:00,-204.894,150.439,-54.455
2024-03-14T18:25:00-05:00,2024-03-14 23:25:00+00:00,-370.755,40.621,-330.135
2024-03-14T18:35:00-05:00,2024-03-14 23:35:00+00:00,-148.895,231.441,82.546
2024-03-14T18:40:00-05:00,2024-03-14 23:40:00+00:00,-216.559,109.867,-106.692
2024-03-14T18:45:00-05:00,2024-03-14 23:45:00+00:00,-358.742,99.275,-259.467
2024-03-14T18:50:00-05:00,2024-03-14 23:50:00+00:00,-331.588,88.351,-243.236
2024-03-14T18:55:00-05:00,2024-03-14 23:55:00+00:00,-207.922,96.19,-111.732
2024-03-14T19:00:00-05:00,2024-03-15 00:00:00+00:00,-174.048,124.311,-49.737
2024-03-14T19:05:00-05:00,2024-03-15 00:05:00+00:00,-183.851,230.821,46.969
2024-03-14T19:10:00-05:00,2024-03-15 00:10:00+00:00,-179.306,467.916,288.611
2024-03-14T19:15:00-05:00,2024-03-15 00:15:00+00:00,-205.728,304.922,99.194
2024-03-14T19:20:00-05:00,2024-03-15 00:20:00+00:00,-188.547,215.877,27.329
2024-03-14T19:25:00-05:00,2024-03-15 00:25:00+00:00,-68.872,458.971,390.099
2024-03-14T19:30:00-05:00,2024-03-15 00:30:00+00:00,-68.584,636.599,568.015
2024-03-14T19:35:00-05:00,2024-03-15 00:35:00+00:00,-58.471,734.015,675.544
2024-03-14T19:40:00-05:00,2024-03-15 00:40:00+00:00,-56.058,855.08,799.023
2024-03-14T19:45:00-05:00,2024-03-15 00:45:00+00:00,-62.465,884.114,821.65
2024-03-14T19:50:00-05:00,2024-03-15 00:50:00+00:00,-44.957,867.822,822.865
2024-03-14T19:55:00-05:00,2024-03-15 00:55:00+00:00,-27.374,885.209,857.835
2024-03-14T20:00:00-05:00,2024-03-15 01:00:00+00:00,-34.69,857.49,822.8
2024-03-14T20:05:00-05:00,2024-03-15 01:05:00+00:00,-106.959,626.465,519.506
2024-03-14T20:10:00-05:00,2024-03-15 01:10:00+00:00,-172.757,544.797,372.04
2024-03-14T20:15:00-05:00,2024-03-15 01:15:00+00:00,-100.309,557.028,456.718
2024-03-14T20:20:00-05:00,2024-03-15 01:20:00+00:00,-68.482,570.054,501.571
2024-03-14T20:25:00-05:00,2024-03-15 01:25:00+00:00,-128.202,524.431,396.229
2024-03-14T20:30:00-05:00,2024-03-15 01:30:00+00:00,-211.814,407.69,195.877
2024-03-14T20:35:00-05:00,2024-03-15 01:35:00+00:00,-205.641,364.17,158.529
2024-03-14T20:40:00-05:00,2024-03-15 01:40:00+00:00,-183.102,350.089,166.987
2024-03-14T20:45:00-05:00,2024-03-15 01:45:00+00:00,-155.998,318.196,162.198
2024-03-14T20:50:00-05:00,2024-03-15 01:50:00+00:00,-137.109,304.084,166.976
2024-03-14T20:55:00-05:00,2024-03-15 01:55:00+00:00,-84.621,285.93,201.309
2024-03-14T21:00:00-05:00,2024-03-15 02:00:00+00:00,-98.978,227.278,128.301
2024-03-14T21:05:00-05:00,2024-03-15 02:05:00+00:00,-75.155,301.505,226.35
2024-03-14T21:10:00-05:00,2024-03-15 02:10:00+00:00,-40.345,404.132,363.787
2024-03-14T21:15:00-05:00,2024-03-15 02:15:00+00:00,-42.225,200.411,158.185
2024-03-14T21:20:00-05:00,2024-03-15 02:20:00+00:00,-94.673,165.298,70.625
2024-03-14T21:25:00-05:00,2024-03-15 02:25:00+00:00,-59.837,146.067,86.23
2024-03-14T21:30:00-05:00,2024-03-15 02:30:00+00:00,-46.275,81.234,34.959
2024-03-14T21:35:00-05:00,2024-03-15 02:35:00+00:00,-140.688,19.357,-121.331
2024-03-14T21:40:00-05:00,2024-03-15 02:40:00+00:00,-172.499,16.376,-156.123
2024-03-14T21:45:00-05:00,2024-03-15 02:45:00+00:00,-191.02,107.522,-83.498
2024-03-14T21:50:00-05:00,2024-03-15 02:50:00+00:00,-191.243,175.622,-15.622
2024-03-14T21:55:00-05:00,2024-03-15 02:55:00+00:00,-186.146,116.015,-70.131
2024-03-14T22:00:00-05:00,2024-03-15 03:00:00+00:00,-189.158,47.412,-141.746
2024-03-14T22:05:00-05:00,2024-03-15 03:05:00+00:00,-246.324,22.913,-223.411
2024-03-14T22:10:00-05:00,2024-03-15 03:10:00+00:00,-241.721,45.661,-196.06
2024-03-14T22:15:00-05:00,2024-03-15 03:15:00+00:00,-132.195,156.271,24.077
2024-03-14T22:20:00-05:00,2024-03-15 03:20:00+00:00,-112.591,27.361,-85.23
2024-03-14T22:25:00-05:00,2024-03-15 03:25:00+00:00,-129.05,28.027,-101.023
2024-03-14T22:30:00-05:00,2024-03-15 03:30:00+00:00,-96.048,172.65,76.602
2024-03-14T22:35:00-05:00,2024-03-15 03:35:00+00:00,-126.88,39.671,-87.209
2024-03-14T22:40:00-05:00,2024-03-15 03:40:00+00:00,-213.285,7.216,-206.069
2024-03-14T22:45:00-05:00,2024-03-15 03:45:00+00:00,-226.527,5.435,-221.092
2024-03-14T22:50:00-05:00,2024-03-15 03:50:00+00:00,-160.133,13.825,-146.308
2024-03-14T22:55:00-05:00,2024-03-15 03:55:00+00:00,-150.121,12.63,-137.491
2024-03-14T23:00:00-05:00,2024-03-15 04:00:00+00:00,-157.792,17.854,-139.938
2024-03-14T23:05:00-05:00,2024-03-15 04:05:00+00:00,-155.482,11.96,-143.522
2024-03-14T23:10:00-05:00,2024-03-15 04:10:00+00:00,-123.644,24.417,-99.226
2024-03-14T23:15:00-05:00,2024-03-15 04:15:00+00:00,-46.734,52.033,5.299
2024-03-14T23:20:00-05:00,2024-03-15 04:20:00+00:00,-31.888,137.867,105.978
2024-03-14T23:25:00-05:00,2024-03-15 04:25:00+00:00,-75.484,159.889,84.406
2024-03-14T23:30:00-05:00,2024-03-15 04:30:00+00:00,-126.178,59.033,-67.146
2024-03-14T23:35:00-05:00,2024-03-15 04:35:00+00:00,-117.345,41.534,-75.811
2024-03-14T23:40:00-05:00,2024-03-15 04:40:00+00:00,-164.915,51.971,-112.944
2024-03-14T23:45:00-05:00,2024-03-15 04:45:00+00:00,-363.531,21.184,-342.347
2024-03-14T23:50:00-05:00,2024-03-15 04:50:00+00:00,-538.238,3.18,-535.059
2024-03-14T23:55:00-05:00,2024-03-15 04:55:00+00:00,-428.013,6.603,-421.41
2024-03-15T00:00:00-05:00,2024-03-15 05:00:00+00:00,-186.225,40.321,-145.904
2024-03-15T00:05:00-05:00,2024-03-15 05:05:00+00:00,-125.404,181.049,55.645
2024-03-15T00:10:00-05:00,2024-03-15 05:10:00+00:00,-62.268,515.601,453.333
2024-03-15T00:15:00-05:00,2024-03-15 05:15:00+00:00,-68.985,397.832,328.847
2024-03-15T00:20:00-05:00,2024-03-15 05:20:00+00:00,-194.93,82.094,-112.836
2024-03-15T00:25:00-05:00,2024-03-15 05:25:00+00:00,-290.81,46.392,-244.418
2024-03-15T00:30:00-05:00,2024-03-15 05:30:00+00:00,-179.845,75.237,-104.609
2024-03-15T00:35:00-05:00,2024-03-15 05:35:00+00:00,-148.023,73.417,-74.607
2024-03-15T00:40:00-05:00,2024-03-15 05:40:00+00:00,-240.1,48.352,-191.748
2024-03-15T00:45:00-05:00,2024-03-15 05:45:00+00:00,-267.279,40.224,-227.055
2024-03-15T00:50:00-05:00,2024-03-15 05:50:00+00:00,-371.517,20.128,-351.389
2024-03-15T00:55:00-05:00,2024-03-15 05:55:00+00:00,-345.765,33.315,-312.45
2024-03-15T01:00:00-05:00,2024-03-15 06:00:00+00:00,-279.297,107.076,-172.221
2024-03-15T01:05:00-05:00,2024-03-15 06:05:00+00:00,-245.486,160.886,-84.6
2024-03-15T01:10:00-05:00,2024-03-15 06:10:00+00:00,-275.41,86.757,-188.653
2024-03-15T01:15:00-05:00,2024-03-15 06:15:00+00:00,-328.941,39.065,-289.877
2024-03-15T01:20:00-05:00,2024-03-15 06:20:00+00:00,-303.814,34.325,-269.489
2024-03-15T01:25:00-05:00,2024-03-15 06:25:00+00:00,-228.227,74.058,-154.169
2024-03-15T01:30:00-05:00,2024-03-15 06:30:00+00:00,-278.04,30.536,-247.504
2024-03-15T01:35:00-05:00,2024-03-15 06:35:00+00:00,-198.371,115.095,-83.277
2024-03-15T01:40:00-05:00,2024-03-15 06:40:00+00:00,-124.59,217.876,93.286
2024-03-15T01:45:00-05:00,2024-03-15 06:45:00+00:00,-129.372,103.062,-26.31
2024-03-15T01:50:00-05:00,2024-03-15 06:50:00+00:00,-193.247,21.046,-172.201
2024-03-15T01:55:00-05:00,2024-03-15 06:55:00+00:00,-148.982,28.327,-120.655
2024-03-15T02:00:00-05:00,2024-03-15 07:00:00+00:00,-106.088,62.146,-43.942
2024-03-15T02:05:00-05:00,2024-03-15 07:05:00+00:00,-122.087,48.693,-73.394
2024-03-15T02:10:00-05:00,2024-03-15 07:10:00+00:00,-93.647,71.177,-22.47
2024-03-15T02:15:00-05:00,2024-03-15 07:15:00+00:00,-63.475,118.419,54.944
2024-03-15T02:20:00-05:00,2024-03-15 07:20:00+00:00,-69.259,112.018,42.759
2024-03-15T02:25:00-05:00,2024-03-15 07:25:00+00:00,-109.166,87.969,-21.197
2024-03-15T02:30:00-05:00,2024-03-15 07:30:00+00:00,-120.61,33.726,-86.884
2024-03-15T02:35:00-05:00,2024-03-15 07:35:00+00:00,-171.292,18.973,-152.319
2024-03-15T02:40:00-05:00,2024-03-15 07:40:00+00:00,-241.432,19.73,-221.703
2024-03-15T02:45:00-05:00,2024-03-15 07:45:00+00:00,-105.734,77.689,-28.046
2024-03-15T02:50:00-05:00,2024-03-15 07:50:00+00:00,-79.711,188.115,108.404
2024-03-15T02:55:00-05:00,2024-03-15 07:55:00+00:00,-87.709,167.096,79.387
2024-03-15T03:00:00-05:00,2024-03-15 08:00:00+00:00,-164.301,41.164,-123.137
2024-03-15T03:05:00-05:00,2024-03-15 08:05:00+00:00,-181.112,40.771,-140.341
2024-03-15T03:10:00-05:00,2024-03-15 08:10:00+00:00,-120.664,125.514,4.85
2024-03-15T03:15:00-05:00,2024-03-15 08:15:00+00:00,-138.222,96.697,-41.524
2024-03-15T03:20:00-05:00,2024-03-15 08:20:00+00:00,-219.351,28.808,-190.543
2024-03-15T03:25:00-05:00,2024-03-15 08:25:00+00:00,-178.413,59.728,-118.685
2024-03-15T03:30:00-05:00,2024-03-15 08:30:00+00:00,-154.887,113.055,-41.832
2024-03-15T03:35:00-05:00,2024-03-15 08:35:00+00:00,-167.801,96.841,-70.96
2024-03-15T03:40:00-05:00,2024-03-15 08:40:00+00:00,-206.526,13.586,-192.94
2024-03-15T03:45:00-05:00,2024-03-15 08:45:00+00:00,-271.748,2.989,-268.759
2024-03-15T03:50:00-05:00,2024-03-15 08:50:00+00:00,-322.956,7.89,-315.066
2024-03-15T03:55:00-05:00,2024-03-15 08:55:00+00:00,-185.005,56.681,-128.323
2024-03-15T04:00:00-05:00,2024-03-15 09:00:00+00:00,-183.629,83.802,-99.827
2024-03-15T04:05:00-05:00,2024-03-15 09:05:00+00:00,-181.066,55.996,-125.07
2024-03-15T04:10:00-05:00,2024-03-15 09:10:00+00:00,-183.7,65.73,-117.969
2024-03-15T04:15:00-05:00,2024-03-15 09:15:00+00:00,-157.716,99.524,-58.192
2024-03-15T04:20:00-05:00,2024-03-15 09:20:00+00:00,-183.794,62.002,-121.792
2024-03-15T04:25:00-05:00,2024-03-15 09:25:00+00:00,-135.079,39.57,-95.509
2024-03-15T04:30:00-05:00,2024-03-15 09:30:00+00:00,-106.758,42.508,-64.249
2024-03-15T04:35:00-05:00,2024-03-15 09:35:00+00:00,-127.533,24.51,-103.023
2024-03-15T04:40:00-05:00,2024-03-15 09:40:00+00:00,-111.937,44.64,-67.297
2024-03-15T04:45:00-05:00,2024-03-15 09:45:00+00:00,-92.308,78.92,-13.388
2024-03-15T04:50:00-05:00,2024-03-15 09:50:00+00:00,-151.84,17.111,-134.729
2024-03-15T04:55:00-05:00,2024-03-15 09:55:00+00:00,-142.922,51.093,-91.828
2024-03-15T05:00:00-05:00,2024-03-15 10:00:00+00:00,-85.273,134.481,49.208
2024-03-15T05:05:00-05:00,2024-03-15 10:05:00+00:00,-59.228,167.418,108.191
2024-03-15T05:10:00-05:00,2024-03-15 10:10:00+00:00,-81.474,65.594,-15.879
2024-03-15T05:15:00-05:00,2024-03-15 10:15:00+00:00,-151.2,25.738,-125.462
2024-03-15T05:20:00-05:00,2024-03-15 10:20:00+00:00,-112.355,32.531,-79.824
2024-03-15T05:25:00-05:00,2024-03-15 10:25:00+00:00,-100.315,58.938,-41.377
2024-03-15T05:30:00-05:00,2024-03-15 10:30:00+00:00,-61.577,94.636,33.059
2024-03-15T05:35:00-05:00,2024-03-15 10:35:00+00:00,-138.035,25.115,-112.92
2024-03-15T05:40:00-05:00,2024-03-15 10:40:00+00:00,-184.649,8.991,-175.658
2024-03-15T05:45:00-05:00,2024-03-15 10:45:00+00:00,-151.703,20.148,-131.555
2024-03-15T05:50:00-05:00,2024-03-15 10:50:00+00:00,-125.462,41.909,-83.553
2024-03-15T05:55:00-05:00,2024-03-15 10:55:00+00:00,-115.042,50.778,-64.264
2024-03-15T06:00:00-05:00,2024-03-15 11:00:00+00:00,-78.109,60.78,-17.329
2024-03-15T06:05:00-05:00,2024-03-15 11:05:00+00:00,-30.13,229.621,199.491
2024-03-15T06:10:00-05:00,2024-03-15 11:10:00+00:00,-62.439,161.655,99.216
2024-03-15T06:15:00-05:00,2024-03-15 11:15:00+00:00,-177.38,36.503,-140.878
2024-03-15T06:20:00-05:00,2024-03-15 11:20:00+00:00,-165.271,16.977,-148.294
2024-03-15T06:25:00-05:00,2024-03-15 11:25:00+00:00,-114.058,25.651,-88.407
2024-03-15T06:30:00-05:00,2024-03-15 11:30:00+00:00,-48.003,91.158,43.155
2024-03-15T06:35:00-05:00,2024-03-15 11:35:00+00:00,-34.563,162.67,128.107
2024-03-15T06:40:00-05:00,2024-03-15 11:40:00+00:00,-87.374,48.302,-39.071
2024-03-15T06:45:00-05:00,2024-03-15 11:45:00+00:00,-144.302,34.537,-109.765
2024-03-15T06:50:00-05:00,2024-03-15 11:50:00+00:00,-130.752,96.705,-34.048
2024-03-15T06:55:00-05:00,2024-03-15 11:55:00+00:00,-119.337,132.769,13.432
2024-03-15T07:00:00-05:00,2024-03-15 12:00:00+00:00,-85.137,166.193,81.056
2024-03-15T07:05:00-05:00,2024-03-15 12:05:00+00:00,-69.72,348.466,278.746
2024-03-15T07:10:00-05:00,2024-03-15 12:10:00+00:00,-100.584,207.04,106.456
2024-03-15T07:15:00-05:00,2024-03-15 12:15:00+00:00,-193.208,80.352,-112.857
2024-03-15T07:20:00-05:00,2024-03-15 12:20:00+00:00,-94.481,150.883,56.402
2024-03-15T07:25:00-05:00,2024-03-15 12:25:00+00:00,-37.756,251.173,213.417
2024-03-15T07:30:00-05:00,2024-03-15 12:30:00+00:00,-42.324,337.634,295.309
2024-03-15T07:35:00-05:00,2024-03-15 12:35:00+00:00,-31.975,419.966,387.991
2024-03-15T07:40:00-05:00,2024-03-15 12:40:00+00:00,-20.45,468.448,447.998
2024-03-15T07:45:00-05:00,2024-03-15 12:45:00+00:00,-58.014,314.11,256.096
2024-03-15T07:50:00-05:00,2024-03-15 12:50:00+00:00,-127.697,150.699,23.002
2024-03-15T07:55:00-05:00,2024-03-15 12:55:00+00:00,-177.45,125.904,-51.546
2024-03-15T08:00:00-05:00,2024-03-15 13:00:00+00:00,-215.798,63.737,-152.061
2024-03-15T08:05:00-05:00,2024-03-15 13:05:00+00:00,-179.31,46.629,-132.681
2024-03-15T08:10:00-05:00,2024-03-15 13:10:00+00:00,-50.253,119.101,68.849
2024-03-15T08:15:00-05:00,2024-03-15 13:15:00+00:00,-77.099,229.095,151.996
2024-03-15T08:20:00-05:00,2024-03-15 13:20:00+00:00,-176.033,196.327,20.294
2024-03-15T08:25:00-05:00,2024-03-15 13:25:00+00:00,-130.227,225.017,94.79
2024-03-15T08:30:00-05:00,2024-03-15 13:30:00+00:00,-37.723,291.358,253.634
2024-03-15T08:35:00-05:00,2024-03-15 13:35:00+00:00,-35.263,315.748,280.485
2024-03-15T08:40:00-05:00,2024-03-15 13:40:00+00:00,-59.181,205.496,146.315
2024-03-15T08:45:00-05:00,2024-03-15 13:45:00+00:00,-151.851,118.853,-32.999
2024-03-15T08:50:00-05:00,2024-03-15 13:50:00+00:00,-116.026,138.432,22.406
2024-03-15T08:55:00-05:00,2024-03-15 13:55:00+00:00,-119.46,138.047,18.586
2024-03-15T09:00:00-05:00,2024-03-15 14:00:00+00:00,-51.768,136.882,85.114
2024-03-15T09:05:00-05:00,2024-03-15 14:05:00+00:00,-82.178,177.959,95.781
2024-03-15T09:10:00-05:00,2024-03-15 14:10:00+00:00,-141.033,212.324,71.291
2024-03-15T09:15:00-05:00,2024-03-15 14:15:00+00:00,-128.302,281.434,153.132
2024-03-15T09:20:00-05:00,2024-03-15 14:20:00+00:00,-224.728,116.647,-108.08
2024-03-15T09:25:00-05:00,2024-03-15 14:25:00+00:00,-472.977,78.405,-394.572
2024-03-15T09:30:00-05:00,2024-03-15 14:30:00+00:00,-477.577,62.927,-414.65
2024-03-15T09:35:00-05:00,2024-03-15 14:35:00+00:00,-324.506,98.026,-226.481
2024-03-15T09:40:00-05:00,2024-03-15 14:40:00+00:00,-114.516,178.005,63.489
2024-03-15T09:45:00-05:00,2024-03-15 14:45:00+00:00,-119.791,152.676,32.885
2024-03-15T09:50:00-05:00,2024-03-15 14:50:00+00:00,-138.021,105.555,-32.465
2024-03-15T09:55:00-05:00,2024-03-15 14:55:00+00:00,-300.962,44.08,-256.881
2024-03-15T10:00:00-05:00,2024-03-15 15:00:00+00:00,-340.097,40.964,-299.133
2024-03-15T10:05:00-05:00,2024-03-15 15:05:00+00:00,-167.395,126.59,-40.805
2024-03-15T10:10:00-05:00,2024-03-15 15:10:00+00:00,-75.472,297.68,222.208
2024-03-15T10:15:00-05:00,2024-03-15 15:15:00+00:00,-50.809,531.236,480.427
2024-03-15T10:20:00-05:00,2024-03-15 15:20:00+00:00,-65.323,419.86,354.537
2024-03-15T10:25:00-05:00,2024-03-15 15:25:00+00:00,-114.55,143.816,29.267
2024-03-15T10:30:00-05:00,2024-03-15 15:30:00+00:00,-198.837,39.289,-159.548
2024-03-15T10:35:00-05:00,2024-03-15 15:35:00+00:00,-294.307,29.256,-265.051
2024-03-15T10:40:00-05:00,2024-03-15 15:40:00+00:00,-394.133,26.301,-367.832
2024-03-15T10:45:00-05:00,2024-03-15 15:45:00+00:00,-320.623,49.635,-270.988
2024-03-15T10:50:00-05:00,2024-03-15 15:50:00+00:00,-163.468,209.314,45.847
2024-03-15T10:55:00-05:00,2024-03-15 15:55:00+00:00,-204.494,123.943,-80.55
2024-03-15T11:00:00-05:00,2024-03-15 16:00:00+00:00,-326.313,14.409,-311.904
2024-03-15T11:05:00-05:00,2024-03-15 16:05:00+00:00,-386.577,10.445,-376.132
2024-03-15T11:10:00-05:00,2024-03-15 16:10:00+00:00,-398.11,10.098,-388.011
2024-03-15T11:15:00-05:00,2024-03-15 16:15:00+00:00,-202.86,94.719,-108.141
2024-03-15T11:20:00-05:00,2024-03-15 16:20:00+00:00,-239.866,332.948,93.081
2024-03-15T11:25:00-05:00,2024-03-15 16:25:00+00:00,-277.704,163.907,-113.797
2024-03-15T11:30:00-05:00,2024-03-15 16:30:00+00:00,-325.547,29.884,-295.663
2024-03-15T11:35:00-05:00,2024-03-15 16:35:00+00:00,-416.789,10.788,-406.001
2024-03-15T11:40:00-05:00,2024-03-15 16:40:00+00:00,-284.243,50.244,-233.999
2024-03-15T11:45:00-05:00,2024-03-15 16:45:00+00:00,-216.892,314.923,98.031
2024-03-15T11:50:00-05:00,2024-03-15 16:50:00+00:00,-220.257,366.224,145.967
2024-03-15T11:55:00-05:00,2024-03-15 16:55:00+00:00,-267.645,109.665,-157.98
2024-03-15T12:00:00-05:00,2024-03-15 17:00:00+00:00,-469.286,6.966,-462.32
2024-03-15T12:05:00-05:00,2024-03-15 17:05:00+00:00,-648.932,45.577,-603.355
2024-03-15T12:10:00-05:00,2024-03-15 17:10:00+00:00,-605.677,97.06,-508.617
2024-03-15T12:15:00-05:00,2024-03-15 17:15:00+00:00,-342.172,208.629,-133.543
2024-03-15T12:20:00-05:00,2024-03-15 17:20:00+00:00,-294.881,240.229,-54.653
2024-03-15T12:25:00-05:00,2024-03-15 17:25:00+00:00,-262.757,355.03,92.273
2024-03-15T12:30:00-05:00,2024-03-15 17:30:00+00:00,-251.093,315.34,64.248
2024-03-15T12:35:00-05:00,2024-03-15 17:35:00+00:00,-282.954,122.681,-160.273
2024-03-15T12:40:00-05:00,2024-03-15 17:40:00+00:00,-458.517,40.768,-417.75
2024-03-15T12:45:00-05:00,2024-03-15 17:45:00+00:00,-575.112,27.62,-547.492
2024-03-15T12:50:00-05:00,2024-03-15 17:50:00+00:00,-215.031,130.747,-84.284
2024-03-15T12:55:00-05:00,2024-03-15 17:55:00+00:00,-98.922,388.785,289.864
2024-03-15T13:00:00-05:00,2024-03-15 18:00:00+00:00,-180.51,131.221,-49.289
2024-03-15T13:05:00-05:00,2024-03-15 18:05:00+00:00,-306.872,9.386,-297.486
2024-03-15T13:10:00-05:00,2024-03-15 18:10:00+00:00,-476.445,7.609,-468.836
2024-03-15T13:15:00-05:00,2024-03-15 18:15:00+00:00,-302.014,94.562,-207.452
2024-03-15T13:20:00-05:00,2024-03-15 18:20:00+00:00,-273.692,215.845,-57.847
2024-03-15T13:25:00-05:00,2024-03-15 18:25:00+00:00,-316.351,43.276,-273.075
2024-03-15T13:30:00-05:00,2024-03-15 18:30:00+00:00,-311.591,27.024,-284.568
2024-03-15T13:35:00-05:00,2024-03-15 18:35:00+00:00,-416.851,8.349,-408.502
2024-03-15T13:40:00-05:00,2024-03-15 18:40:00+00:00,-560.123,7.182,-552.941
2024-03-15T13:45:00-05:00,2024-03-15 18:45:00+00:00,-342.24,77.701,-264.539
2024-03-15T13:50:00-05:00,2024-03-15 18:50:00+00:00,-271.605,325.378,53.773
2024-03-15T13:55:00-05:00,2024-03-15 18:55:00+00:00,-345.965,90.479,-255.486
2024-03-15T14:00:00-05:00,2024-03-15 19:00:00+00:00,-610.826,14.291,-596.534
2024-03-15T14:05:00-05:00,2024-03-15 19:05:00+00:00,-660.229,14.844,-645.385
2024-03-15T14:10:00-05:00,2024-03-15 19:10:00+00:00,-421.286,46.734,-374.552
2024-03-15T14:15:00-05:00,2024-03-15 19:15:00+00:00,-266.549,228.371,-38.178
2024-03-15T14:20:00-05:00,2024-03-15 19:20:00+00:00,-334.226,75.063,-259.164
2024-03-15T14:25:00-05:00,2024-03-15 19:25:00+00:00,-434.301,15.027,-419.274
2024-03-15T14:30:00-05:00,2024-03-15 19:30:00+00:00,-492.752,19.813,-472.939
2024-03-15T14:35:00-05:00,2024-03-15 19:35:00+00:00,-408.408,8.588,-399.819
2024-03-15T14:40:00-05:00,2024-03-15 19:40:00+00:00,-257.408,27.879,-229.529
2024-03-15T14:45:00-05:00,2024-03-15 19:45:00+00:00,-165.542,111.408,-54.134
2024-03-15T14:50:00-05:00,2024-03-15 19:50:00+00:00,-148.588,256.627,108.04
2024-03-15T14:55:00-05:00,2024-03-15 19:55:00+00:00,-155.184,193.544,38.361
2024-03-15T15:00:00-05:00,2024-03-15 20:00:00+00:00,-213.577,54.971,-158.605
2024-03-15T15:05:00-05:00,2024-03-15 20:05:00+00:00,-209.667,47.507,-162.16
2024-03-15T15:10:00-05:00,2024-03-15 20:10:00+00:00,-75.053,119.471,44.418
2024-03-15T15:15:00-05:00,2024-03-15 20:15:00+00:00,-160.343,80.464,-79.879
2024-03-15T15:20:00-05:00,2024-03-15 20:20:00+00:00,-346.911,21.451,-325.46
2024-03-15T15:25:00-05:00,2024-03-15 20:25:00+00:00,-404.654,29.801,-374.852
2024-03-15T15:30:00-05:00,2024-03-15 20:30:00+00:00,-156.547,90.957,-65.59
2024-03-15T15:35:00-05:00,2024-03-15 20:35:00+00:00,-97.982,78.038,-19.943
2024-03-15T15:40:00-05:00,2024-03-15 20:40:00+00:00,-90.905,97.42,6.515
2024-03-15T15:45:00-05:00,2024-03-15 20:45:00+00:00,-130.227,150.422,20.195
2024-03-15T15:50:00-05:00,2024-03-15 20:50:00+00:00,-285.894,40.858,-245.035
2024-03-15T15:55:00-05:00,2024-03-15 20:55:00+00:00,-323.338,35.346,-287.992
2024-03-15T16:00:00-05:00,2024-03-15 21:00:00+00:00,-273.59,28.375,-245.216
2024-03-15T16:05:00-05:00,2024-03-15 21:05:00+00:00,-177.963,55.655,-122.308
2024-03-15T16:10:00-05:00,2024-03-15 21:10:00+00:00,-69.785,163.643,93.858
2024-03-15T16:15:00-05:00,2024-03-15 21:15:00+00:00,-66.598,122.137,55.54
2024-03-15T16:20:00-05:00,2024-03-15 21:20:00+00:00,-68.513,58.057,-10.456
2024-03-15T16:25:00-05:00,2024-03-15 21:25:00+00:00,-214.918,11.799,-203.119
2024-03-15T16:30:00-05:00,2024-03-15 21:30:00+00:00,-252.001,11.381,-240.62
2024-03-15T16:35:00-05:00,2024-03-15 21:35:00+00:00,-74.572,32.737,-41.836
2024-03-15T16:40:00-05:00,2024-03-15 21:40:00+00:00,-106.856,15.101,-91.754
2024-03-15T16:45:00-05:00,2024-03-15 21:45:00+00:00,-136.291,5.454,-130.837
2024-03-15T16:50:00-05:00,2024-03-15 21:50:00+00:00,-122.726,4.494,-118.232
2024-03-15T16:55:00-05:00,2024-03-15 21:55:00+00:00,-103.434,6.123,-97.312
2024-03-15T17:00:00-05:00,2024-03-15 22:00:00+00:00,-93.956,10.583,-83.373
2024-03-15T17:05:00-05:00,2024-03-15 22:05:00+00:00,-158.891,146.103,-12.788
2024-03-15T17:10:00-05:00,2024-03-15 22:10:00+00:00,-170.913,49.089,-121.823
2024-03-15T17:15:00-05:00,2024-03-15 22:15:00+00:00,-281.87,19.691,-262.179
2024-03-15T17:20:00-05:00,2024-03-15 22:20:00+00:00,-234.655,21.1,-213.555
2024-03-15T17:25:00-05:00,2024-03-15 22:25:00+00:00,-118.296,61.636,-56.66
2024-03-15T17:30:00-05:00,2024-03-15 22:30:00+00:00,-15.166,162.245,147.079
2024-03-15T17:35:00-05:00,2024-03-15 22:35:00+00:00,-76.789,46.282,-30.506
2024-03-15T17:40:00-05:00,2024-03-15 22:40:00+00:00,-183.4,17.102,-166.298
2024-03-15T17:45:00-05:00,2024-03-15 22:45:00+00:00,-236.032,6.765,-229.267
2024-03-15T17:50:00-05:00,2024-03-15 22:50:00+00:00,-144.074,47.16,-96.914
2024-03-15T17:55:00-05:00,2024-03-15 22:55:00+00:00,-31.912,110.176,78.264
2024-03-15T18:00:00-05:00,2024-03-15 23:00:00+00:00,-57.754,53.346,-4.408
2024-03-15T18:05:00-05:00,2024-03-15 23:05:00+00:00,-128.58,12.704,-115.877
2024-03-15T18:10:00-05:00,2024-03-15 23:10:00+00:00,-187.162,2.381,-184.781
2024-03-15T18:15:00-05:00,2024-03-15 23:15:00+00:00,-170.983,2.124,-168.859
2024-03-15T18:20:00-05:00,2024-03-15 23:20:00+00:00,-155.942,4.183,-151.759
2024-03-15T18:25:00-05:00,2024-03-15 23:25:00+00:00,-135.583,12.09,-123.493
2024-03-15T18:30:00-05:00,2024-03-15 23:30:00+00:00,-25.076,107.008,81.932
2024-03-15T18:35:00-05:00,2024-03-15 23:35:00+00:00,-9.495,237.181,227.686
2024-03-15T18:40:00-05:00,2024-03-15 23:40:00+00:00,-11.855,376.32,364.465
2024-03-15T18:45:00-05:00,2024-03-15 23:45:00+00:00,-21.432,207.884,186.452
2024-03-15T18:50:00-05:00,2024-03-15 23:50:00+00:00,-142.548,39.709,-102.84
2024-03-15T18:55:00-05:00,2024-03-15 23:55:00+00:00,-324.423,2.257,-322.166
2024-03-15T19:00:00-05:00,2024-03-16 00:00:00+00:00,-290.584,5.055,-285.528
2024-03-15T19:05:00-05:00,2024-03-16 00:05:00+00:00,-148.91,75.557,-73.353
2024-03-15T19:10:00-05:00,2024-03-16 00:10:00+00:00,-101.859,180.881,79.022
2024-03-15T19:15:00-05:00,2024-03-16 00:15:00+00:00,-70.387,230.929,160.542
2024-03-15T19:20:00-05:00,2024-03-16 00:20:00+00:00,-48.763,163.188,114.425
2024-03-15T19:25:00-05:00,2024-03-16 00:25:00+00:00,-28.638,157.212,128.574
2024-03-15T19:30:00-05:00,2024-03-16 00:30:00+00:00,-19.139,306.34,287.201
2024-03-15T19:35:00-05:00,2024-03-16 00:35:00+00:00,-23.45,397.119,373.669
2024-03-15T19:40:00-05:00,2024-03-16 00:40:00+00:00,-28.802,301.155,272.353
2024-03-15T19:45:00-05:00,2024-03-16 00:45:00+00:00,-10.342,352.897,342.555
2024-03-15T19:50:00-05:00,2024-03-16 00:50:00+00:00,-16.036,434.888,418.851
2024-03-15T19:55:00-05:00,2024-03-16 00:55:00+00:00,-86.543,339.805,253.262
2024-03-15T20:00:00-05:00,2024-03-16 01:00:00+00:00,-199.474,313.82,114.346
2024-03-15T20:05:00-05:00,2024-03-16 01:05:00+00:00,-248.039,302.466,54.427
2024-03-15T20:10:00-05:00,2024-03-16 01:10:00+00:00,-146.43,299.526,153.096
2024-03-15T20:15:00-05:00,2024-03-16 01:15:00+00:00,-103.607,336.543,232.936
2024-03-15T20:20:00-05:00,2024-03-16 01:20:00+00:00,-71.516,362.807,291.291
2024-03-15T20:25:00-05:00,2024-03-16 01:25:00+00:00,-35.976,393.117,357.141
2024-03-15T20:30:00-05:00,2024-03-16 01:30:00+00:00,-13.908,613.315,599.407
2024-03-15T20:35:00-05:00,2024-03-16 01:35:00+00:00,-8.947,790.073,781.126
2024-03-15T20:40:00-05:00,2024-03-16 01:40:00+00:00,-16.066,730.652,714.586
2024-03-15T20:45:00-05:00,2024-03-16 01:45:00+00:00,-29.552,492.82,463.268
2024-03-15T20:50:00-05:00,2024-03-16 01:50:00+00:00,-56.194,381.852,325.657
2024-03-15T20:55:00-05:00,2024-03-16 01:55:00+00:00,-76.368,355.83,279.462
2024-03-15T21:00:00-05:00,2024-03-16 02:00:00+00:00,-75.181,291.475,216.294
2024-03-15T21:05:00-05:00,2024-03-16 02:05:00+00:00,-90.082,294.148,204.066
2024-03-15T21:10:00-05:00,2024-03-16 02:10:00+00:00,-219.32,275.719,56.399
2024-03-15T21:15:00-05:00,2024-03-16 02:15:00+00:00,-196.074,217.844,21.769
2024-03-15T21:20:00-05:00,2024-03-16 02:20:00+00:00,-225.917,226.985,1.069
2024-03-15T21:25:00-05:00,2024-03-16 02:25:00+00:00,-221.768,265.203,43.435
2024-03-15T21:30:00-05:00,2024-03-16 02:30:00+00:00,-53.972,281.534,227.562
2024-03-15T21:35:00-05:00,2024-03-16 02:35:00+00:00,-65.117,387.247,322.129
2024-03-15T21:40:00-05:00,2024-03-16 02:40:00+00:00,-138.271,351.851,213.58
2024-03-15T21:45:00-05:00,2024-03-16 02:45:00+00:00,-48.375,286.452,238.076
2024-03-15T21:50:00-05:00,2024-03-16 02:50:00+00:00,-23.334,418.467,395.133
2024-03-15T21:55:00-05:00,2024-03-16 02:55:00+00:00,-65.323,320.299,254.976
2024-03-15T22:00:00-05:00,2024-03-16 03:00:00+00:00,-33.202,329.428,296.227
2024-03-15T22:05:00-05:00,2024-03-16 03:05:00+00:00,-16.225,368.079,351.854
2024-03-15T22:10:00-05:00,2024-03-16 03:10:00+00:00,-40.122,286.138,246.016
2024-03-15T22:15:00-05:00,2024-03-16 03:15:00+00:00,-58.035,205.035,147.0
2024-03-15T22:20:00-05:00,2024-03-16 03:20:00+00:00,-88.878,165.19,76.312
2024-03-15T22:25:00-05:00,2024-03-16 03:25:00+00:00,-163.003,196.586,33.582
2024-03-15T22:30:00-05:00,2024-03-16 03:30:00+00:00,-144.982,186.121,41.139
2024-03-15T22:35:00-05:00,2024-03-16 03:35:00+00:00,-81.477,164.23,82.753
2024-03-15T22:40:00-05:00,2024-03-16 03:40:00+00:00,-132.174,183.957,51.783
2024-03-15T22:45:00-05:00,2024-03-16 03:45:00+00:00,-95.372,224.494,129.122
2024-03-15T22:50:00-05:00,2024-03-16 03:50:00+00:00,-52.629,231.31,178.682
2024-03-15T22:55:00-05:00,2024-03-16 03:55:00+00:00,-112.265,187.508,75.243
2024-03-15T23:00:00-05:00,2024-03-16 04:00:00+00:00,-129.392,149.079,19.687
2024-03-15T23:05:00-05:00,2024-03-16 04:05:00+00:00,-49.604,202.646,153.042
2024-03-15T23:10:00-05:00,2024-03-16 04:10:00+00:00,-23.402,259.662,236.259
2024-03-15T23:15:00-05:00,2024-03-16 04:15:00+00:00,-91.752,183.72,91.968
2024-03-15T23:20:00-05:00,2024-03-16 04:20:00+00:00,-67.709,153.931,86.222
2024-03-15T23:25:00-05:00,2024-03-16 04:25:00+00:00,-52.478,173.237,120.76
2024-03-15T23:30:00-05:00,2024-03-16 04:30:00+00:00,-14.275,242.69,228.415
2024-03-15T23:35:00-05:00,2024-03-16 04:35:00+00:00,-52.94,177.879,124.939
2024-03-15T23:40:00-05:00,2024-03-16 04:40:00+00:00,-58.867,187.948,129.082
2024-03-15T23:45:00-05:00,2024-03-16 04:45:00+00:00,-23.332,148.656,125.324
2024-03-15T23:50:00-05:00,2024-03-16 04:50:00+00:00,-35.432,106.041,70.609
2024-03-15T23:55:00-05:00,2024-03-16 04:55:00+00:00,-30.122,176.883,146.761
2024-03-16T00:00:00-05:00,2024-03-16 05:00:00+00:00,-57.797,186.744,128.947
2024-03-16T00:05:00-05:00,2024-03-16 05:05:00+00:00,-153.996,211.143,57.147
2024-03-16T00:10:00-05:00,2024-03-16 05:10:00+00:00,-122.309,225.26,102.951
2024-03-16T00:15:00-05:00,2024-03-16 05:15:00+00:00,-115.279,230.425,115.145
2024-03-16T00:20:00-05:00,2024-03-16 05:20:00+00:00,-102.533,190.761,88.229
2024-03-16T00:25:00-05:00,2024-03-16 05:25:00+00:00,-102.48,222.625,120.145
2024-03-16T00:30:00-05:00,2024-03-16 05:30:00+00:00,-85.04,209.679,124.638
2024-03-16T00:35:00-05:00,2024-03-16 05:35:00+00:00,-103.697,138.158,34.462
2024-03-16T00:40:00-05:00,2024-03-16 05:40:00+00:00,-82.356,119.262,36.907
2024-03-16T00:45:00-05:00,2024-03-16 05:45:00+00:00,-51.423,217.921,166.498
2024-03-16T00:50:00-05:00,2024-03-16 05:50:00+00:00,-57.878,203.326,145.448
2024-03-16T00:55:00-05:00,2024-03-16 05:55:00+00:00,-38.52,238.931,200.41
2024-03-16T01:00:00-05:00,2024-03-16 06:00:00+00:00,-52.549,234.781,182.232
2024-03-16T01:05:00-05:00,2024-03-16 06:05:00+00:00,-192.046,157.975,-34.071
2024-03-16T01:10:00-05:00,2024-03-16 06:10:00+00:00,-171.495,121.323,-50.172
2024-03-16T01:15:00-05:00,2024-03-16 06:15:00+00:00,-78.727,148.533,69.806
2024-03-16T01:20:00-05:00,2024-03-16 06:20:00+00:00,-83.905,137.3,53.395
2024-03-16T01:25:00-05:00,2024-03-16 06:25:00+00:00,-177.997,121.652,-56.346
2024-03-16T01:30:00-05:00,2024-03-16 06:30:00+00:00,-202.335,125.381,-76.954
2024-03-16T01:35:00-05:00,2024-03-16 06:35:00+00:00,-155.596,127.063,-28.533
2024-03-16T01:40:00-05:00,2024-03-16 06:40:00+00:00,-97.618,155.745,58.127
2024-03-16T01:45:00-05:00,2024-03-16 06:45:00+00:00,-25.076,287.925,262.849
2024-03-16T01:50:00-05:00,2024-03-16 06:50:00+00:00,-18.515,345.742,327.227
2024-03-16T01:55:00-05:00,2024-03-16 06:55:00+00:00,-88.194,209.909,121.714
2024-03-16T02:00:00-05:00,2024-03-16 07:00:00+00:00,-108.972,138.697,29.725
2024-03-16T02:05:00-05:00,2024-03-16 07:05:00+00:00,-113.105,145.252,32.148
2024-03-16T02:10:00-05:00,2024-03-16 07:10:00+00:00,-97.634,184.894,87.26
2024-03-16T02:15:00-05:00,2024-03-16 07:15:00+00:00,-77.056,220.202,143.146
2024-03-16T02:20:00-05:00,2024-03-16 07:20:00+00:00,-100.112,191.736,91.624
2024-03-16T02:25:00-05:00,2024-03-16 07:25:00+00:00,-117.118,144.667,27.549
2024-03-16T02:30:00-05:00,2024-03-16 07:30:00+00:00,-120.528,165.152,44.624
2024-03-16T02:35:00-05:00,2024-03-16 07:35:00+00:00,-113.592,188.147,74.555
2024-03-16T02:40:00-05:00,2024-03-16 07:40:00+00:00,-40.743,377.843,337.1
2024-03-16T02:45:00-05:00,2024-03-16 07:45:00+00:00,-87.847,226.803,138.955
2024-03-16T02:50:00-05:00,2024-03-16 07:50:00+00:00,-141.344,206.495,65.152
2024-03-16T02:55:00-05:00,2024-03-16 07:55:00+00:00,-143.983,212.768,68.785
2024-03-16T03:00:00-05:00,2024-03-16 08:00:00+00:00,-86.877,207.948,121.071
2024-03-16T03:05:00-05:00,2024-03-16 08:05:00+00:00,-88.552,191.636,103.084
2024-03-16T03:10:00-05:00,2024-03-16 08:10:00+00:00,-136.712,189.226,52.514
2024-03-16T03:15:00-05:00,2024-03-16 08:15:00+00:00,-115.261,164.22,48.959
2024-03-16T03:20:00-05:00,2024-03-16 08:20:00+00:00,-55.634,301.471,245.837
2024-03-16T03:25:00-05:00,2024-03-16 08:25:00+00:00,-63.465,256.481,193.016
2024-03-16T03:30:00-05:00,2024-03-16 08:30:00+00:00,-55.371,202.816,147.445
2024-03-16T03:35:00-05:00,2024-03-16 08:35:00+00:00,-35.051,252.333,217.282
2024-03-16T03:40:00-05:00,2024-03-16 08:40:00+00:00,-32.332,314.746,282.414
2024-03-16T03:45:00-05:00,2024-03-16 08:45:00+00:00,-101.135,304.799,203.665
2024-03-16T03:50:00-05:00,2024-03-16 08:50:00+00:00,-113.018,319.022,206.004
2024-03-16T03:55:00-05:00,2024-03-16 08:55:00+00:00,-81.945,265.346,183.401
2024-03-16T04:00:00-05:00,2024-03-16 09:00:00+00:00,-83.097,123.544,40.447
2024-03-16T04:05:00-05:00,2024-03-16 09:05:00+00:00,-160.655,55.048,-105.607
2024-03-16T04:10:00-05:00,2024-03-16 09:10:00+00:00,-140.296,71.747,-68.549
2024-03-16T04:15:00-05:00,2024-03-16 09:15:00+00:00,-102.792,156.957,54.165
2024-03-16T04:20:00-05:00,2024-03-16 09:20:00+00:00,-54.918,233.294,178.376
2024-03-16T04:25:00-05:00,2024-03-16 09:25:00+00:00,-107.942,148.763,40.822
2024-03-16T04:30:00-05:00,2024-03-16 09:30:00+00:00,-157.325,117.311,-40.014
2024-03-16T04:35:00-05:00,2024-03-16 09:35:00+00:00,-177.048,52.015,-125.032
2024-03-16T04:40:00-05:00,2024-03-16 09:40:00+00:00,-126.537,62.612,-63.925
2024-03-16T04:45:00-05:00,2024-03-16 09:45:00+00:00,-71.678,167.076,95.398
2024-03-16T04:50:00-05:00,2024-03-16 09:50:00+00:00,-73.907,146.788,72.881
2024-03-16T04:55:00-05:00,2024-03-16 09:55:00+00:00,-119.167,153.779,34.612
2024-03-16T05:00:00-05:00,2024-03-16 10:00:00+00:00,-123.019,233.714,110.695
2024-03-16T05:05:00-05:00,2024-03-16 10:05:00+00:00,-69.935,217.819,147.884
2024-03-16T05:10:00-05:00,2024-03-16 10:10:00+00:00,-32.554,278.198,245.644
2024-03-16T05:15:00-05:00,2024-03-16 10:15:00+00:00,-118.538,157.457,38.919
2024-03-16T05:20:00-05:00,2024-03-16 10:20:00+00:00,-396.315,29.756,-366.559
2024-03-16T05:25:00-05:00,2024-03-16 10:25:00+00:00,-548.3,45.765,-502.535
2024-03-16T05:30:00-05:00,2024-03-16 10:30:00+00:00,-318.455,80.674,-237.782
2024-03-16T05:35:00-05:00,2024-03-16 10:35:00+00:00,-164.157,66.127,-98.03
2024-03-16T05:40:00-05:00,2024-03-16 10:40:00+00:00,-142.712,34.079,-108.633
2024-03-16T05:45:00-05:00,2024-03-16 10:45:00+00:00,-103.547,56.385,-47.162
2024-03-16T05:50:00-05:00,2024-03-16 10:50:00+00:00,-88.492,53.806,-34.686
2024-03-16T05:55:00-05:00,2024-03-16 10:55:00+00:00,-98.862,65.216,-33.646
2024-03-16T06:00:00-05:00,2024-03-16 11:00:00+00:00,-62.936,187.806,124.87
2024-03-16T06:05:00-05:00,2024-03-16 11:05:00+00:00,-60.9,322.581,261.682
2024-03-16T06:10:00-05:00,2024-03-16 11:10:00+00:00,-71.995,363.929,291.934
2024-03-16T06:15:00-05:00,2024-03-16 11:15:00+00:00,-105.8,431.607,325.808
2024-03-16T06:20:00-05:00,2024-03-16 11:20:00+00:00,-167.828,186.111,18.283
2024-03-16T06:25:00-05:00,2024-03-16 11:25:00+00:00,-163.752,107.65,-56.102
2024-03-16T06:30:00-05:00,2024-03-16 11:30:00+00:00,-116.246,85.944,-30.303
2024-03-16T06:35:00-05:00,2024-03-16 11:35:00+00:00,-68.282,136.551,68.269
2024-03-16T06:40:00-05:00,2024-03-16 11:40:00+00:00,-56.573,217.605,161.032
2024-03-16T06:45:00-05:00,2024-03-16 11:45:00+00:00,-64.871,146.19,81.319
2024-03-16T06:50:00-05:00,2024-03-16 11:50:00+00:00,-79.915,113.632,33.717
2024-03-16T06:55:00-05:00,2024-03-16 11:55:00+00:00,-137.102,120.594,-16.508
2024-03-16T07:00:00-05:00,2024-03-16 12:00:00+00:00,-138.95,137.307,-1.643
2024-03-16T07:05:00-05:00,2024-03-16 12:05:00+00:00,-118.9,230.308,111.409
2024-03-16T07:10:00-05:00,2024-03-16 12:10:00+00:00,-157.403,252.048,94.645
2024-03-16T07:15:00-05:00,2024-03-16 12:15:00+00:00,-137.21,267.481,130.272
2024-03-16T07:20:00-05:00,2024-03-16 12:20:00+00:00,-55.519,295.256,239.737
2024-03-16T07:25:00-05:00,2024-03-16 12:25:00+00:00,-26.235,371.675,345.44
2024-03-16T07:30:00-05:00,2024-03-16 12:30:00+00:00,-27.547,591.391,563.844
2024-03-16T07:35:00-05:00,2024-03-16 12:35:00+00:00,-41.107,546.849,505.743
2024-03-16T07:40:00-05:00,2024-03-16 12:40:00+00:00,-138.648,310.301,171.653
2024-03-16T07:45:00-05:00,2024-03-16 12:45:00+00:00,-274.02,237.322,-36.698
2024-03-16T07:50:00-05:00,2024-03-16 12:50:00+00:00,-136.706,261.741,125.034
2024-03-16T07:55:00-05:00,2024-03-16 12:55:00+00:00,-35.686,404.677,368.991
2024-03-16T08:00:00-05:00,2024-03-16 13:00:00+00:00,-56.942,492.869,435.928
2024-03-16T08:05:00-05:00,2024-03-16 13:05:00+00:00,-91.894,311.303,219.409
2024-03-16T08:10:00-05:00,2024-03-16 13:10:00+00:00,-96.919,318.039,221.12
2024-03-16T08:15:00-05:00,2024-03-16 13:15:00+00:00,-110.845,244.503,133.659
2024-03-16T08:20:00-05:00,2024-03-16 13:20:00+00:00,-78.663,248.717,170.054
2024-03-16T08:25:00-05:00,2024-03-16 13:25:00+00:00,-89.125,202.396,113.271
2024-03-16T08:30:00-05:00,2024-03-16 13:30:00+00:00,-84.689,219.447,134.758
2024-03-16T08:35:00-05:00,2024-03-16 13:35:00+00:00,-59.246,253.258,194.012
2024-03-16T08:40:00-05:00,2024-03-16 13:40:00+00:00,-57.432,203.376,145.944
2024-03-16T08:45:00-05:00,2024-03-16 13:45:00+00:00,-68.024,133.0,64.975
2024-03-16T08:50:00-05:00,2024-03-16 13:50:00+00:00,-68.463,104.349,35.886
2024-03-16T08:55:00-05:00,2024-03-16 13:55:00+00:00,-140.639,57.801,-82.838
2024-03-16T09:00:00-05:00,2024-03-16 14:00:00+00:00,-55.05,114.792,59.742
2024-03-16T09:05:00-05:00,2024-03-16 14:05:00+00:00,-46.027,318.312,272.285
2024-03-16T09:10:00-05:00,2024-03-16 14:10:00+00:00,-37.443,339.52,302.077
2024-03-16T09:15:00-05:00,2024-03-16 14:15:00+00:00,-228.849,116.496,-112.354
2024-03-16T09:20:00-05:00,2024-03-16 14:20:00+00:00,-248.709,99.07,-149.639
2024-03-16T09:25:00-05:00,2024-03-16 14:25:00+00:00,-124.304,138.956,14.652
2024-03-16T09:30:00-05:00,2024-03-16 14:30:00+00:00,-237.872,71.258,-166.614
2024-03-16T09:35:00-05:00,2024-03-16 14:35:00+00:00,-248.268,86.467,-161.801
2024-03-16T09:40:00-05:00,2024-03-16 14:40:00+00:00,-66.196,228.64,162.444
2024-03-16T09:45:00-05:00,2024-03-16 14:45:00+00:00,-53.922,284.55,230.628
2024-03-16T09:50:00-05:00,2024-03-16 14:50:00+00:00,-51.483,199.427,147.944
2024-03-16T09:55:00-05:00,2024-03-16 14:55:00+00:00,-154.323,162.09,7.767
2024-03-16T10:00:00-05:00,2024-03-16 15:00:00+00:00,-316.407,85.287,-231.12
2024-03-16T10:05:00-05:00,2024-03-16 15:05:00+00:00,-254.215,244.274,-9.941
2024-03-16T10:10:00-05:00,2024-03-16 15:10:00+00:00,-191.419,213.301,21.881
2024-03-16T10:15:00-05:00,2024-03-16 15:15:00+00:00,-312.51,77.482,-235.028
2024-03-16T10:20:00-05:00,2024-03-16 15:20:00+00:00,-466.594,78.99,-387.604
2024-03-16T10:25:00-05:00,2024-03-16 15:25:00+00:00,-332.943,75.704,-257.239
2024-03-16T10:30:00-05:00,2024-03-16 15:30:00+00:00,-130.673,179.202,48.529
2024-03-16T10:35:00-05:00,2024-03-16 15:35:00+00:00,-127.714,151.529,23.815
2024-03-16T10:40:00-05:00,2024-03-16 15:40:00+00:00,-151.739,145.944,-5.795
2024-03-16T10:45:00-05:00,2024-03-16 15:45:00+00:00,-51.182,247.435,196.253
2024-03-16T10:50:00-05:00,2024-03-16 15:50:00+00:00,-38.415,393.452,355.036
2024-03-16T10:55:00-05:00,2024-03-16 15:55:00+00:00,-42.946,323.169,280.223
2024-03-16T11:00:00-05:00,2024-03-16 16:00:00+00:00,-98.142,181.997,83.855
2024-03-16T11:05:00-05:00,2024-03-16 16:05:00+00:00,-188.519,97.313,-91.206
2024-03-16T11:10:00-05:00,2024-03-16 16:10:00+00:00,-74.349,263.161,188.811
2024-03-16T11:15:00-05:00,2024-03-16 16:15:00+00:00,-217.219,202.91,-14.308
2024-03-16T11:20:00-05:00,2024-03-16 16:20:00+00:00,-371.036,49.365,-321.67
2024-03-16T11:25:00-05:00,2024-03-16 16:25:00+00:00,-314.072,66.025,-248.047
2024-03-16T11:30:00-05:00,2024-03-16 16:30:00+00:00,-291.412,33.17,-258.242
2024-03-16T11:35:00-05:00,2024-03-16 16:35:00+00:00,-240.091,49.803,-190.288
2024-03-16T11:40:00-05:00,2024-03-16 16:40:00+00:00,-142.622,281.695,139.073
2024-03-16T11:45:00-05:00,2024-03-16 16:45:00+00:00,-173.192,302.4,129.208
2024-03-16T11:50:00-05:00,2024-03-16 16:50:00+00:00,-298.632,116.153,-182.48
2024-03-16T11:55:00-05:00,2024-03-16 16:55:00+00:00,-440.557,109.009,-331.548
2024-03-16T12:00:00-05:00,2024-03-16 17:00:00+00:00,-419.263,69.97,-349.294
2024-03-16T12:05:00-05:00,2024-03-16 17:05:00+00:00,-330.583,82.838,-247.745
2024-03-16T12:10:00-05:00,2024-03-16 17:10:00+00:00,-401.417,44.534,-356.882
2024-03-16T12:15:00-05:00,2024-03-16 17:15:00+00:00,-539.875,36.646,-503.229
2024-03-16T12:20:00-05:00,2024-03-16 17:20:00+00:00,-514.728,30.746,-483.982
2024-03-16T12:25:00-05:00,2024-03-16 17:25:00+00:00,-428.79,46.137,-382.654
2024-03-16T12:30:00-05:00,2024-03-16 17:30:00+00:00,-203.798,139.254,-64.544
2024-03-16T12:35:00-05:00,2024-03-16 17:35:00+00:00,-78.37,203.966,125.597
2024-03-16T12:40:00-05:00,2024-03-16 17:40:00+00:00,-196.775,227.97,31.195
2024-03-16T12:45:00-05:00,2024-03-16 17:45:00+00:00,-345.958,185.306,-160.652
2024-03-16T12:50:00-05:00,2024-03-16 17:50:00+00:00,-424.159,7.887,-416.273
2024-03-16T12:55:00-05:00,2024-03-16 17:55:00+00:00,-471.109,9.736,-461.372
2024-03-16T13:00:00-05:00,2024-03-16 18:00:00+00:00,-416.389,16.765,-399.624
2024-03-16T13:05:00-05:00,2024-03-16 18:05:00+00:00,-428.519,11.48,-417.039
2024-03-16T13:10:00-05:00,2024-03-16 18:10:00+00:00,-343.875,15.747,-328.127
2024-03-16T13:15:00-05:00,2024-03-16 18:15:00+00:00,-321.266,15.132,-306.133
2024-03-16T13:20:00-05:00,2024-03-16 18:20:00+00:00,-356.35,113.332,-243.018
2024-03-16T13:25:00-05:00,2024-03-16 18:25:00+00:00,-328.833,163.328,-165.505
2024-03-16T13:30:00-05:00,2024-03-16 18:30:00+00:00,-311.913,140.685,-171.228
2024-03-16T13:35:00-05:00,2024-03-16 18:35:00+00:00,-441.797,8.79,-433.007
2024-03-16T13:40:00-05:00,2024-03-16 18:40:00+00:00,-589.795,4.094,-585.701
2024-03-16T13:45:00-05:00,2024-03-16 18:45:00+00:00,-534.915,37.485,-497.43
2024-03-16T13:50:00-05:00,2024-03-16 18:50:00+00:00,-361.765,251.723,-110.043
2024-03-16T13:55:00-05:00,2024-03-16 18:55:00+00:00,-349.801,242.5,-107.302
2024-03-16T14:00:00-05:00,2024-03-16 19:00:00+00:00,-448.838,26.73,-422.108
2024-03-16T14:05:00-05:00,2024-03-16 19:05:00+00:00,-677.624,8.678,-668.946
2024-03-16T14:10:00-05:00,2024-03-16 19:10:00+00:00,-665.485,26.205,-639.28
2024-03-16T14:15:00-05:00,2024-03-16 19:15:00+00:00,-490.689,48.196,-442.493
2024-03-16T14:20:00-05:00,2024-03-16 19:20:00+00:00,-408.164,39.88,-368.284
2024-03-16T14:25:00-05:00,2024-03-16 19:25:00+00:00,-468.724,3.834,-464.889
2024-03-16T14:30:00-05:00,2024-03-16 19:30:00+00:00,-611.816,2.563,-609.253
2024-03-16T14:35:00-05:00,2024-03-16 19:35:00+00:00,-707.731,18.057,-689.674
2024-03-16T14:40:00-05:00,2024-03-16 19:40:00+00:00,-491.184,61.653,-429.532
2024-03-16T14:45:00-05:00,2024-03-16 19:45:00+00:00,-407.642,34.828,-372.814
2024-03-16T14:50:00-05:00,2024-03-16 19:50:00+00:00,-325.569,84.312,-241.257
2024-03-16T14:55:00-05:00,2024-03-16 19:55:00+00:00,-262.319,65.318,-197.0
2024-03-16T15:00:00-05:00,2024-03-16 20:00:00+00:00,-360.403,6.837,-353.566
2024-03-16T15:05:00-05:00,2024-03-16 20:05:00+00:00,-499.1,12.129,-486.971
2024-03-16T15:10:00-05:00,2024-03-16 20:10:00+00:00,-557.182,6.044,-551.138
2024-03-16T15:15:00-05:00,2024-03-16 20:15:00+00:00,-597.411,49.015,-548.396
2024-03-16T15:20:00-05:00,2024-03-16 20:20:00+00:00,-471.321,228.983,-242.338
2024-03-16T15:25:00-05:00,2024-03-16 20:25:00+00:00,-247.057,112.162,-134.894
2024-03-16T15:30:00-05:00,2024-03-16 20:30:00+00:00,-287.404,12.452,-274.952
2024-03-16T15:35:00-05:00,2024-03-16 20:35:00+00:00,-417.275,6.139,-411.136
2024-03-16T15:40:00-05:00,2024-03-16 20:40:00+00:00,-501.434,9.508,-491.926
2024-03-16T15:45:00-05:00,2024-03-16 20:45:00+00:00,-491.024,90.075,-400.948
2024-03-16T15:50:00-05:00,2024-03-16 20:50:00+00:00,-375.569,264.27,-111.299
2024-03-16T15:55:00-05:00,2024-03-16 20:55:00+00:00,-325.145,131.59,-193.554
2024-03-16T16:00:00-05:00,2024-03-16 21:00:00+00:00,-371.343,136.977,-234.366
2024-03-16T16:05:00-05:00,2024-03-16 21:05:00+00:00,-443.294,5.105,-438.189
2024-03-16T16:10:00-05:00,2024-03-16 21:10:00+00:00,-530.471,17.243,-513.228
2024-03-16T16:15:00-05:00,2024-03-16 21:15:00+00:00,-430.596,35.814,-394.782
2024-03-16T16:20:00-05:00,2024-03-16 21:20:00+00:00,-449.797,21.026,-428.77
2024-03-16T16:25:00-05:00,2024-03-16 21:25:00+00:00,-628.59,10.083,-618.507
2024-03-16T16:30:00-05:00,2024-03-16 21:30:00+00:00,-604.97,33.025,-571.946
2024-03-16T16:35:00-05:00,2024-03-16 21:35:00+00:00,-573.83,50.476,-523.353
2024-03-16T16:40:00-05:00,2024-03-16 21:40:00+00:00,-606.068,14.831,-591.237
2024-03-16T16:45:00-05:00,2024-03-16 21:45:00+00:00,-593.588,20.42,-573.168
2024-03-16T16:50:00-05:00,2024-03-16 21:50:00+00:00,-456.747,43.724,-413.023
2024-03-16T16:55:00-05:00,2024-03-16 21:55:00+00:00,-453.782,11.527,-442.256
2024-03-16T17:00:00-05:00,2024-03-16 22:00:00+00:00,-435.43,5.23,-430.2
2024-03-16T17:05:00-05:00,2024-03-16 22:05:00+00:00,-424.556,8.593,-415.963
2024-03-16T17:10:00-05:00,2024-03-16 22:10:00+00:00,-441.954,23.852,-418.102
2024-03-16T17:15:00-05:00,2024-03-16 22:15:00+00:00,-440.429,11.034,-429.396
2024-03-16T17:20:00-05:00,2024-03-16 22:20:00+00:00,-242.654,53.441,-189.213
2024-03-16T17:25:00-05:00,2024-03-16 22:25:00+00:00,-114.737,122.178,7.441
2024-03-16T17:30:00-05:00,2024-03-16 22:30:00+00:00,-182.335,21.671,-160.665
2024-03-16T17:35:00-05:00,2024-03-16 22:35:00+00:00,-304.432,13.199,-291.232
2024-03-16T17:40:00-05:00,2024-03-16 22:40:00+00:00,-242.789,77.775,-165.014
2024-03-16T17:45:00-05:00,2024-03-16 22:45:00+00:00,-159.567,94.023,-65.544
2024-03-16T17:50:00-05:00,2024-03-16 22:50:00+00:00,-138.46,90.093,-48.367
2024-03-16T17:55:00-05:00,2024-03-16 22:55:00+00:00,-174.844,42.344,-132.5
2024-03-16T18:00:00-05:00,2024-03-16 23:00:00+00:00,-167.948,14.309,-153.638
2024-03-16T18:05:00-05:00,2024-03-16 23:05:00+00:00,-140.849,24.923,-115.926
2024-03-16T18:10:00-05:00,2024-03-16 23:10:00+00:00,-75.823,66.183,-9.639
2024-03-16T18:15:00-05:00,2024-03-16 23:15:00+00:00,-63.79,346.529,282.739
2024-03-16T18:20:00-05:00,2024-03-16 23:20:00+00:00,-72.589,681.203,608.614
2024-03-16T18:25:00-05:00,2024-03-16 23:25:00+00:00,-96.875,423.445,326.57
2024-03-16T18:30:00-05:00,2024-03-16 23:30:00+00:00,-113.743,237.278,123.535
2024-03-16T18:35:00-05:00,2024-03-16 23:35:00+00:00,-65.209,376.546,311.336
2024-03-16T18:40:00-05:00,2024-03-16 23:40:00+00:00,-63.41,403.62,340.21
2024-03-16T18:45:00-05:00,2024-03-16 23:45:00+00:00,-48.89,252.713,203.823
2024-03-16T18:50:00-05:00,2024-03-16 23:50:00+00:00,-72.783,224.123,151.341
2024-03-16T18:55:00-05:00,2024-03-16 23:55:00+00:00,-108.426,273.191,164.764
2024-03-16T19:00:00-05:00,2024-03-17 00:00:00+00:00,-185.113,228.189,43.076
2024-03-16T19:05:00-05:00,2024-03-17 00:05:00+00:00,-127.008,266.43,139.422
2024-03-16T19:10:00-05:00,2024-03-17 00:10:00+00:00,-88.881,532.661,443.781
2024-03-16T19:15:00-05:00,2024-03-17 00:15:00+00:00,-63.811,513.37,449.56
2024-03-16T19:20:00-05:00,2024-03-17 00:20:00+00:00,-113.348,330.167,216.819
2024-03-16T19:25:00-05:00,2024-03-17 00:25:00+00:00,-143.36,271.785,128.426
2024-03-16T19:30:00-05:00,2024-03-17 00:30:00+00:00,-48.215,473.199,424.984
2024-03-16T19:35:00-05:00,2024-03-17 00:35:00+00:00,-67.941,487.544,419.604
2024-03-16T19:40:00-05:00,2024-03-17 00:40:00+00:00,-162.291,425.707,263.416
2024-03-16T19:45:00-05:00,2024-03-17 00:45:00+00:00,-121.156,322.238,201.082
2024-03-16T19:50:00-05:00,2024-03-17 00:50:00+00:00,-74.805,347.99,273.185
2024-03-16T19:55:00-05:00,2024-03-17 00:55:00+00:00,-102.647,416.608,313.961
2024-03-16T20:00:00-05:00,2024-03-17 01:00:00+00:00,-139.494,457.351,317.857
2024-03-16T20:05:00-05:00,2024-03-17 01:05:00+00:00,-59.038,576.853,517.815
2024-03-16T20:10:00-05:00,2024-03-17 01:10:00+00:00,-44.904,588.617,543.712
2024-03-16T20:15:00-05:00,2024-03-17 01:15:00+00:00,-98.621,550.824,452.203
2024-03-16T20:20:00-05:00,2024-03-17 01:20:00+00:00,-99.85,497.437,397.586
2024-03-16T20:25:00-05:00,2024-03-17 01:25:00+00:00,-66.727,513.574,446.847
2024-03-16T20:30:00-05:00,2024-03-17 01:30:00+00:00,-47.882,664.539,616.657
2024-03-16T20:35:00-05:00,2024-03-17 01:35:00+00:00,-25.417,591.994,566.577
2024-03-16T20:40:00-05:00,2024-03-17 01:40:00+00:00,-27.5,538.002,510.501
2024-03-16T20:45:00-05:00,2024-03-17 01:45:00+00:00,-42.182,503.434,461.252
2024-03-16T20:50:00-05:00,2024-03-17 01:50:00+00:00,-23.172,557.227,534.056
2024-03-16T20:55:00-05:00,2024-03-17 01:55:00+00:00,-20.805,596.302,575.497
2024-03-16T21:00:00-05:00,2024-03-17 02:00:00+00:00,-29.213,480.869,451.656
2024-03-16T21:05:00-05:00,2024-03-17 02:05:00+00:00,-59.047,578.004,518.956
2024-03-16T21:10:00-05:00,2024-03-17 02:10:00+00:00,-102.038,537.88,435.842
2024-03-16T21:15:00-05:00,2024-03-17 02:15:00+00:00,-47.242,565.143,517.901
2024-03-16T21:20:00-05:00,2024-03-17 02:20:00+00:00,-13.864,511.464,497.6
2024-03-16T21:25:00-05:00,2024-03-17 02:25:00+00:00,-11.044,519.06,508.016
2024-03-16T21:30:00-05:00,2024-03-17 02:30:00+00:00,-9.458,542.733,533.275
2024-03-16T21:35:00-05:00,2024-03-17 02:35:00+00:00,-13.368,547.492,534.125
2024-03-16T21:40:00-05:00,2024-03-17 02:40:00+00:00,-22.394,413.596,391.201
2024-03-16T21:45:00-05:00,2024-03-17 02:45:00+00:00,-65.538,243.804,178.266
2024-03-16T21:50:00-05:00,2024-03-17 02:50:00+00:00,-127.801,187.437,59.636
2024-03-16T21:55:00-05:00,2024-03-17 02:55:00+00:00,-153.222,144.064,-9.158
2024-03-16T22:00:00-05:00,2024-03-17 03:00:00+00:00,-183.845,165.269,-18.575
2024-03-16T22:05:00-05:00,2024-03-17 03:05:00+00:00,-225.525,95.181,-130.344
2024-03-16T22:10:00-05:00,2024-03-17 03:10:00+00:00,-209.816,18.779,-191.037
2024-03-16T22:15:00-05:00,2024-03-17 03:15:00+00:00,-216.335,41.621,-174.714
2024-03-16T22:20:00-05:00,2024-03-17 03:20:00+00:00,-209.208,98.746,-110.462
2024-03-16T22:25:00-05:00,2024-03-17 03:25:00+00:00,-153.854,280.312,126.458
2024-03-16T22:30:00-05:00,2024-03-17 03:30:00+00:00,-142.549,281.97,139.421
2024-03-16T22:35:00-05:00,2024-03-17 03:35:00+00:00,-224.264,205.339,-18.925
2024-03-16T22:40:00-05:00,2024-03-17 03:40:00+00:00,-208.011,187.644,-20.367
2024-03-16T22:45:00-05:00,2024-03-17 03:45:00+00:00,-146.324,147.812,1.487
2024-03-16T22:50:00-05:00,2024-03-17 03:50:00+00:00,-211.931,79.39,-132.541
2024-03-16T22:55:00-05:00,2024-03-17 03:55:00+00:00,-271.288,65.079,-206.209
2024-03-16T23:00:00-05:00,2024-03-17 04:00:00+00:00,-245.392,120.885,-124.506
2024-03-16T23:05:00-05:00,2024-03-17 04:05:00+00:00,-188.565,183.539,-5.026
2024-03-16T23:10:00-05:00,2024-03-17 04:10:00+00:00,-111.38,196.949,85.569
2024-03-16T23:15:00-05:00,2024-03-17 04:15:00+00:00,-157.025,95.833,-61.192
2024-03-16T23:20:00-05:00,2024-03-17 04:20:00+00:00,-183.115,60.044,-123.071
2024-03-16T23:25:00-05:00,2024-03-17 04:25:00+00:00,-147.206,69.619,-77.588
2024-03-16T23:30:00-05:00,2024-03-17 04:30:00+00:00,-147.671,85.429,-62.242
2024-03-16T23:35:00-05:00,2024-03-17 04:35:00+00:00,-186.429,127.738,-58.692
2024-03-16T23:40:00-05:00,2024-03-17 04:40:00+00:00,-86.863,182.303,95.441
2024-03-16T23:45:00-05:00,2024-03-17 04:45:00+00:00,-118.931,229.933,111.002
2024-03-16T23:50:00-05:00,2024-03-17 04:50:00+00:00,-199.283,110.605,-88.678
2024-03-16T23:55:00-05:00,2024-03-17 04:55:00+00:00,-282.677,86.559,-196.118
2024-03-17T00:00:00-05:00,2024-03-17 05:00:00+00:00,-212.785,72.942,-139.843
2024-03-17T00:05:00-05:00,2024-03-17 05:05:00+00:00,-275.124,145.227,-129.897
2024-03-17T00:10:00-05:00,2024-03-17 05:10:00+00:00,-421.757,320.913,-100.844
2024-03-17T00:15:00-05:00,2024-03-17 05:15:00+00:00,-327.678,234.542,-93.136
2024-03-17T00:20:00-05:00,2024-03-17 05:20:00+00:00,-186.532,220.395,33.863
2024-03-17T00:25:00-05:00,2024-03-17 05:25:00+00:00,-181.163,208.244,27.081
2024-03-17T00:30:00-05:00,2024-03-17 05:30:00+00:00,-151.299,139.252,-12.047
2024-03-17T00:35:00-05:00,2024-03-17 05:35:00+00:00,-127.647,142.826,15.179
2024-03-17T00:40:00-05:00,2024-03-17 05:40:00+00:00,-125.962,203.025,77.063
2024-03-17T00:45:00-05:00,2024-03-17 05:45:00+00:00,-216.525,106.934,-109.591
2024-03-17T00:50:00-05:00,2024-03-17 05:50:00+00:00,-209.412,122.922,-86.49
2024-03-17T00:55:00-05:00,2024-03-17 05:55:00+00:00,-133.994,167.419,33.425
2024-03-17T01:00:00-05:00,2024-03-17 06:00:00+00:00,-167.923,215.062,47.139
2024-03-17T01:05:00-05:00,2024-03-17 06:05:00+00:00,-143.504,230.404,86.899
2024-03-17T01:10:00-05:00,2024-03-17 06:10:00+00:00,-193.648,161.722,-31.926
2024-03-17T01:15:00-05:00,2024-03-17 06:15:00+00:00,-196.155,173.423,-22.731
2024-03-17T01:20:00-05:00,2024-03-17 06:20:00+00:00,-158.655,218.999,60.344
2024-03-17T01:25:00-05:00,2024-03-17 06:25:00+00:00,-261.349,124.538,-136.811
2024-03-17T01:30:00-05:00,2024-03-17 06:30:00+00:00,-225.989,144.601,-81.389
2024-03-17T01:35:00-05:00,2024-03-17 06:35:00+00:00,-138.163,269.19,131.027
2024-03-17T01:40:00-05:00,2024-03-17 06:40:00+00:00,-98.073,268.449,170.376
2024-03-17T01:45:00-05:00,2024-03-17 06:45:00+00:00,-76.121,166.644,90.522
2024-03-17T01:50:00-05:00,2024-03-17 06:50:00+00:00,-74.428,223.469,149.041
2024-03-17T01:55:00-05:00,2024-03-17 06:55:00+00:00,-122.485,237.381,114.896
2024-03-17T02:00:00-05:00,2024-03-17 07:00:00+00:00,-204.457,183.611,-20.846
2024-03-17T02:05:00-05:00,2024-03-17 07:05:00+00:00,-229.52,126.665,-102.855
2024-03-17T02:10:00-05:00,2024-03-17 07:10:00+00:00,-221.058,154.107,-66.951
2024-03-17T02:15:00-05:00,2024-03-17 07:15:00+00:00,-182.565,149.823,-32.741
2024-03-17T02:20:00-05:00,2024-03-17 07:20:00+00:00,-221.038,150.205,-70.832
2024-03-17T02:25:00-05:00,2024-03-17 07:25:00+00:00,-282.47,141.912,-140.559
2024-03-17T02:30:00-05:00,2024-03-17 07:30:00+00:00,-311.286,71.308,-239.979
2024-03-17T02:35:00-05:00,2024-03-17 07:35:00+00:00,-282.431,78.402,-204.029
2024-03-17T02:40:00-05:00,2024-03-17 07:40:00+00:00,-401.673,149.892,-251.781
2024-03-17T02:45:00-05:00,2024-03-17 07:45:00+00:00,-444.305,179.71,-264.595
2024-03-17T02:50:00-05:00,2024-03-17 07:50:00+00:00,-399.544,158.558,-240.986
2024-03-17T02:55:00-05:00,2024-03-17 07:55:00+00:00,-258.686,227.745,-30.942
2024-03-17T03:00:00-05:00,2024-03-17 08:00:00+00:00,-224.888,267.985,43.097
2024-03-17T03:05:00-05:00,2024-03-17 08:05:00+00:00,-294.616,135.368,-159.248
2024-03-17T03:10:00-05:00,2024-03-17 08:10:00+00:00,-366.683,143.198,-223.485
2024-03-17T03:15:00-05:00,2024-03-17 08:15:00+00:00,-368.397,123.736,-244.661
2024-03-17T03:20:00-05:00,2024-03-17 08:20:00+00:00,-259.691,179.851,-79.84
2024-03-17T03:25:00-05:00,2024-03-17 08:25:00+00:00,-185.671,265.438,79.767
2024-03-17T03:30:00-05:00,2024-03-17 08:30:00+00:00,-166.413,125.074,-41.339
2024-03-17T03:35:00-05:00,2024-03-17 08:35:00+00:00,-245.146,78.906,-166.24
2024-03-17T03:40:00-05:00,2024-03-17 08:40:00+00:00,-183.994,86.878,-97.116
2024-03-17T03:45:00-05:00,2024-03-17 08:45:00+00:00,-209.906,70.5,-139.405
2024-03-17T03:50:00-05:00,2024-03-17 08:50:00+00:00,-241.646,62.774,-178.872
2024-03-17T03:55:00-05:00,2024-03-17 08:55:00+00:00,-249.018,75.477,-173.541
2024-03-17T04:00:00-05:00,2024-03-17 09:00:00+00:00,-265.9,100.625,-165.275
2024-03-17T04:05:00-05:00,2024-03-17 09:05:00+00:00,-343.571,48.128,-295.443
2024-03-17T04:10:00-05:00,2024-03-17 09:10:00+00:00,-292.813,28.063,-264.75
2024-03-17T04:15:00-05:00,2024-03-17 09:15:00+00:00,-225.527,35.794,-189.733
2024-03-17T04:20:00-05:00,2024-03-17 09:20:00+00:00,-235.562,40.635,-194.926
2024-03-17T04:25:00-05:00,2024-03-17 09:25:00+00:00,-238.601,51.349,-187.252
2024-03-17T04:30:00-05:00,2024-03-17 09:30:00+00:00,-257.301,52.939,-204.362
2024-03-17T04:35:00-05:00,2024-03-17 09:35:00+00:00,-184.39,56.862,-127.528
2024-03-17T04:40:00-05:00,2024-03-17 09:40:00+00:00,-197.582,133.412,-64.17
2024-03-17T04:45:00-05:00,2024-03-17 09:45:00+00:00,-310.005,88.837,-221.168
2024-03-17T04:50:00-05:00,2024-03-17 09:50:00+00:00,-293.311,60.536,-232.775
2024-03-17T04:55:00-05:00,2024-03-17 09:55:00+00:00,-218.812,49.386,-169.426
2024-03-17T05:00:00-05:00,2024-03-17 10:00:00+00:00,-201.502,94.82,-106.682
2024-03-17T05:05:00-05:00,2024-03-17 10:05:00+00:00,-180.465,65.984,-114.482
2024-03-17T05:10:00-05:00,2024-03-17 10:10:00+00:00,-80.02,64.248,-15.772
2024-03-17T05:15:00-05:00,2024-03-17 10:15:00+00:00,-73.257,35.761,-37.497
2024-03-17T05:20:00-05:00,2024-03-17 10:20:00+00:00,-101.061,83.684,-17.377
2024-03-17T05:25:00-05:00,2024-03-17 10:25:00+00:00,-147.352,80.344,-67.009
2024-03-17T05:30:00-05:00,2024-03-17 10:30:00+00:00,-159.072,303.301,144.229
2024-03-17T05:35:00-05:00,2024-03-17 10:35:00+00:00,-151.861,202.729,50.868
2024-03-17T05:40:00-05:00,2024-03-17 10:40:00+00:00,-58.383,42.533,-15.851
2024-03-17T05:45:00-05:00,2024-03-17 10:45:00+00:00,-90.245,26.859,-63.386
2024-03-17T05:50:00-05:00,2024-03-17 10:50:00+00:00,-168.266,39.265,-129.001
2024-03-17T05:55:00-05:00,2024-03-17 10:55:00+00:00,-112.23,73.415,-38.815
2024-03-17T06:00:00-05:00,2024-03-17 11:00:00+00:00,-74.166,61.418,-12.748
2024-03-17T06:05:00-05:00,2024-03-17 11:05:00+00:00,-50.1,40.688,-9.411
2024-03-17T06:10:00-05:00,2024-03-17 11:10:00+00:00,-32.07,78.149,46.079
2024-03-17T06:15:00-05:00,2024-03-17 11:15:00+00:00,-25.401,157.418,132.017
2024-03-17T06:20:00-05:00,2024-03-17 11:20:00+00:00,-30.408,193.501,163.093
2024-03-17T06:25:00-05:00,2024-03-17 11:25:00+00:00,-62.741,174.895,112.154
2024-03-17T06:30:00-05:00,2024-03-17 11:30:00+00:00,-78.873,120.466,41.593
2024-03-17T06:35:00-05:00,2024-03-17 11:35:00+00:00,-99.032,90.995,-8.037
2024-03-17T06:40:00-05:00,2024-03-17 11:40:00+00:00,-104.425,95.461,-8.964
2024-03-17T06:45:00-05:00,2024-03-17 11:45:00+00:00,-126.221,114.283,-11.938
2024-03-17T06:50:00-05:00,2024-03-17 11:50:00+00:00,-88.421,94.643,6.222
2024-03-17T06:55:00-05:00,2024-03-17 11:55:00+00:00,-39.545,111.866,72.32
2024-03-17T07:00:00-05:00,2024-03-17 12:00:00+00:00,-30.456,121.196,90.74
2024-03-17T07:05:00-05:00,2024-03-17 12:05:00+00:00,-117.615,118.67,1.054
2024-03-17T07:10:00-05:00,2024-03-17 12:10:00+00:00,-76.754,276.877,200.123
2024-03-17T07:15:00-05:00,2024-03-17 12:15:00+00:00,-14.622,499.84,485.218
2024-03-17T07:20:00-05:00,2024-03-17 12:20:00+00:00,-18.401,521.342,502.941
2024-03-17T07:25:00-05:00,2024-03-17 12:25:00+00:00,-31.753,286.2,254.447
2024-03-17T07:30:00-05:00,2024-03-17 12:30:00+00:00,-57.069,257.825,200.755
2024-03-17T07:35:00-05:00,2024-03-17 12:35:00+00:00,-73.839,216.283,142.444
2024-03-17T07:40:00-05:00,2024-03-17 12:40:00+00:00,-122.969,157.597,34.628
2024-03-17T07:45:00-05:00,2024-03-17 12:45:00+00:00,-61.893,158.576,96.683
2024-03-17T07:50:00-05:00,2024-03-17 12:50:00+00:00,-74.667,185.251,110.584
2024-03-17T07:55:00-05:00,2024-03-17 12:55:00+00:00,-140.321,182.215,41.893
2024-03-17T08:00:00-05:00,2024-03-17 13:00:00+00:00,-67.743,213.394,145.651
2024-03-17T08:05:00-05:00,2024-03-17 13:05:00+00:00,-94.862,436.54,341.678
2024-03-17T08:10:00-05:00,2024-03-17 13:10:00+00:00,-92.682,367.054,274.373
2024-03-17T08:15:00-05:00,2024-03-17 13:15:00+00:00,-192.235,170.299,-21.936
2024-03-17T08:20:00-05:00,2024-03-17 13:20:00+00:00,-196.296,86.61,-109.686
2024-03-17T08:25:00-05:00,2024-03-17 13:25:00+00:00,-171.684,133.313,-38.37
2024-03-17T08:30:00-05:00,2024-03-17 13:30:00+00:00,-113.927,232.546,118.619
2024-03-17T08:35:00-05:00,2024-03-17 13:35:00+00:00,-86.306,368.1,281.794
2024-03-17T08:40:00-05:00,2024-03-17 13:40:00+00:00,-90.739,322.792,232.053
2024-03-17T08:45:00-05:00,2024-03-17 13:45:00+00:00,-175.412,235.62,60.208
2024-03-17T08:50:00-05:00,2024-03-17 13:50:00+00:00,-244.565,206.934,-37.632
2024-03-17T08:55:00-05:00,2024-03-17 13:55:00+00:00,-219.899,198.431,-21.468
2024-03-17T09:00:00-05:00,2024-03-17 14:00:00+00:00,-114.168,346.423,232.255
2024-03-17T09:05:00-05:00,2024-03-17 14:05:00+00:00,-67.575,281.057,213.482
2024-03-17T09:10:00-05:00,2024-03-17 14:10:00+00:00,-132.098,75.641,-56.458
2024-03-17T09:15:00-05:00,2024-03-17 14:15:00+00:00,-215.288,39.077,-176.212
2024-03-17T09:20:00-05:00,2024-03-17 14:20:00+00:00,-244.541,19.447,-225.093
2024-03-17T09:25:00-05:00,2024-03-17 14:25:00+00:00,-131.185,59.486,-71.699
2024-03-17T09:30:00-05:00,2024-03-17 14:30:00+00:00,-181.422,7.386,-174.036
2024-03-17T09:35:00-05:00,2024-03-17 14:35:00+00:00,-174.004,31.418,-142.587
2024-03-17T09:40:00-05:00,2024-03-17 14:40:00+00:00,-69.845,170.564,100.719
2024-03-17T09:45:00-05:00,2024-03-17 14:45:00+00:00,-61.94,301.191,239.251
2024-03-17T09:50:00-05:00,2024-03-17 14:50:00+00:00,-103.256,90.558,-12.698
2024-03-17T09:55:00-05:00,2024-03-17 14:55:00+00:00,-218.714,12.345,-206.369
2024-03-17T10:00:00-05:00,2024-03-17 15:00:00+00:00,-292.105,2.681,-289.424
2024-03-17T10:05:00-05:00,2024-03-17 15:05:00+00:00,-331.882,6.046,-325.836
2024-03-17T10:10:00-05:00,2024-03-17 15:10:00+00:00,-291.939,90.438,-201.501
2024-03-17T10:15:00-05:00,2024-03-17 15:15:00+00:00,-252.805,31.783,-221.021
2024-03-17T10:20:00-05:00,2024-03-17 15:20:00+00:00,-264.462,57.827,-206.635
2024-03-17T10:25:00-05:00,2024-03-17 15:25:00+00:00,-305.321,22.889,-282.432
2024-03-17T10:30:00-05:00,2024-03-17 15:30:00+00:00,-257.592,203.88,-53.712
2024-03-17T10:35:00-05:00,2024-03-17 15:35:00+00:00,-244.129,212.511,-31.618
2024-03-17T10:40:00-05:00,2024-03-17 15:40:00+00:00,-281.213,19.938,-261.275
2024-03-17T10:45:00-05:00,2024-03-17 15:45:00+00:00,-425.548,2.476,-423.072
2024-03-17T10:50:00-05:00,2024-03-17 15:50:00+00:00,-479.437,14.653,-464.784
2024-03-17T10:55:00-05:00,2024-03-17 15:55:00+00:00,-317.66,41.639,-276.022
2024-03-17T11:00:00-05:00,2024-03-17 16:00:00+00:00,-184.88,152.102,-32.778
2024-03-17T11:05:00-05:00,2024-03-17 16:05:00+00:00,-137.018,73.761,-63.257
2024-03-17T11:10:00-05:00,2024-03-17 16:10:00+00:00,-215.804,71.12,-144.684
2024-03-17T11:15:00-05:00,2024-03-17 16:15:00+00:00,-107.821,105.38,-2.441
2024-03-17T11:20:00-05:00,2024-03-17 16:20:00+00:00,-82.31,185.907,103.596
2024-03-17T11:25:00-05:00,2024-03-17 16:25:00+00:00,-191.789,97.954,-93.836
2024-03-17T11:30:00-05:00,2024-03-17 16:30:00+00:00,-342.841,43.526,-299.315
2024-03-17T11:35:00-05:00,2024-03-17 16:35:00+00:00,-439.267,17.168,-422.1
2024-03-17T11:40:00-05:00,2024-03-17 16:40:00+00:00,-352.663,19.719,-332.945
2024-03-17T11:45:00-05:00,2024-03-17 16:45:00+00:00,-210.159,127.809,-82.351
2024-03-17T11:50:00-05:00,2024-03-17 16:50:00+00:00,-141.922,416.089,274.167
2024-03-17T11:55:00-05:00,2024-03-17 16:55:00+00:00,-143.153,434.032,290.879
2024-03-17T12:00:00-05:00,2024-03-17 17:00:00+00:00,-128.581,146.187,17.606
2024-03-17T12:05:00-05:00,2024-03-17 17:05:00+00:00,-186.362,38.003,-148.359
2024-03-17T12:10:00-05:00,2024-03-17 17:10:00+00:00,-108.168,50.152,-58.017
2024-03-17T12:15:00-05:00,2024-03-17 17:15:00+00:00,-161.542,17.325,-144.217
2024-03-17T12:20:00-05:00,2024-03-17 17:20:00+00:00,-241.962,7.816,-234.146
2024-03-17T12:25:00-05:00,2024-03-17 17:25:00+00:00,-291.5,12.282,-279.218
2024-03-17T12:30:00-05:00,2024-03-17 17:30:00+00:00,-235.273,31.515,-203.758
2024-03-17T12:35:00-05:00,2024-03-17 17:35:00+00:00,-169.134,101.775,-67.359
2024-03-17T12:40:00-05:00,2024-03-17 17:40:00+00:00,-167.507,78.005,-89.502
2024-03-17T12:45:00-05:00,2024-03-17 17:45:00+00:00,-148.155,88.297,-59.858
2024-03-17T12:50:00-05:00,2024-03-17 17:50:00+00:00,-254.508,41.574,-212.934
2024-03-17T12:55:00-05:00,2024-03-17 17:55:00+00:00,-385.483,28.637,-356.846
2024-03-17T13:00:00-05:00,2024-03-17 18:00:00+00:00,-376.051,33.701,-342.35
2024-03-17T13:05:00-05:00,2024-03-17 18:05:00+00:00,-345.558,32.09,-313.468
2024-03-17T13:10:00-05:00,2024-03-17 18:10:00+00:00,-325.96,19.221,-306.739
2024-03-17T13:15:00-05:00,2024-03-17 18:15:00+00:00,-274.032,99.746,-174.286
2024-03-17T13:20:00-05:00,2024-03-17 18:20:00+00:00,-319.805,114.049,-205.756
2024-03-17T13:25:00-05:00,2024-03-17 18:25:00+00:00,-350.279,58.608,-291.671
2024-03-17T13:30:00-05:00,2024-03-17 18:30:00+00:00,-456.838,11.78,-445.058
2024-03-17T13:35:00-05:00,2024-03-17 18:35:00+00:00,-468.137,51.768,-416.369
2024-03-17T13:40:00-05:00,2024-03-17 18:40:00+00:00,-364.792,124.898,-239.895
2024-03-17T13:45:00-05:00,2024-03-17 18:45:00+00:00,-432.434,85.147,-347.287
2024-03-17T13:50:00-05:00,2024-03-17 18:50:00+00:00,-403.077,83.633,-319.444
2024-03-17T13:55:00-05:00,2024-03-17 18:55:00+00:00,-301.233,138.822,-162.411
2024-03-17T14:00:00-05:00,2024-03-17 19:00:00+00:00,-244.055,27.296,-216.76
2024-03-17T14:05:00-05:00,2024-03-17 19:05:00+00:00,-396.328,15.766,-380.561
2024-03-17T14:10:00-05:00,2024-03-17 19:10:00+00:00,-499.289,2.027,-497.262
2024-03-17T14:15:00-05:00,2024-03-17 19:15:00+00:00,-538.49,3.186,-535.304
2024-03-17T14:20:00-05:00,2024-03-17 19:20:00+00:00,-406.063,56.587,-349.476
2024-03-17T14:25:00-05:00,2024-03-17 19:25:00+00:00,-201.84,311.962,110.122
2024-03-17T14:30:00-05:00,2024-03-17 19:30:00+00:00,-124.972,253.196,128.224
2024-03-17T14:35:00-05:00,2024-03-17 19:35:00+00:00,-214.208,64.673,-149.535
2024-03-17T14:40:00-05:00,2024-03-17 19:40:00+00:00,-447.993,30.036,-417.957
2024-03-17T14:45:00-05:00,2024-03-17 19:45:00+00:00,-375.748,40.026,-335.722
2024-03-17T14:50:00-05:00,2024-03-17 19:50:00+00:00,-298.606,110.148,-188.458
2024-03-17T14:55:00-05:00,2024-03-17 19:55:00+00:00,-250.766,285.997,35.231
2024-03-17T15:00:00-05:00,2024-03-17 20:00:00+00:00,-296.302,75.764,-220.538
2024-03-17T15:05:00-05:00,2024-03-17 20:05:00+00:00,-277.971,37.22,-240.751
2024-03-17T15:10:00-05:00,2024-03-17 20:10:00+00:00,-144.481,121.781,-22.701
2024-03-17T15:15:00-05:00,2024-03-17 20:15:00+00:00,-99.899,328.614,228.715
2024-03-17T15:20:00-05:00,2024-03-17 20:20:00+00:00,-32.631,654.061,621.431
2024-03-17T15:25:00-05:00,2024-03-17 20:25:00+00:00,-130.565,277.777,147.212
2024-03-17T15:30:00-05:00,2024-03-17 20:30:00+00:00,-417.039,40.064,-376.975
2024-03-17T15:35:00-05:00,2024-03-17 20:35:00+00:00,-611.728,27.272,-584.456
2024-03-17T15:40:00-05:00,2024-03-17 20:40:00+00:00,-408.457,164.953,-243.504
2024-03-17T15:45:00-05:00,2024-03-17 20:45:00+00:00,-272.724,429.849,157.125
2024-03-17T15:50:00-05:00,2024-03-17 20:50:00+00:00,-259.065,125.199,-133.866
2024-03-17T15:55:00-05:00,2024-03-17 20:55:00+00:00,-558.741,7.411,-551.33
2024-03-17T16:00:00-05:00,2024-03-17 21:00:00+00:00,-699.589,13.591,-685.998
2024-03-17T16:05:00-05:00,2024-03-17 21:05:00+00:00,-675.417,27.917,-647.5
2024-03-17T16:10:00-05:00,2024-03-17 21:10:00+00:00,-658.57,9.451,-649.119
2024-03-17T16:15:00-05:00,2024-03-17 21:15:00+00:00,-526.321,159.063,-367.258
2024-03-17T16:20:00-05:00,2024-03-17 21:20:00+00:00,-527.87,518.999,-8.871
2024-03-17T16:25:00-05:00,2024-03-17 21:25:00+00:00,-529.061,251.357,-277.704
2024-03-17T16:30:00-05:00,2024-03-17 21:30:00+00:00,-548.204,24.643,-523.561
2024-03-17T16:35:00-05:00,2024-03-17 21:35:00+00:00,-627.938,21.419,-606.52
2024-03-17T16:40:00-05:00,2024-03-17 21:40:00+00:00,-573.7,75.163,-498.537
2024-03-17T16:45:00-05:00,2024-03-17 21:45:00+00:00,-584.792,18.984,-565.808
2024-03-17T16:50:00-05:00,2024-03-17 21:50:00+00:00,-618.927,4.965,-613.962
2024-03-17T16:55:00-05:00,2024-03-17 21:55:00+00:00,-567.856,7.928,-559.928
2024-03-17T17:00:00-05:00,2024-03-17 22:00:00+00:00,-695.193,5.799,-689.395
2024-03-17T17:05:00-05:00,2024-03-17 22:05:00+00:00,-654.54,31.921,-622.62
2024-03-17T17:10:00-05:00,2024-03-17 22:10:00+00:00,-533.624,190.626,-342.998
2024-03-17T17:15:00-05:00,2024-03-17 22:15:00+00:00,-464.753,345.451,-119.302
2024-03-17T17:20:00-05:00,2024-03-17 22:20:00+00:00,-491.549,152.426,-339.123
2024-03-17T17:25:00-05:00,2024-03-17 22:25:00+00:00,-614.719,44.555,-570.163
2024-03-17T17:30:00-05:00,2024-03-17 22:30:00+00:00,-561.852,31.715,-530.136
2024-03-17T17:35:00-05:00,2024-03-17 22:35:00+00:00,-471.578,28.446,-443.132
2024-03-17T17:40:00-05:00,2024-03-17 22:40:00+00:00,-557.13,16.15,-540.98
2024-03-17T17:45:00-05:00,2024-03-17 22:45:00+00:00,-535.675,40.058,-495.617
2024-03-17T17:50:00-05:00,2024-03-17 22:50:00+00:00,-569.603,17.382,-552.221
2024-03-17T17:55:00-05:00,2024-03-17 22:55:00+00:00,-411.384,151.775,-259.609
2024-03-17T18:00:00-05:00,2024-03-17 23:00:00+00:00,-315.658,382.578,66.92
2024-03-17T18:05:00-05:00,2024-03-17 23:05:00+00:00,-239.067,222.252,-16.816
2024-03-17T18:10:00-05:00,2024-03-17 23:10:00+00:00,-271.13,139.332,-131.798
2024-03-17T18:15:00-05:00,2024-03-17 23:15:00+00:00,-321.006,150.603,-170.403
2024-03-17T18:20:00-05:00,2024-03-17 23:20:00+00:00,-351.87,111.566,-240.304
2024-03-17T18:25:00-05:00,2024-03-17 23:25:00+00:00,-254.182,150.084,-104.097
2024-03-17T18:30:00-05:00,2024-03-17 23:30:00+00:00,-184.307,348.779,164.472
2024-03-17T18:35:00-05:00,2024-03-17 23:35:00+00:00,-174.447,250.313,75.866
2024-03-17T18:40:00-05:00,2024-03-17 23:40:00+00:00,-214.6,149.275,-65.325
2024-03-17T18:45:00-05:00,2024-03-17 23:45:00+00:00,-175.659,168.285,-7.374
2024-03-17T18:50:00-05:00,2024-03-17 23:50:00+00:00,-154.253,368.889,214.637
2024-03-17T18:55:00-05:00,2024-03-17 23:55:00+00:00,-141.963,386.973,245.011
2024-03-17T19:00:00-05:00,2024-03-18 00:00:00+00:00,-114.839,315.477,200.639
2024-03-17T19:05:00-05:00,2024-03-18 00:05:00+00:00,-119.255,156.463,37.208
2024-03-17T19:10:00-05:00,2024-03-18 00:10:00+00:00,-164.437,130.09,-34.347
2024-03-17T19:15:00-05:00,2024-03-18 00:15:00+00:00,-198.729,270.447,71.718
2024-03-17T19:20:00-05:00,2024-03-18 00:20:00+00:00,-231.617,152.25,-79.368
2024-03-17T19:25:00-05:00,2024-03-18 00:25:00+00:00,-177.828,119.329,-58.499
2024-03-17T19:30:00-05:00,2024-03-18 00:30:00+00:00,-66.22,235.733,169.512
2024-03-17T19:35:00-05:00,2024-03-18 00:35:00+00:00,-29.255,364.825,335.569
2024-03-17T19:40:00-05:00,2024-03-18 00:40:00+00:00,-39.72,151.115,111.395
2024-03-17T19:45:00-05:00,2024-03-18 00:45:00+00:00,-34.371,189.645,155.274
2024-03-17T19:50:00-05:00,2024-03-18 00:50:00+00:00,-33.52,359.484,325.964
2024-03-17T19:55:00-05:00,2024-03-18 00:55:00+00:00,-67.412,267.114,199.702
2024-03-17T20:00:00-05:00,2024-03-18 01:00:00+00:00,-30.241,407.882,377.641
2024-03-17T20:05:00-05:00,2024-03-18 01:05:00+00:00,-40.561,434.146,393.585
2024-03-17T20:10:00-05:00,2024-03-18 01:10:00+00:00,-75.641,390.405,314.764
2024-03-17T20:15:00-05:00,2024-03-18 01:15:00+00:00,-97.505,340.3,242.795
2024-03-17T20:20:00-05:00,2024-03-18 01:20:00+00:00,-35.942,410.782,374.84
2024-03-17T20:25:00-05:00,2024-03-18 01:25:00+00:00,-21.372,534.644,513.273
2024-03-17T20:30:00-05:00,2024-03-18 01:30:00+00:00,-20.528,551.845,531.317
2024-03-17T20:35:00-05:00,2024-03-18 01:35:00+00:00,-22.278,505.233,482.955
2024-03-17T20:40:00-05:00,2024-03-18 01:40:00+00:00,-43.055,325.546,282.492
2024-03-17T20:45:00-05:00,2024-03-18 01:45:00+00:00,-101.264,211.105,109.841
2024-03-17T20:50:00-05:00,2024-03-18 01:50:00+00:00,-140.245,240.288,100.043
2024-03-17T20:55:00-05:00,2024-03-18 01:55:00+00:00,-131.424,225.996,94.572
2024-03-17T21:00:00-05:00,2024-03-18 02:00:00+00:00,-199.945,67.58,-132.365
2024-03-17T21:05:00-05:00,2024-03-18 02:05:00+00:00,-209.597,38.893,-170.704
2024-03-17T21:10:00-05:00,2024-03-18 02:10:00+00:00,-216.437,12.966,-203.47
2024-03-17T21:15:00-05:00,2024-03-18 02:15:00+00:00,-248.609,7.892,-240.717
2024-03-17T21:20:00-05:00,2024-03-18 02:20:00+00:00,-202.672,7.09,-195.582
2024-03-17T21:25:00-05:00,2024-03-18 02:25:00+00:00,-124.208,35.821,-88.387
2024-03-17T21:30:00-05:00,2024-03-18 02:30:00+00:00,-99.622,141.238,41.616
2024-03-17T21:35:00-05:00,2024-03-18 02:35:00+00:00,-131.071,65.934,-65.137
2024-03-17T21:40:00-05:00,2024-03-18 02:40:00+00:00,-192.583,80.512,-112.071
2024-03-17T21:45:00-05:00,2024-03-18 02:45:00+00:00,-179.295,83.255,-96.04
2024-03-17T21:50:00-05:00,2024-03-18 02:50:00+00:00,-182.861,159.16,-23.701
2024-03-17T21:55:00-05:00,2024-03-18 02:55:00+00:00,-192.127,21.655,-170.472
2024-03-17T22:00:00-05:00,2024-03-18 03:00:00+00:00,-216.312,15.062,-201.25
2024-03-17T22:05:00-05:00,2024-03-18 03:05:00+00:00,-148.301,69.255,-79.046
2024-03-17T22:10:00-05:00,2024-03-18 03:10:00+00:00,-155.995,90.576,-65.418
2024-03-17T22:15:00-05:00,2024-03-18 03:15:00+00:00,-154.052,101.997,-52.055
2024-03-17T22:20:00-05:00,2024-03-18 03:20:00+00:00,-159.208,108.85,-50.359
2024-03-17T22:25:00-05:00,2024-03-18 03:25:00+00:00,-217.017,66.513,-150.504
2024-03-17T22:30:00-05:00,2024-03-18 03:30:00+00:00,-245.498,55.024,-190.473
2024-03-17T22:35:00-05:00,2024-03-18 03:35:00+00:00,-180.373,147.281,-33.092
2024-03-17T22:40:00-05:00,2024-03-18 03:40:00+00:00,-156.066,242.1,86.033
2024-03-17T22:45:00-05:00,2024-03-18 03:45:00+00:00,-188.116,67.353,-120.764
2024-03-17T22:50:00-05:00,2024-03-18 03:50:00+00:00,-206.477,48.862,-157.615
2024-03-17T22:55:00-05:00,2024-03-18 03:55:00+00:00,-192.263,45.672,-146.592
2024-03-17T23:00:00-05:00,2024-03-18 04:00:00+00:00,-169.846,59.858,-109.988
2024-03-17T23:05:00-05:00,2024-03-18 04:05:00+00:00,-164.073,45.14,-118.934
2024-03-17T23:10:00-05:00,2024-03-18 04:10:00+00:00,-75.235,45.59,-29.645
2024-03-17T23:15:00-05:00,2024-03-18 04:15:00+00:00,-89.687,40.669,-49.018
2024-03-17T23:20:00-05:00,2024-03-18 04:20:00+00:00,-65.827,59.564,-6.263
2024-03-17T23:25:00-05:00,2024-03-18 04:25:00+00:00,-65.259,71.883,6.625
2024-03-17T23:30:00-05:00,2024-03-18 04:30:00+00:00,-17.671,268.195,250.524
2024-03-17T23:35:00-05:00,2024-03-18 04:35:00+00:00,-37.028,104.763,67.735
2024-03-17T23:40:00-05:00,2024-03-18 04:40:00+00:00,-113.683,46.663,-67.02
2024-03-17T23:45:00-05:00,2024-03-18 04:45:00+00:00,-87.239,62.922,-24.316
2024-03-17T23:50:00-05:00,2024-03-18 04:50:00+00:00,-162.954,39.226,-123.728
2024-03-17T23:55:00-05:00,2024-03-18 04:55:00+00:00,-226.278,33.391,-192.888
2024-03-18T00:00:00-05:00,2024-03-18 05:00:00+00:00,-182.018,61.914,-120.104
2024-03-18T00:05:00-05:00,2024-03-18 05:05:00+00:00,-101.63,161.777,60.146
2024-03-18T00:10:00-05:00,2024-03-18 05:10:00+00:00,-107.978,148.046,40.069
2024-03-18T00:15:00-05:00,2024-03-18 05:15:00+00:00,-107.119,146.165,39.046
2024-03-18T00:20:00-05:00,2024-03-18 05:20:00+00:00,-114.189,151.628,37.438
2024-03-18T00:25:00-05:00,2024-03-18 05:25:00+00:00,-168.067,96.265,-71.801
2024-03-18T00:30:00-05:00,2024-03-18 05:30:00+00:00,-185.9,33.361,-152.539
2024-03-18T00:35:00-05:00,2024-03-18 05:35:00+00:00,-154.55,59.197,-95.353
2024-03-18T00:40:00-05:00,2024-03-18 05:40:00+00:00,-129.01,170.182,41.173
2024-03-18T00:45:00-05:00,2024-03-18 05:45:00+00:00,-169.0,129.191,-39.809
2024-03-18T00:50:00-05:00,2024-03-18 05:50:00+00:00,-236.498,117.967,-118.53
2024-03-18T00:55:00-05:00,2024-03-18 05:55:00+00:00,-195.598,185.267,-10.331
2024-03-18T01:00:00-05:00,2024-03-18 06:00:00+00:00,-170.147,241.604,71.457
2024-03-18T01:05:00-05:00,2024-03-18 06:05:00+00:00,-207.087,140.736,-66.35
2024-03-18T01:10:00-05:00,2024-03-18 06:10:00+00:00,-204.8,147.227,-57.573
2024-03-18T01:15:00-05:00,2024-03-18 06:15:00+00:00,-163.088,148.241,-14.847
2024-03-18T01:20:00-05:00,2024-03-18 06:20:00+00:00,-176.771,113.243,-63.528
2024-03-18T01:25:00-05:00,2024-03-18 06:25:00+00:00,-150.661,134.02,-16.642
2024-03-18T01:30:00-05:00,2024-03-18 06:30:00+00:00,-80.994,135.186,54.191
2024-03-18T01:35:00-05:00,2024-03-18 06:35:00+00:00,-89.341,103.136,13.795
2024-03-18T01:40:00-05:00,2024-03-18 06:40:00+00:00,-107.785,110.947,3.163
2024-03-18T01:45:00-05:00,2024-03-18 06:45:00+00:00,-71.138,222.569,151.43
2024-03-18T01:50:00-05:00,2024-03-18 06:50:00+00:00,-72.49,204.418,131.928
2024-03-18T01:55:00-05:00,2024-03-18 06:55:00+00:00,-88.217,239.458,151.241
2024-03-18T02:00:00-05:00,2024-03-18 07:00:00+00:00,-143.57,217.276,73.706
2024-03-18T02:05:00-05:00,2024-03-18 07:05:00+00:00,-160.203,174.074,13.871
2024-03-18T02:10:00-05:00,2024-03-18 07:10:00+00:00,-61.07,158.982,97.911
2024-03-18T02:15:00-05:00,2024-03-18 07:15:00+00:00,-54.695,157.122,102.427
2024-03-18T02:20:00-05:00,2024-03-18 07:20:00+00:00,-51.902,166.181,114.278
2024-03-18T02:25:00-05:00,2024-03-18 07:25:00+00:00,-47.481,172.871,125.39
2024-03-18T02:30:00-05:00,2024-03-18 07:30:00+00:00,-47.964,147.934,99.97
2024-03-18T02:35:00-05:00,2024-03-18 07:35:00+00:00,-51.592,143.33,91.738
2024-03-18T02:40:00-05:00,2024-03-18 07:40:00+00:00,-76.603,151.349,74.746
2024-03-18T02:45:00-05:00,2024-03-18 07:45:00+00:00,-76.287,150.252,73.966
2024-03-18T02:50:00-05:00,2024-03-18 07:50:00+00:00,-72.393,135.379,62.985
2024-03-18T02:55:00-05:00,2024-03-18 07:55:00+00:00,-72.753,142.671,69.918
2024-03-18T03:00:00-05:00,2024-03-18 08:00:00+00:00,-64.997,183.292,118.295
2024-03-18T03:05:00-05:00,2024-03-18 08:05:00+00:00,-37.068,232.368,195.3
2024-03-18T03:10:00-05:00,2024-03-18 08:10:00+00:00,-63.615,142.766,79.151
2024-03-18T03:15:00-05:00,2024-03-18 08:15:00+00:00,-74.322,89.278,14.956
2024-03-18T03:20:00-05:00,2024-03-18 08:20:00+00:00,-131.179,140.351,9.172
2024-03-18T03:25:00-05:00,2024-03-18 08:25:00+00:00,-205.919,118.82,-87.1
2024-03-18T03:30:00-05:00,2024-03-18 08:30:00+00:00,-242.282,118.623,-123.658
2024-03-18T03:35:00-05:00,2024-03-18 08:35:00+00:00,-171.455,124.517,-46.937
2024-03-18T03:40:00-05:00,2024-03-18 08:40:00+00:00,-87.101,72.14,-14.961
2024-03-18T03:45:00-05:00,2024-03-18 08:45:00+00:00,-103.744,91.369,-12.374
2024-03-18T03:50:00-05:00,2024-03-18 08:50:00+00:00,-83.35,163.806,80.456
2024-03-18T03:55:00-05:00,2024-03-18 08:55:00+00:00,-94.032,214.954,120.921
2024-03-18T04:00:00-05:00,2024-03-18 09:00:00+00:00,-91.676,143.121,51.445
2024-03-18T04:05:00-05:00,2024-03-18 09:05:00+00:00,-73.564,104.787,31.223
2024-03-18T04:10:00-05:00,2024-03-18 09:10:00+00:00,-72.04,125.387,53.347
2024-03-18T04:15:00-05:00,2024-03-18 09:15:00+00:00,-175.095,69.068,-106.027
2024-03-18T04:20:00-05:00,2024-03-18 09:20:00+00:00,-152.169,49.041,-103.128
2024-03-18T04:25:00-05:00,2024-03-18 09:25:00+00:00,-54.741,127.413,72.672
2024-03-18T04:30:00-05:00,2024-03-18 09:30:00+00:00,-85.478,141.96,56.482
2024-03-18T04:35:00-05:00,2024-03-18 09:35:00+00:00,-128.911,93.668,-35.243
2024-03-18T04:40:00-05:00,2024-03-18 09:40:00+00:00,-71.083,82.193,11.11
2024-03-18T04:45:00-05:00,2024-03-18 09:45:00+00:00,-104.479,94.662,-9.817
2024-03-18T04:50:00-05:00,2024-03-18 09:50:00+00:00,-130.23,130.315,0.085
2024-03-18T04:55:00-05:00,2024-03-18 09:55:00+00:00,-56.863,215.163,158.3
2024-03-18T05:00:00-05:00,2024-03-18 10:00:00+00:00,-67.132,164.512,97.381
2024-03-18T05:05:00-05:00,2024-03-18 10:05:00+00:00,-96.689,178.166,81.477
2024-03-18T05:10:00-05:00,2024-03-18 10:10:00+00:00,-102.106,254.876,152.771
2024-03-18T05:15:00-05:00,2024-03-18 10:15:00+00:00,-202.267,171.971,-30.296
2024-03-18T05:20:00-05:00,2024-03-18 10:20:00+00:00,-217.386,175.641,-41.745
2024-03-18T05:25:00-05:00,2024-03-18 10:25:00+00:00,-115.094,259.255,144.161
2024-03-18T05:30:00-05:00,2024-03-18 10:30:00+00:00,-68.833,267.402,198.569
2024-03-18T05:35:00-05:00,2024-03-18 10:35:00+00:00,-62.371,248.583,186.212
2024-03-18T05:40:00-05:00,2024-03-18 10:40:00+00:00,-64.691,313.492,248.801
2024-03-18T05:45:00-05:00,2024-03-18 10:45:00+00:00,-75.307,247.752,172.445
2024-03-18T05:50:00-05:00,2024-03-18 10:50:00+00:00,-129.643,139.222,9.579
2024-03-18T05:55:00-05:00,2024-03-18 10:55:00+00:00,-144.33,105.31,-39.02
2024-03-18T06:00:00-05:00,2024-03-18 11:00:00+00:00,-74.138,227.259,153.122
2024-03-18T06:05:00-05:00,2024-03-18 11:05:00+00:00,-65.71,363.814,298.104
2024-03-18T06:10:00-05:00,2024-03-18 11:10:00+00:00,-81.032,437.643,356.611
2024-03-18T06:15:00-05:00,2024-03-18 11:15:00+00:00,-84.993,547.066,462.073
2024-03-18T06:20:00-05:00,2024-03-18 11:20:00+00:00,-81.681,361.322,279.641
2024-03-18T06:25:00-05:00,2024-03-18 11:25:00+00:00,-89.469,325.372,235.903
2024-03-18T06:30:00-05:00,2024-03-18 11:30:00+00:00,-66.084,332.48,266.396
2024-03-18T06:35:00-05:00,2024-03-18 11:35:00+00:00,-61.229,361.111,299.882
2024-03-18T06:40:00-05:00,2024-03-18 11:40:00+00:00,-96.092,446.983,350.89
2024-03-18T06:45:00-05:00,2024-03-18 11:45:00+00:00,-112.757,417.035,304.279
2024-03-18T06:50:00-05:00,2024-03-18 11:50:00+00:00,-69.017,391.446,322.429
2024-03-18T06:55:00-05:00,2024-03-18 11:55:00+00:00,-71.489,495.262,423.774
2024-03-18T07:00:00-05:00,2024-03-18 12:00:00+00:00,-97.271,502.352,405.081
2024-03-18T07:05:00-05:00,2024-03-18 12:05:00+00:00,-134.329,515.301,380.972
2024-03-18T07:10:00-05:00,2024-03-18 12:10:00+00:00,-89.545,640.911,551.365
2024-03-18T07:15:00-05:00,2024-03-18 12:15:00+00:00,-128.502,621.318,492.816
2024-03-18T07:20:00-05:00,2024-03-18 12:20:00+00:00,-100.024,653.655,553.631
2024-03-18T07:25:00-05:00,2024-03-18 12:25:00+00:00,-104.632,647.791,543.159
2024-03-18T07:30:00-05:00,2024-03-18 12:30:00+00:00,-197.095,517.548,320.453
2024-03-18T07:35:00-05:00,2024-03-18 12:35:00+00:00,-148.969,392.421,243.452
2024-03-18T07:40:00-05:00,2024-03-18 12:40:00+00:00,-65.922,329.13,263.208
2024-03-18T07:45:00-05:00,2024-03-18 12:45:00+00:00,-63.265,394.494,331.228
2024-03-18T07:50:00-05:00,2024-03-18 12:50:00+00:00,-109.641,238.5,128.858
2024-03-18T07:55:00-05:00,2024-03-18 12:55:00+00:00,-149.722,256.672,106.949
2024-03-18T08:00:00-05:00,2024-03-18 13:00:00+00:00,-302.648,197.627,-105.021
2024-03-18T08:05:00-05:00,2024-03-18 13:05:00+00:00,-291.798,153.09,-138.709
2024-03-18T08:10:00-05:00,2024-03-18 13:10:00+00:00,-171.291,146.118,-25.173
2024-03-18T08:15:00-05:00,2024-03-18 13:15:00+00:00,-307.892,162.481,-145.411
2024-03-18T08:20:00-05:00,2024-03-18 13:20:00+00:00,-185.656,260.407,74.751
2024-03-18T08:25:00-05:00,2024-03-18 13:25:00+00:00,-121.456,202.671,81.216
2024-03-18T08:30:00-05:00,2024-03-18 13:30:00+00:00,-240.069,163.556,-76.514
2024-03-18T08:35:00-05:00,2024-03-18 13:35:00+00:00,-398.59,121.028,-277.562
2024-03-18T08:40:00-05:00,2024-03-18 13:40:00+00:00,-122.079,238.645,116.566
2024-03-18T08:45:00-05:00,2024-03-18 13:45:00+00:00,-51.711,364.736,313.025
2024-03-18T08:50:00-05:00,2024-03-18 13:50:00+00:00,-120.026,169.134,49.108
2024-03-18T08:55:00-05:00,2024-03-18 13:55:00+00:00,-232.748,124.432,-108.317
2024-03-18T09:00:00-05:00,2024-03-18 14:00:00+00:00,-131.077,98.686,-32.391
2024-03-18T09:05:00-05:00,2024-03-18 14:05:00+00:00,-162.144,49.496,-112.648
2024-03-18T09:10:00-05:00,2024-03-18 14:10:00+00:00,-274.96,16.291,-258.67
2024-03-18T09:15:00-05:00,2024-03-18 14:15:00+00:00,-276.844,23.237,-253.607
2024-03-18T09:20:00-05:00,2024-03-18 14:20:00+00:00,-284.14,23.636,-260.504
2024-03-18T09:25:00-05:00,2024-03-18 14:25:00+00:00,-400.186,31.05,-369.136
2024-03-18T09:30:00-05:00,2024-03-18 14:30:00+00:00,-302.309,48.0,-254.309
2024-03-18T09:35:00-05:00,2024-03-18 14:35:00+00:00,-153.487,218.994,65.508
2024-03-18T09:40:00-05:00,2024-03-18 14:40:00+00:00,-130.643,306.516,175.873
2024-03-18T09:45:00-05:00,2024-03-18 14:45:00+00:00,-224.571,55.528,-169.043
2024-03-18T09:50:00-05:00,2024-03-18 14:50:00+00:00,-488.203,13.643,-474.56
2024-03-18T09:55:00-05:00,2024-03-18 14:55:00+00:00,-617.395,10.442,-606.954
2024-03-18T10:00:00-05:00,2024-03-18 15:00:00+00:00,-546.871,35.535,-511.336
2024-03-18T10:05:00-05:00,2024-03-18 15:05:00+00:00,-382.049,131.674,-250.375
2024-03-18T10:10:00-05:00,2024-03-18 15:10:00+00:00,-442.333,153.394,-288.939
2024-03-18T10:15:00-05:00,2024-03-18 15:15:00+00:00,-523.278,66.472,-456.805
2024-03-18T10:20:00-05:00,2024-03-18 15:20:00+00:00,-709.433,91.944,-617.489
2024-03-18T10:25:00-05:00,2024-03-18 15:25:00+00:00,-762.927,43.866,-719.061
2024-03-18T10:30:00-05:00,2024-03-18 15:30:00+00:00,-621.482,21.972,-599.51
2024-03-18T10:35:00-05:00,2024-03-18 15:35:00+00:00,-494.284,151.088,-343.196
2024-03-18T10:40:00-05:00,2024-03-18 15:40:00+00:00,-471.558,330.294,-141.264
2024-03-18T10:45:00-05:00,2024-03-18 15:45:00+00:00,-532.415,97.834,-434.58
2024-03-18T10:50:00-05:00,2024-03-18 15:50:00+00:00,-680.6,18.54,-662.06
2024-03-18T10:55:00-05:00,2024-03-18 15:55:00+00:00,-638.519,14.285,-624.234
2024-03-18T11:00:00-05:00,2024-03-18 16:00:00+00:00,-508.711,48.826,-459.885
2024-03-18T11:05:00-05:00,2024-03-18 16:05:00+00:00,-520.047,91.896,-428.151
2024-03-18T11:10:00-05:00,2024-03-18 16:10:00+00:00,-529.106,46.676,-482.43
2024-03-18T11:15:00-05:00,2024-03-18 16:15:00+00:00,-502.557,39.923,-462.633
2024-03-18T11:20:00-05:00,2024-03-18 16:20:00+00:00,-549.418,146.727,-402.691
2024-03-18T11:25:00-05:00,2024-03-18 16:25:00+00:00,-712.322,23.417,-688.905
2024-03-18T11:30:00-05:00,2024-03-18 16:30:00+00:00,-836.312,9.559,-826.753
2024-03-18T11:35:00-05:00,2024-03-18 16:35:00+00:00,-730.709,21.357,-709.352
2024-03-18T11:40:00-05:00,2024-03-18 16:40:00+00:00,-603.219,96.623,-506.596
2024-03-18T11:45:00-05:00,2024-03-18 16:45:00+00:00,-641.595,49.031,-592.564
2024-03-18T11:50:00-05:00,2024-03-18 16:50:00+00:00,-608.742,59.808,-548.934
2024-03-18T11:55:00-05:00,2024-03-18 16:55:00+00:00,-589.359,61.387,-527.971
2024-03-18T12:00:00-05:00,2024-03-18 17:00:00+00:00,-598.773,48.026,-550.747
2024-03-18T12:05:00-05:00,2024-03-18 17:05:00+00:00,-437.996,194.19,-243.806
2024-03-18T12:10:00-05:00,2024-03-18 17:10:00+00:00,-320.816,350.117,29.301
2024-03-18T12:15:00-05:00,2024-03-18 17:15:00+00:00,-352.339,162.163,-190.176
2024-03-18T12:20:00-05:00,2024-03-18 17:20:00+00:00,-303.642,215.501,-88.141
2024-03-18T12:25:00-05:00,2024-03-18 17:25:00+00:00,-282.743,165.492,-117.251
2024-03-18T12:30:00-05:00,2024-03-18 17:30:00+00:00,-323.401,36.218,-287.183
2024-03-18T12:35:00-05:00,2024-03-18 17:35:00+00:00,-272.116,66.084,-206.033
2024-03-18T12:40:00-05:00,2024-03-18 17:40:00+00:00,-302.021,37.671,-264.349
2024-03-18T12:45:00-05:00,2024-03-18 17:45:00+00:00,-293.755,40.128,-253.628
2024-03-18T12:50:00-05:00,2024-03-18 17:50:00+00:00,-262.714,50.687,-212.028
2024-03-18T12:55:00-05:00,2024-03-18 17:55:00+00:00,-334.728,29.576,-305.152
2024-03-18T13:00:00-05:00,2024-03-18 18:00:00+00:00,-246.019,45.483,-200.536
2024-03-18T13:05:00-05:00,2024-03-18 18:05:00+00:00,-194.88,51.784,-143.096
2024-03-18T13:10:00-05:00,2024-03-18 18:10:00+00:00,-265.552,19.991,-245.561
2024-03-18T13:15:00-05:00,2024-03-18 18:15:00+00:00,-209.147,24.359,-184.788
2024-03-18T13:20:00-05:00,2024-03-18 18:20:00+00:00,-140.381,50.011,-90.37
2024-03-18T13:25:00-05:00,2024-03-18 18:25:00+00:00,-279.428,27.013,-252.415
2024-03-18T13:30:00-05:00,2024-03-18 18:30:00+00:00,-385.793,23.185,-362.608
2024-03-18T13:35:00-05:00,2024-03-18 18:35:00+00:00,-335.117,45.725,-289.392
2024-03-18T13:40:00-05:00,2024-03-18 18:40:00+00:00,-217.181,190.135,-27.046
2024-03-18T13:45:00-05:00,2024-03-18 18:45:00+00:00,-190.499,234.72,44.222
2024-03-18T13:50:00-05:00,2024-03-18 18:50:00+00:00,-184.489,210.187,25.698
2024-03-18T13:55:00-05:00,2024-03-18 18:55:00+00:00,-340.64,180.293,-160.347
2024-03-18T14:00:00-05:00,2024-03-18 19:00:00+00:00,-688.147,43.04,-645.107
2024-03-18T14:05:00-05:00,2024-03-18 19:05:00+00:00,-715.504,45.296,-670.208
2024-03-18T14:10:00-05:00,2024-03-18 19:10:00+00:00,-415.887,82.947,-332.941
2024-03-18T14:15:00-05:00,2024-03-18 19:15:00+00:00,-434.289,34.608,-399.681
2024-03-18T14:20:00-05:00,2024-03-18 19:20:00+00:00,-518.594,26.899,-491.695
2024-03-18T14:25:00-05:00,2024-03-18 19:25:00+00:00,-467.753,35.36,-432.393
2024-03-18T14:30:00-05:00,2024-03-18 19:30:00+00:00,-343.598,95.723,-247.875
2024-03-18T14:35:00-05:00,2024-03-18 19:35:00+00:00,-295.213,181.914,-113.299
2024-03-18T14:40:00-05:00,2024-03-18 19:40:00+00:00,-356.371,75.614,-280.757
2024-03-18T14:45:00-05:00,2024-03-18 19:45:00+00:00,-270.832,215.851,-54.981
2024-03-18T14:50:00-05:00,2024-03-18 19:50:00+00:00,-216.039,257.322,41.283
2024-03-18T14:55:00-05:00,2024-03-18 19:55:00+00:00,-313.531,23.574,-289.957
2024-03-18T15:00:00-05:00,2024-03-18 20:00:00+00:00,-506.155,2.554,-503.601
2024-03-18T15:05:00-05:00,2024-03-18 20:05:00+00:00,-480.047,3.559,-476.489
2024-03-18T15:10:00-05:00,2024-03-18 20:10:00+00:00,-245.671,52.326,-193.346
2024-03-18T15:15:00-05:00,2024-03-18 20:15:00+00:00,-198.153,137.035,-61.118
2024-03-18T15:20:00-05:00,2024-03-18 20:20:00+00:00,-235.489,66.783,-168.707
2024-03-18T15:25:00-05:00,2024-03-18 20:25:00+00:00,-327.558,15.914,-311.643
2024-03-18T15:30:00-05:00,2024-03-18 20:30:00+00:00,-261.295,32.081,-229.214
2024-03-18T15:35:00-05:00,2024-03-18 20:35:00+00:00,-212.984,115.633,-97.35
2024-03-18T15:40:00-05:00,2024-03-18 20:40:00+00:00,-249.577,83.762,-165.814
2024-03-18T15:45:00-05:00,2024-03-18 20:45:00+00:00,-341.565,18.483,-323.082
2024-03-18T15:50:00-05:00,2024-03-18 20:50:00+00:00,-216.237,23.216,-193.021
2024-03-18T15:55:00-05:00,2024-03-18 20:55:00+00:00,-170.972,114.81,-56.162
2024-03-18T16:00:00-05:00,2024-03-18 21:00:00+00:00,-175.792,163.42,-12.372
2024-03-18T16:05:00-05:00,2024-03-18 21:05:00+00:00,-256.544,22.667,-233.877
2024-03-18T16:10:00-05:00,2024-03-18 21:10:00+00:00,-252.374,44.99,-207.384
2024-03-18T16:15:00-05:00,2024-03-18 21:15:00+00:00,-163.813,53.238,-110.575
2024-03-18T16:20:00-05:00,2024-03-18 21:20:00+00:00,-176.124,29.987,-146.137
2024-03-18T16:25:00-05:00,2024-03-18 21:25:00+00:00,-84.412,97.631,13.22
2024-03-18T16:30:00-05:00,2024-03-18 21:30:00+00:00,-53.087,359.528,306.44
2024-03-18T16:35:00-05:00,2024-03-18 21:35:00+00:00,-70.241,386.143,315.903
2024-03-18T16:40:00-05:00,2024-03-18 21:40:00+00:00,-177.732,67.826,-109.906
2024-03-18T16:45:00-05:00,2024-03-18 21:45:00+00:00,-358.704,25.81,-332.895
2024-03-18T16:50:00-05:00,2024-03-18 21:50:00+00:00,-393.944,7.107,-386.838
2024-03-18T16:55:00-05:00,2024-03-18 21:55:00+00:00,-203.712,31.483,-172.23
2024-03-18T17:00:00-05:00,2024-03-18 22:00:00+00:00,-139.238,125.123,-14.115
2024-03-18T17:05:00-05:00,2024-03-18 22:05:00+00:00,-282.413,76.819,-205.594
2024-03-18T17:10:00-05:00,2024-03-18 22:10:00+00:00,-336.436,24.482,-311.954
2024-03-18T17:15:00-05:00,2024-03-18 22:15:00+00:00,-197.266,143.071,-54.195
2024-03-18T17:20:00-05:00,2024-03-18 22:20:00+00:00,-129.323,265.929,136.607
2024-03-18T17:25:00-05:00,2024-03-18 22:25:00+00:00,-143.408,43.609,-99.799
2024-03-18T17:30:00-05:00,2024-03-18 22:30:00+00:00,-384.323,7.018,-377.305
2024-03-18T17:35:00-05:00,2024-03-18 22:35:00+00:00,-479.706,4.383,-475.322
2024-03-18T17:40:00-05:00,2024-03-18 22:40:00+00:00,-223.958,48.126,-175.832
2024-03-18T17:45:00-05:00,2024-03-18 22:45:00+00:00,-184.124,96.749,-87.375
2024-03-18T17:50:00-05:00,2024-03-18 22:50:00+00:00,-287.147,36.66,-250.487
2024-03-18T17:55:00-05:00,2024-03-18 22:55:00+00:00,-281.461,68.411,-213.05
2024-03-18T18:00:00-05:00,2024-03-18 23:00:00+00:00,-180.764,236.311,55.547
2024-03-18T18:05:00-05:00,2024-03-18 23:05:00+00:00,-180.961,221.052,40.091
2024-03-18T18:10:00-05:00,2024-03-18 23:10:00+00:00,-221.422,87.276,-134.146
2024-03-18T18:15:00-05:00,2024-03-18 23:15:00+00:00,-159.302,166.816,7.513
2024-03-18T18:20:00-05:00,2024-03-18 23:20:00+00:00,-151.211,146.567,-4.643
2024-03-18T18:25:00-05:00,2024-03-18 23:25:00+00:00,-161.914,146.041,-15.873
2024-03-18T18:30:00-05:00,2024-03-18 23:30:00+00:00,-138.379,257.382,119.003
2024-03-18T18:35:00-05:00,2024-03-18 23:35:00+00:00,-190.487,141.6,-48.887
2024-03-18T18:40:00-05:00,2024-03-18 23:40:00+00:00,-111.781,257.692,145.911
2024-03-18T18:45:00-05:00,2024-03-18 23:45:00+00:00,-33.585,245.861,212.276
2024-03-18T18:50:00-05:00,2024-03-18 23:50:00+00:00,-8.298,414.023,405.725
2024-03-18T18:55:00-05:00,2024-03-18 23:55:00+00:00,-9.659,586.876,577.217
2024-03-18T19:00:00-05:00,2024-03-19 00:00:00+00:00,-18.25,537.329,519.079
2024-03-18T19:05:00-05:00,2024-03-19 00:05:00+00:00,-30.378,689.642,659.264
2024-03-18T19:10:00-05:00,2024-03-19 00:10:00+00:00,-66.098,833.346,767.248
2024-03-18T19:15:00-05:00,2024-03-19 00:15:00+00:00,-99.213,943.607,844.394
2024-03-18T19:20:00-05:00,2024-03-19 00:20:00+00:00,-144.195,985.469,841.274
2024-03-18T19:25:00-05:00,2024-03-19 00:25:00+00:00,-83.59,977.144,893.555
2024-03-18T19:30:00-05:00,2024-03-19 00:30:00+00:00,-40.109,1151.864,1111.755
2024-03-18T19:35:00-05:00,2024-03-19 00:35:00+00:00,-61.445,1228.793,1167.348
2024-03-18T19:40:00-05:00,2024-03-19 00:40:00+00:00,-148.06,1104.389,956.329
2024-03-18T19:45:00-05:00,2024-03-19 00:45:00+00:00,-220.458,904.851,684.394
2024-03-18T19:50:00-05:00,2024-03-19 00:50:00+00:00,-244.617,875.133,630.516
2024-03-18T19:55:00-05:00,2024-03-19 00:55:00+00:00,-374.487,789.842,415.355
2024-03-18T20:00:00-05:00,2024-03-19 01:00:00+00:00,-398.364,677.365,279.001
2024-03-18T20:05:00-05:00,2024-03-19 01:05:00+00:00,-138.702,726.009,587.307
2024-03-18T20:10:00-05:00,2024-03-19 01:10:00+00:00,-32.781,794.904,762.123
2024-03-18T20:15:00-05:00,2024-03-19 01:15:00+00:00,-40.345,753.213,712.867
2024-03-18T20:20:00-05:00,2024-03-19 01:20:00+00:00,-31.646,749.881,718.236
2024-03-18T20:25:00-05:00,2024-03-19 01:25:00+00:00,-20.922,873.2,852.278
2024-03-18T20:30:00-05:00,2024-03-19 01:30:00+00:00,-33.614,788.617,755.003
2024-03-18T20:35:00-05:00,2024-03-19 01:35:00+00:00,-66.486,596.281,529.794
2024-03-18T20:40:00-05:00,2024-03-19 01:40:00+00:00,-92.539,456.264,363.726
2024-03-18T20:45:00-05:00,2024-03-19 01:45:00+00:00,-119.603,384.477,264.874
2024-03-18T20:50:00-05:00,2024-03-19 01:50:00+00:00,-116.581,408.818,292.237
2024-03-18T20:55:00-05:00,2024-03-19 01:55:00+00:00,-104.468,367.242,262.774
2024-03-18T21:00:00-05:00,2024-03-19 02:00:00+00:00,-53.523,510.039,456.516
2024-03-18T21:05:00-05:00,2024-03-19 02:05:00+00:00,-22.318,479.538,457.22
2024-03-18T21:10:00-05:00,2024-03-19 02:10:00+00:00,-40.257,388.838,348.58
2024-03-18T21:15:00-05:00,2024-03-19 02:15:00+00:00,-36.782,293.208,256.426
2024-03-18T21:20:00-05:00,2024-03-19 02:20:00+00:00,-34.733,321.558,286.825
2024-03-18T21:25:00-05:00,2024-03-19 02:25:00+00:00,-64.092,188.833,124.741
2024-03-18T21:30:00-05:00,2024-03-19 02:30:00+00:00,-107.634,260.78,153.146
2024-03-18T21:35:00-05:00,2024-03-19 02:35:00+00:00,-166.46,341.092,174.632
2024-03-18T21:40:00-05:00,2024-03-19 02:40:00+00:00,-173.801,236.47,62.669
2024-03-18T21:45:00-05:00,2024-03-19 02:45:00+00:00,-201.242,176.413,-24.83
2024-03-18T21:50:00-05:00,2024-03-19 02:50:00+00:00,-183.029,149.679,-33.35
2024-03-18T21:55:00-05:00,2024-03-19 02:55:00+00:00,-153.805,156.728,2.922
2024-03-18T22:00:00-05:00,2024-03-19 03:00:00+00:00,-93.671,257.172,163.501
2024-03-18T22:05:00-05:00,2024-03-19 03:05:00+00:00,-129.679,202.541,72.862
2024-03-18T22:10:00-05:00,2024-03-19 03:10:00+00:00,-187.398,116.246,-71.152
2024-03-18T22:15:00-05:00,2024-03-19 03:15:00+00:00,-248.807,12.547,-236.26
2024-03-18T22:20:00-05:00,2024-03-19 03:20:00+00:00,-293.575,1.825,-291.749
2024-03-18T22:25:00-05:00,2024-03-19 03:25:00+00:00,-320.523,2.999,-317.524
2024-03-18T22:30:00-05:00,2024-03-19 03:30:00+00:00,-334.675,5.519,-329.155
2024-03-18T22:35:00-05:00,2024-03-19 03:35:00+00:00,-256.56,21.296,-235.264
2024-03-18T22:40:00-05:00,2024-03-19 03:40:00+00:00,-235.281,36.471,-198.81
2024-03-18T22:45:00-05:00,2024-03-19 03:45:00+00:00,-258.278,17.751,-240.527
2024-03-18T22:50:00-05:00,2024-03-19 03:50:00+00:00,-256.528,15.48,-241.047
2024-03-18T22:55:00-05:00,2024-03-19 03:55:00+00:00,-260.285,13.074,-247.211
2024-03-18T23:00:00-05:00,2024-03-19 04:00:00+00:00,-221.905,39.837,-182.068
2024-03-18T23:05:00-05:00,2024-03-19 04:05:00+00:00,-169.126,77.497,-91.629
2024-03-18T23:10:00-05:00,2024-03-19 04:10:00+00:00,-120.978,78.802,-42.176
2024-03-18T23:15:00-05:00,2024-03-19 04:15:00+00:00,-154.139,15.17,-138.969
2024-03-18T23:20:00-05:00,2024-03-19 04:20:00+00:00,-242.865,13.386,-229.479
2024-03-18T23:25:00-05:00,2024-03-19 04:25:00+00:00,-246.213,36.604,-209.609
2024-03-18T23:30:00-05:00,2024-03-19 04:30:00+00:00,-277.388,46.092,-231.296
2024-03-18T23:35:00-05:00,2024-03-19 04:35:00+00:00,-277.215,69.932,-207.283
2024-03-18T23:40:00-05:00,2024-03-19 04:40:00+00:00,-234.472,114.012,-120.461
2024-03-18T23:45:00-05:00,2024-03-19 04:45:00+00:00,-159.233,180.673,21.44
2024-03-18T23:50:00-05:00,2024-03-19 04:50:00+00:00,-167.202,248.902,81.699
2024-03-18T23:55:00-05:00,2024-03-19 04:55:00+00:00,-157.972,194.078,36.106
2024-03-19T00:00:00-05:00,2024-03-19 05:00:00+00:00,-119.833,256.106,136.273
2024-03-19T00:05:00-05:00,2024-03-19 05:05:00+00:00,-55.83,227.613,171.783
2024-03-19T00:10:00-05:00,2024-03-19 05:10:00+00:00,-111.243,174.331,63.088
2024-03-19T00:15:00-05:00,2024-03-19 05:15:00+00:00,-137.882,169.868,31.986
2024-03-19T00:20:00-05:00,2024-03-19 05:20:00+00:00,-205.696,182.861,-22.835
2024-03-19T00:25:00-05:00,2024-03-19 05:25:00+00:00,-210.777,209.15,-1.627
2024-03-19T00:30:00-05:00,2024-03-19 05:30:00+00:00,-137.706,274.432,136.726
2024-03-19T00:35:00-05:00,2024-03-19 05:35:00+00:00,-119.343,295.069,175.726
2024-03-19T00:40:00-05:00,2024-03-19 05:40:00+00:00,-220.336,307.136,86.8
2024-03-19T00:45:00-05:00,2024-03-19 05:45:00+00:00,-230.172,222.219,-7.954
2024-03-19T00:50:00-05:00,2024-03-19 05:50:00+00:00,-223.323,180.609,-42.714
2024-03-19T00:55:00-05:00,2024-03-19 05:55:00+00:00,-208.111,310.003,101.892
2024-03-19T01:00:00-05:00,2024-03-19 06:00:00+00:00,-249.532,252.102,2.571
2024-03-19T01:05:00-05:00,2024-03-19 06:05:00+00:00,-166.957,218.535,51.578
2024-03-19T01:10:00-05:00,2024-03-19 06:10:00+00:00,-54.101,172.779,118.678
2024-03-19T01:15:00-05:00,2024-03-19 06:15:00+00:00,-106.306,160.957,54.651
2024-03-19T01:20:00-05:00,2024-03-19 06:20:00+00:00,-128.55,184.588,56.038
2024-03-19T01:25:00-05:00,2024-03-19 06:25:00+00:00,-141.321,216.33,75.009
2024-03-19T01:30:00-05:00,2024-03-19 06:30:00+00:00,-76.299,259.941,183.642
2024-03-19T01:35:00-05:00,2024-03-19 06:35:00+00:00,-92.095,252.68,160.586
2024-03-19T01:40:00-05:00,2024-03-19 06:40:00+00:00,-110.014,244.934,134.92
2024-03-19T01:45:00-05:00,2024-03-19 06:45:00+00:00,-33.335,214.391,181.056
2024-03-19T01:50:00-05:00,2024-03-19 06:50:00+00:00,-50.676,235.917,185.241
2024-03-19T01:55:00-05:00,2024-03-19 06:55:00+00:00,-108.652,199.271,90.619
2024-03-19T02:00:00-05:00,2024-03-19 07:00:00+00:00,-42.038,200.543,158.504
2024-03-19T02:05:00-05:00,2024-03-19 07:05:00+00:00,-34.616,223.442,188.826
2024-03-19T02:10:00-05:00,2024-03-19 07:10:00+00:00,-59.843,151.992,92.15
2024-03-19T02:15:00-05:00,2024-03-19 07:15:00+00:00,-55.323,86.798,31.475
2024-03-19T02:20:00-05:00,2024-03-19 07:20:00+00:00,-58.302,43.837,-14.465
2024-03-19T02:25:00-05:00,2024-03-19 07:25:00+00:00,-42.902,58.094,15.192
2024-03-19T02:30:00-05:00,2024-03-19 07:30:00+00:00,-20.112,140.558,120.446
2024-03-19T02:35:00-05:00,2024-03-19 07:35:00+00:00,-52.463,145.633,93.17
2024-03-19T02:40:00-05:00,2024-03-19 07:40:00+00:00,-70.193,99.265,29.072
2024-03-19T02:45:00-05:00,2024-03-19 07:45:00+00:00,-58.293,70.642,12.349
2024-03-19T02:50:00-05:00,2024-03-19 07:50:00+00:00,-46.468,80.418,33.95
2024-03-19T02:55:00-05:00,2024-03-19 07:55:00+00:00,-44.478,105.647,61.169
2024-03-19T03:00:00-05:00,2024-03-19 08:00:00+00:00,-74.587,96.876,22.289
2024-03-19T03:05:00-05:00,2024-03-19 08:05:00+00:00,-76.947,99.152,22.205
2024-03-19T03:10:00-05:00,2024-03-19 08:10:00+00:00,-59.871,92.67,32.799
2024-03-19T03:15:00-05:00,2024-03-19 08:15:00+00:00,-30.734,131.332,100.598
2024-03-19T03:20:00-05:00,2024-03-19 08:20:00+00:00,-57.494,111.465,53.971
2024-03-19T03:25:00-05:00,2024-03-19 08:25:00+00:00,-101.396,43.624,-57.772
2024-03-19T03:30:00-05:00,2024-03-19 08:30:00+00:00,-100.308,30.914,-69.393
2024-03-19T03:35:00-05:00,2024-03-19 08:35:00+00:00,-54.688,83.298,28.61
2024-03-19T03:40:00-05:00,2024-03-19 08:40:00+00:00,-79.494,68.786,-10.707
2024-03-19T03:45:00-05:00,2024-03-19 08:45:00+00:00,-88.227,76.295,-11.932
2024-03-19T03:50:00-05:00,2024-03-19 08:50:00+00:00,-45.822,101.408,55.586
2024-03-19T03:55:00-05:00,2024-03-19 08:55:00+00:00,-65.981,64.884,-1.097
2024-03-19T04:00:00-05:00,2024-03-19 09:00:00+00:00,-140.53,28.733,-111.797
2024-03-19T04:05:00-05:00,2024-03-19 09:05:00+00:00,-165.042,50.557,-114.486
2024-03-19T04:10:00-05:00,2024-03-19 09:10:00+00:00,-68.583,98.992,30.409
2024-03-19T04:15:00-05:00,2024-03-19 09:15:00+00:00,-148.887,11.275,-137.612
2024-03-19T04:20:00-05:00,2024-03-19 09:20:00+00:00,-162.276,8.093,-154.184
2024-03-19T04:25:00-05:00,2024-03-19 09:25:00+00:00,-105.844,49.396,-56.448
2024-03-19T04:30:00-05:00,2024-03-19 09:30:00+00:00,-145.04,78.725,-66.315
2024-03-19T04:35:00-05:00,2024-03-19 09:35:00+00:00,-96.426,70.462,-25.965
2024-03-19T04:40:00-05:00,2024-03-19 09:40:00+00:00,-78.886,103.662,24.775
2024-03-19T04:45:00-05:00,2024-03-19 09:45:00+00:00,-117.92,61.896,-56.024
2024-03-19T04:50:00-05:00,2024-03-19 09:50:00+00:00,-206.043,21.882,-184.161
2024-03-19T04:55:00-05:00,2024-03-19 09:55:00+00:00,-254.054,21.722,-232.332
2024-03-19T05:00:00-05:00,2024-03-19 10:00:00+00:00,-276.287,30.66,-245.627
2024-03-19T05:05:00-05:00,2024-03-19 10:05:00+00:00,-247.469,176.438,-71.031
2024-03-19T05:10:00-05:00,2024-03-19 10:10:00+00:00,-245.106,418.559,173.453
2024-03-19T05:15:00-05:00,2024-03-19 10:15:00+00:00,-124.745,141.733,16.988
2024-03-19T05:20:00-05:00,2024-03-19 10:20:00+00:00,-361.851,20.373,-341.478
2024-03-19T05:25:00-05:00,2024-03-19 10:25:00+00:00,-400.645,50.804,-349.841
2024-03-19T05:30:00-05:00,2024-03-19 10:30:00+00:00,-349.804,71.552,-278.252
2024-03-19T05:35:00-05:00,2024-03-19 10:35:00+00:00,-230.243,54.881,-175.362
2024-03-19T05:40:00-05:00,2024-03-19 10:40:00+00:00,-187.143,82.594,-104.549
2024-03-19T05:45:00-05:00,2024-03-19 10:45:00+00:00,-155.667,67.87,-87.798
2024-03-19T05:50:00-05:00,2024-03-19 10:50:00+00:00,-26.126,164.351,138.225
2024-03-19T05:55:00-05:00,2024-03-19 10:55:00+00:00,-32.854,244.199,211.345
2024-03-19T06:00:00-05:00,2024-03-19 11:00:00+00:00,-139.752,164.785,25.033
2024-03-19T06:05:00-05:00,2024-03-19 11:05:00+00:00,-151.577,276.214,124.637
2024-03-19T06:10:00-05:00,2024-03-19 11:10:00+00:00,-115.8,394.302,278.502
2024-03-19T06:15:00-05:00,2024-03-19 11:15:00+00:00,-142.879,390.648,247.769
2024-03-19T06:20:00-05:00,2024-03-19 11:20:00+00:00,-96.079,497.036,400.956
2024-03-19T06:25:00-05:00,2024-03-19 11:25:00+00:00,-98.062,581.773,483.711
2024-03-19T06:30:00-05:00,2024-03-19 11:30:00+00:00,-111.499,602.354,490.855
2024-03-19T06:35:00-05:00,2024-03-19 11:35:00+00:00,-123.882,499.578,375.696
2024-03-19T06:40:00-05:00,2024-03-19 11:40:00+00:00,-116.237,532.98,416.743
2024-03-19T06:45:00-05:00,2024-03-19 11:45:00+00:00,-163.881,348.293,184.412
2024-03-19T06:50:00-05:00,2024-03-19 11:50:00+00:00,-223.786,216.892,-6.894
2024-03-19T06:55:00-05:00,2024-03-19 11:55:00+00:00,-125.727,208.962,83.235
2024-03-19T07:00:00-05:00,2024-03-19 12:00:00+00:00,-52.652,506.91,454.258
2024-03-19T07:05:00-05:00,2024-03-19 12:05:00+00:00,-50.701,552.153,501.452
2024-03-19T07:10:00-05:00,2024-03-19 12:10:00+00:00,-60.533,510.891,450.358
2024-03-19T07:15:00-05:00,2024-03-19 12:15:00+00:00,-168.131,382.957,214.826
2024-03-19T07:20:00-05:00,2024-03-19 12:20:00+00:00,-304.627,288.586,-16.041
2024-03-19T07:25:00-05:00,2024-03-19 12:25:00+00:00,-429.029,168.702,-260.327
2024-03-19T07:30:00-05:00,2024-03-19 12:30:00+00:00,-369.768,263.504,-106.264
2024-03-19T07:35:00-05:00,2024-03-19 12:35:00+00:00,-305.451,442.238,136.787
2024-03-19T07:40:00-05:00,2024-03-19 12:40:00+00:00,-261.929,442.418,180.488
2024-03-19T07:45:00-05:00,2024-03-19 12:45:00+00:00,-263.562,217.633,-45.929
2024-03-19T07:50:00-05:00,2024-03-19 12:50:00+00:00,-278.077,103.431,-174.645
2024-03-19T07:55:00-05:00,2024-03-19 12:55:00+00:00,-208.365,315.936,107.571
2024-03-19T08:00:00-05:00,2024-03-19 13:00:00+00:00,-178.306,341.587,163.282
2024-03-19T08:05:00-05:00,2024-03-19 13:05:00+00:00,-194.431,156.7,-37.73
2024-03-19T08:10:00-05:00,2024-03-19 13:10:00+00:00,-384.169,52.492,-331.677
2024-03-19T08:15:00-05:00,2024-03-19 13:15:00+00:00,-494.104,29.774,-464.33
2024-03-19T08:20:00-05:00,2024-03-19 13:20:00+00:00,-294.071,40.635,-253.436
2024-03-19T08:25:00-05:00,2024-03-19 13:25:00+00:00,-130.366,74.682,-55.684
2024-03-19T08:30:00-05:00,2024-03-19 13:30:00+00:00,-252.853,40.882,-211.971
2024-03-19T08:35:00-05:00,2024-03-19 13:35:00+00:00,-125.288,39.188,-86.1
2024-03-19T08:40:00-05:00,2024-03-19 13:40:00+00:00,-70.908,65.756,-5.152
2024-03-19T08:45:00-05:00,2024-03-19 13:45:00+00:00,-170.055,25.305,-144.751
2024-03-19T08:50:00-05:00,2024-03-19 13:50:00+00:00,-332.521,27.493,-305.028
2024-03-19T08:55:00-05:00,2024-03-19 13:55:00+00:00,-264.01,18.191,-245.819
2024-03-19T09:00:00-05:00,2024-03-19 14:00:00+00:00,-378.204,11.378,-366.826
2024-03-19T09:05:00-05:00,2024-03-19 14:05:00+00:00,-382.34,29.955,-352.385
2024-03-19T09:10:00-05:00,2024-03-19 14:10:00+00:00,-433.231,70.0,-363.231
2024-03-19T09:15:00-05:00,2024-03-19 14:15:00+00:00,-327.765,229.116,-98.649
2024-03-19T09:20:00-05:00,2024-03-19 14:20:00+00:00,-299.479,200.718,-98.761
2024-03-19T09:25:00-05:00,2024-03-19 14:25:00+00:00,-182.022,366.447,184.426
2024-03-19T09:30:00-05:00,2024-03-19 14:30:00+00:00,-118.297,370.729,252.432
2024-03-19T09:35:00-05:00,2024-03-19 14:35:00+00:00,-161.194,282.848,121.654
2024-03-19T09:40:00-05:00,2024-03-19 14:40:00+00:00,-289.913,68.04,-221.873
2024-03-19T09:45:00-05:00,2024-03-19 14:45:00+00:00,-519.63,32.593,-487.037
2024-03-19T09:50:00-05:00,2024-03-19 14:50:00+00:00,-637.617,33.95,-603.667
2024-03-19T09:55:00-05:00,2024-03-19 14:55:00+00:00,-382.697,82.498,-300.198
2024-03-19T10:00:00-05:00,2024-03-19 15:00:00+00:00,-289.495,70.965,-218.53
2024-03-19T10:05:00-05:00,2024-03-19 15:05:00+00:00,-311.752,43.922,-267.83
2024-03-19T10:10:00-05:00,2024-03-19 15:10:00+00:00,-473.84,42.804,-431.036
2024-03-19T10:15:00-05:00,2024-03-19 15:15:00+00:00,-625.146,23.154,-601.991
2024-03-19T10:20:00-05:00,2024-03-19 15:20:00+00:00,-566.832,42.565,-524.267
2024-03-19T10:25:00-05:00,2024-03-19 15:25:00+00:00,-585.921,53.403,-532.518
2024-03-19T10:30:00-05:00,2024-03-19 15:30:00+00:00,-598.374,66.827,-531.547
2024-03-19T10:35:00-05:00,2024-03-19 15:35:00+00:00,-556.541,107.694,-448.847
2024-03-19T10:40:00-05:00,2024-03-19 15:40:00+00:00,-487.945,163.609,-324.336
2024-03-19T10:45:00-05:00,2024-03-19 15:45:00+00:00,-628.913,56.811,-572.102
2024-03-19T10:50:00-05:00,2024-03-19 15:50:00+00:00,-814.219,58.241,-755.977
2024-03-19T10:55:00-05:00,2024-03-19 15:55:00+00:00,-770.356,81.093,-689.262
2024-03-19T11:00:00-05:00,2024-03-19 16:00:00+00:00,-566.854,173.624,-393.23
2024-03-19T11:05:00-05:00,2024-03-19 16:05:00+00:00,-564.81,220.363,-344.447
2024-03-19T11:10:00-05:00,2024-03-19 16:10:00+00:00,-585.751,139.391,-446.36
2024-03-19T11:15:00-05:00,2024-03-19 16:15:00+00:00,-752.152,38.054,-714.098
2024-03-19T11:20:00-05:00,2024-03-19 16:20:00+00:00,-627.742,105.552,-522.191
2024-03-19T11:25:00-05:00,2024-03-19 16:25:00+00:00,-517.471,174.645,-342.827
2024-03-19T11:30:00-05:00,2024-03-19 16:30:00+00:00,-565.517,50.129,-515.387
2024-03-19T11:35:00-05:00,2024-03-19 16:35:00+00:00,-760.855,22.919,-737.936
2024-03-19T11:40:00-05:00,2024-03-19 16:40:00+00:00,-690.026,43.859,-646.167
2024-03-19T11:45:00-05:00,2024-03-19 16:45:00+00:00,-650.465,57.785,-592.68
2024-03-19T11:50:00-05:00,2024-03-19 16:50:00+00:00,-645.433,76.832,-568.601
2024-03-19T11:55:00-05:00,2024-03-19 16:55:00+00:00,-675.705,119.479,-556.226
2024-03-19T12:00:00-05:00,2024-03-19 17:00:00+00:00,-704.216,241.55,-462.666
2024-03-19T12:05:00-05:00,2024-03-19 17:05:00+00:00,-715.508,176.457,-539.051
2024-03-19T12:10:00-05:00,2024-03-19 17:10:00+00:00,-837.779,93.731,-744.048
2024-03-19T12:15:00-05:00,2024-03-19 17:15:00+00:00,-925.325,35.051,-890.274
2024-03-19T12:20:00-05:00,2024-03-19 17:20:00+00:00,-814.895,71.877,-743.018
2024-03-19T12:25:00-05:00,2024-03-19 17:25:00+00:00,-707.221,149.79,-557.431
2024-03-19T12:30:00-05:00,2024-03-19 17:30:00+00:00,-670.239,123.695,-546.544
2024-03-19T12:35:00-05:00,2024-03-19 17:35:00+00:00,-511.119,119.399,-391.721
2024-03-19T12:40:00-05:00,2024-03-19 17:40:00+00:00,-512.127,35.608,-476.519
2024-03-19T12:45:00-05:00,2024-03-19 17:45:00+00:00,-747.022,30.409,-716.613
2024-03-19T12:50:00-05:00,2024-03-19 17:50:00+00:00,-646.493,42.571,-603.922
2024-03-19T12:55:00-05:00,2024-03-19 17:55:00+00:00,-577.817,43.584,-534.232
2024-03-19T13:00:00-05:00,2024-03-19 18:00:00+00:00,-611.364,40.987,-570.377
2024-03-19T13:05:00-05:00,2024-03-19 18:05:00+00:00,-482.214,101.944,-380.27
2024-03-19T13:10:00-05:00,2024-03-19 18:10:00+00:00,-307.382,227.625,-79.756
2024-03-19T13:15:00-05:00,2024-03-19 18:15:00+00:00,-341.916,225.638,-116.278
2024-03-19T13:20:00-05:00,2024-03-19 18:20:00+00:00,-512.977,79.643,-433.334
2024-03-19T13:25:00-05:00,2024-03-19 18:25:00+00:00,-656.2,27.956,-628.244
2024-03-19T13:30:00-05:00,2024-03-19 18:30:00+00:00,-647.247,58.245,-589.002
2024-03-19T13:35:00-05:00,2024-03-19 18:35:00+00:00,-445.01,111.681,-333.33
2024-03-19T13:40:00-05:00,2024-03-19 18:40:00+00:00,-438.938,175.299,-263.638
2024-03-19T13:45:00-05:00,2024-03-19 18:45:00+00:00,-321.181,256.73,-64.45
2024-03-19T13:50:00-05:00,2024-03-19 18:50:00+00:00,-291.653,206.885,-84.768
2024-03-19T13:55:00-05:00,2024-03-19 18:55:00+00:00,-430.112,43.147,-386.964
2024-03-19T14:00:00-05:00,2024-03-19 19:00:00+00:00,-527.166,22.644,-504.522
2024-03-19T14:05:00-05:00,2024-03-19 19:05:00+00:00,-445.719,33.743,-411.976
2024-03-19T14:10:00-05:00,2024-03-19 19:10:00+00:00,-165.925,88.148,-77.776
2024-03-19T14:15:00-05:00,2024-03-19 19:15:00+00:00,-134.26,133.239,-1.021
2024-03-19T14:20:00-05:00,2024-03-19 19:20:00+00:00,-287.813,58.82,-228.993
2024-03-19T14:25:00-05:00,2024-03-19 19:25:00+00:00,-485.736,11.52,-474.215
2024-03-19T14:30:00-05:00,2024-03-19 19:30:00+00:00,-376.415,26.865,-349.55
2024-03-19T14:35:00-05:00,2024-03-19 19:35:00+00:00,-120.546,120.767,0.221
2024-03-19T14:40:00-05:00,2024-03-19 19:40:00+00:00,-124.155,98.242,-25.913
2024-03-19T14:45:00-05:00,2024-03-19 19:45:00+00:00,-133.6,71.044,-62.557
2024-03-19T14:50:00-05:00,2024-03-19 19:50:00+00:00,-101.16,104.05,2.891
2024-03-19T14:55:00-05:00,2024-03-19 19:55:00+00:00,-81.809,225.069,143.259
2024-03-19T15:00:00-05:00,2024-03-19 20:00:00+00:00,-75.728,193.639,117.911
2024-03-19T15:05:00-05:00,2024-03-19 20:05:00+00:00,-116.796,177.881,61.085
2024-03-19T15:10:00-05:00,2024-03-19 20:10:00+00:00,-260.117,89.725,-170.393
2024-03-19T15:15:00-05:00,2024-03-19 20:15:00+00:00,-449.697,55.147,-394.549
2024-03-19T15:20:00-05:00,2024-03-19 20:20:00+00:00,-509.548,20.817,-488.731
2024-03-19T15:25:00-05:00,2024-03-19 20:25:00+00:00,-261.625,77.204,-184.42
2024-03-19T15:30:00-05:00,2024-03-19 20:30:00+00:00,-160.72,202.906,42.186
2024-03-19T15:35:00-05:00,2024-03-19 20:35:00+00:00,-217.275,99.99,-117.285
2024-03-19T15:40:00-05:00,2024-03-19 20:40:00+00:00,-395.192,19.828,-375.364
2024-03-19T15:45:00-05:00,2024-03-19 20:45:00+00:00,-247.299,52.067,-195.232
2024-03-19T15:50:00-05:00,2024-03-19 20:50:00+00:00,-161.868,76.899,-84.969
2024-03-19T15:55:00-05:00,2024-03-19 20:55:00+00:00,-210.184,38.934,-171.25
2024-03-19T16:00:00-05:00,2024-03-19 21:00:00+00:00,-168.773,57.77,-111.003
2024-03-19T16:05:00-05:00,2024-03-19 21:05:00+00:00,-93.644,124.528,30.884
2024-03-19T16:10:00-05:00,2024-03-19 21:10:00+00:00,-47.947,161.051,113.103
2024-03-19T16:15:00-05:00,2024-03-19 21:15:00+00:00,-44.006,146.354,102.348
2024-03-19T16:20:00-05:00,2024-03-19 21:20:00+00:00,-84.694,30.372,-54.322
2024-03-19T16:25:00-05:00,2024-03-19 21:25:00+00:00,-175.582,42.993,-132.589
2024-03-19T16:30:00-05:00,2024-03-19 21:30:00+00:00,-147.016,44.008,-103.008
2024-03-19T16:35:00-05:00,2024-03-19 21:35:00+00:00,-244.258,13.466,-230.793
2024-03-19T16:40:00-05:00,2024-03-19 21:40:00+00:00,-282.627,26.765,-255.862
2024-03-19T16:45:00-05:00,2024-03-19 21:45:00+00:00,-98.234,94.766,-3.468
2024-03-19T16:50:00-05:00,2024-03-19 21:50:00+00:00,-44.287,232.326,188.039
2024-03-19T16:55:00-05:00,2024-03-19 21:55:00+00:00,-124.471,97.87,-26.601
2024-03-19T17:00:00-05:00,2024-03-19 22:00:00+00:00,-252.018,32.443,-219.575
2024-03-19T17:05:00-05:00,2024-03-19 22:05:00+00:00,-229.618,28.097,-201.52
2024-03-19T17:10:00-05:00,2024-03-19 22:10:00+00:00,-202.804,62.389,-140.416
2024-03-19T17:15:00-05:00,2024-03-19 22:15:00+00:00,-130.612,166.86,36.249
2024-03-19T17:20:00-05:00,2024-03-19 22:20:00+00:00,-189.915,95.346,-94.569
2024-03-19T17:25:00-05:00,2024-03-19 22:25:00+00:00,-170.66,86.392,-84.268
2024-03-19T17:30:00-05:00,2024-03-19 22:30:00+00:00,-123.537,77.904,-45.634
2024-03-19T17:35:00-05:00,2024-03-19 22:35:00+00:00,-175.12,34.538,-140.582
2024-03-19T17:40:00-05:00,2024-03-19 22:40:00+00:00,-224.455,31.601,-192.853
2024-03-19T17:45:00-05:00,2024-03-19 22:45:00+00:00,-273.041,18.089,-254.952
2024-03-19T17:50:00-05:00,2024-03-19 22:50:00+00:00,-414.865,14.198,-400.666
2024-03-19T17:55:00-05:00,2024-03-19 22:55:00+00:00,-370.139,27.167,-342.971
2024-03-19T18:00:00-05:00,2024-03-19 23:00:00+00:00,-276.596,120.076,-156.521
2024-03-19T18:05:00-05:00,2024-03-19 23:05:00+00:00,-193.905,213.562,19.657
2024-03-19T18:10:00-05:00,2024-03-19 23:10:00+00:00,-252.334,17.157,-235.176
2024-03-19T18:15:00-05:00,2024-03-19 23:15:00+00:00,-302.063,13.687,-288.376
2024-03-19T18:20:00-05:00,2024-03-19 23:20:00+00:00,-325.366,40.47,-284.896
2024-03-19T18:25:00-05:00,2024-03-19 23:25:00+00:00,-195.796,114.083,-81.714
2024-03-19T18:30:00-05:00,2024-03-19 23:30:00+00:00,-151.888,340.871,188.982
2024-03-19T18:35:00-05:00,2024-03-19 23:35:00+00:00,-156.523,358.647,202.124
2024-03-19T18:40:00-05:00,2024-03-19 23:40:00+00:00,-147.665,329.384,181.718
2024-03-19T18:45:00-05:00,2024-03-19 23:45:00+00:00,-224.289,165.542,-58.747
2024-03-19T18:50:00-05:00,2024-03-19 23:50:00+00:00,-149.869,236.396,86.527
2024-03-19T18:55:00-05:00,2024-03-19 23:55:00+00:00,-133.766,259.704,125.939
2024-03-19T19:00:00-05:00,2024-03-20 00:00:00+00:00,-107.228,618.142,510.913
2024-03-19T19:05:00-05:00,2024-03-20 00:05:00+00:00,-138.437,652.311,513.874
2024-03-19T19:10:00-05:00,2024-03-20 00:10:00+00:00,-130.397,596.109,465.713
2024-03-19T19:15:00-05:00,2024-03-20 00:15:00+00:00,-120.173,523.952,403.78
2024-03-19T19:20:00-05:00,2024-03-20 00:20:00+00:00,-76.974,864.029,787.056
2024-03-19T19:25:00-05:00,2024-03-20 00:25:00+00:00,-18.098,875.168,857.07
2024-03-19T19:30:00-05:00,2024-03-20 00:30:00+00:00,-29.039,816.913,787.874
2024-03-19T19:35:00-05:00,2024-03-20 00:35:00+00:00,-21.359,766.58,745.221
2024-03-19T19:40:00-05:00,2024-03-20 00:40:00+00:00,-36.987,691.002,654.016
2024-03-19T19:45:00-05:00,2024-03-20 00:45:00+00:00,-97.09,748.272,651.182
2024-03-19T19:50:00-05:00,2024-03-20 00:50:00+00:00,-141.835,744.781,602.946
2024-03-19T19:55:00-05:00,2024-03-20 00:55:00+00:00,-140.554,668.908,528.353
2024-03-19T20:00:00-05:00,2024-03-20 01:00:00+00:00,-148.722,587.345,438.623
2024-03-19T20:05:00-05:00,2024-03-20 01:05:00+00:00,-70.625,502.879,432.253
2024-03-19T20:10:00-05:00,2024-03-20 01:10:00+00:00,-52.913,471.712,418.799
2024-03-19T20:15:00-05:00,2024-03-20 01:15:00+00:00,-183.126,502.39,319.265
2024-03-19T20:20:00-05:00,2024-03-20 01:20:00+00:00,-241.209,488.676,247.467
2024-03-19T20:25:00-05:00,2024-03-20 01:25:00+00:00,-173.409,427.565,254.156
2024-03-19T20:30:00-05:00,2024-03-20 01:30:00+00:00,-150.122,418.664,268.542
2024-03-19T20:35:00-05:00,2024-03-20 01:35:00+00:00,-207.533,430.881,223.348
2024-03-19T20:40:00-05:00,2024-03-20 01:40:00+00:00,-146.233,411.442,265.209
2024-03-19T20:45:00-05:00,2024-03-20 01:45:00+00:00,-138.138,426.732,288.594
2024-03-19T20:50:00-05:00,2024-03-20 01:50:00+00:00,-206.894,361.172,154.279
2024-03-19T20:55:00-05:00,2024-03-20 01:55:00+00:00,-189.783,213.485,23.702
2024-03-19T21:00:00-05:00,2024-03-20 02:00:00+00:00,-165.668,127.982,-37.687
2024-03-19T21:05:00-05:00,2024-03-20 02:05:00+00:00,-73.264,99.025,25.761
2024-03-19T21:10:00-05:00,2024-03-20 02:10:00+00:00,-45.739,198.926,153.187
2024-03-19T21:15:00-05:00,2024-03-20 02:15:00+00:00,-84.846,181.273,96.427
2024-03-19T21:20:00-05:00,2024-03-20 02:20:00+00:00,-90.088,164.65,74.562
2024-03-19T21:25:00-05:00,2024-03-20 02:25:00+00:00,-60.839,182.737,121.898
2024-03-19T21:30:00-05:00,2024-03-20 02:30:00+00:00,-46.57,185.215,138.645
2024-03-19T21:35:00-05:00,2024-03-20 02:35:00+00:00,-64.723,138.285,73.561
2024-03-19T21:40:00-05:00,2024-03-20 02:40:00+00:00,-63.0,139.537,76.536
2024-03-19T21:45:00-05:00,2024-03-20 02:45:00+00:00,-70.81,129.786,58.976
2024-03-19T21:50:00-05:00,2024-03-20 02:50:00+00:00,-99.137,112.495,13.357
2024-03-19T21:55:00-05:00,2024-03-20 02:55:00+00:00,-110.247,114.656,4.41
2024-03-19T22:00:00-05:00,2024-03-20 03:00:00+00:00,-95.516,84.256,-11.26
2024-03-19T22:05:00-05:00,2024-03-20 03:05:00+00:00,-162.13,40.756,-121.374
2024-03-19T22:10:00-05:00,2024-03-20 03:10:00+00:00,-229.357,31.815,-197.542
2024-03-19T22:15:00-05:00,2024-03-20 03:15:00+00:00,-210.032,55.096,-154.936
2024-03-19T22:20:00-05:00,2024-03-20 03:20:00+00:00,-257.247,63.331,-193.915
2024-03-19T22:25:00-05:00,2024-03-20 03:25:00+00:00,-293.324,107.182,-186.142
2024-03-19T22:30:00-05:00,2024-03-20 03:30:00+00:00,-237.567,186.537,-51.03
2024-03-19T22:35:00-05:00,2024-03-20 03:35:00+00:00,-271.14,139.248,-131.892
2024-03-19T22:40:00-05:00,2024-03-20 03:40:00+00:00,-332.328,112.919,-219.409
2024-03-19T22:45:00-05:00,2024-03-20 03:45:00+00:00,-289.283,184.949,-104.333
2024-03-19T22:50:00-05:00,2024-03-20 03:50:00+00:00,-210.489,266.097,55.608
2024-03-19T22:55:00-05:00,2024-03-20 03:55:00+00:00,-266.973,204.851,-62.122
2024-03-19T23:00:00-05:00,2024-03-20 04:00:00+00:00,-361.212,174.4,-186.812
2024-03-19T23:05:00-05:00,2024-03-20 04:05:00+00:00,-492.49,177.604,-314.887
2024-03-19T23:10:00-05:00,2024-03-20 04:10:00+00:00,-449.857,176.525,-273.332
2024-03-19T23:15:00-05:00,2024-03-20 04:15:00+00:00,-453.327,89.972,-363.355
2024-03-19T23:20:00-05:00,2024-03-20 04:20:00+00:00,-482.383,54.458,-427.925
2024-03-19T23:25:00-05:00,2024-03-20 04:25:00+00:00,-437.67,76.831,-360.839
2024-03-19T23:30:00-05:00,2024-03-20 04:30:00+00:00,-546.03,62.782,-483.247
2024-03-19T23:35:00-05:00,2024-03-20 04:35:00+00:00,-589.164,52.137,-537.028
2024-03-19T23:40:00-05:00,2024-03-20 04:40:00+00:00,-514.337,41.407,-472.931
2024-03-19T23:45:00-05:00,2024-03-20 04:45:00+00:00,-486.812,43.64,-443.173
2024-03-19T23:50:00-05:00,2024-03-20 04:50:00+00:00,-421.797,59.467,-362.329
2024-03-19T23:55:00-05:00,2024-03-20 04:55:00+00:00,-322.543,124.505,-198.038
2024-03-20T00:00:00-05:00,2024-03-20 05:00:00+00:00,-333.656,137.388,-196.267
2024-03-20T00:05:00-05:00,2024-03-20 05:05:00+00:00,-397.384,99.367,-298.017
2024-03-20T00:10:00-05:00,2024-03-20 05:10:00+00:00,-480.126,92.912,-387.214
2024-03-20T00:15:00-05:00,2024-03-20 05:15:00+00:00,-368.963,96.196,-272.767
2024-03-20T00:20:00-05:00,2024-03-20 05:20:00+00:00,-368.951,106.007,-262.944
2024-03-20T00:25:00-05:00,2024-03-20 05:25:00+00:00,-414.115,105.75,-308.365
2024-03-20T00:30:00-05:00,2024-03-20 05:30:00+00:00,-509.772,75.512,-434.261
2024-03-20T00:35:00-05:00,2024-03-20 05:35:00+00:00,-566.805,38.817,-527.988
2024-03-20T00:40:00-05:00,2024-03-20 05:40:00+00:00,-397.689,86.602,-311.087
2024-03-20T00:45:00-05:00,2024-03-20 05:45:00+00:00,-282.994,172.886,-110.108
2024-03-20T00:50:00-05:00,2024-03-20 05:50:00+00:00,-260.422,128.834,-131.589
2024-03-20T00:55:00-05:00,2024-03-20 05:55:00+00:00,-276.82,64.994,-211.826
2024-03-20T01:00:00-05:00,2024-03-20 06:00:00+00:00,-332.086,52.622,-279.464
2024-03-20T01:05:00-05:00,2024-03-20 06:05:00+00:00,-333.249,51.231,-282.018
2024-03-20T01:10:00-05:00,2024-03-20 06:10:00+00:00,-295.868,7.033,-288.835
2024-03-20T01:15:00-05:00,2024-03-20 06:15:00+00:00,-251.461,28.171,-223.291
2024-03-20T01:20:00-05:00,2024-03-20 06:20:00+00:00,-204.653,77.807,-126.846
2024-03-20T01:25:00-05:00,2024-03-20 06:25:00+00:00,-230.015,49.073,-180.942
2024-03-20T01:30:00-05:00,2024-03-20 06:30:00+00:00,-161.24,35.107,-126.133
2024-03-20T01:35:00-05:00,2024-03-20 06:35:00+00:00,-184.746,10.948,-173.799
2024-03-20T01:40:00-05:00,2024-03-20 06:40:00+00:00,-264.3,7.606,-256.694
2024-03-20T01:45:00-05:00,2024-03-20 06:45:00+00:00,-169.243,14.447,-154.796
2024-03-20T01:50:00-05:00,2024-03-20 06:50:00+00:00,-196.715,6.418,-190.297
2024-03-20T01:55:00-05:00,2024-03-20 06:55:00+00:00,-323.767,3.415,-320.352
2024-03-20T02:00:00-05:00,2024-03-20 07:00:00+00:00,-288.324,4.824,-283.5
2024-03-20T02:05:00-05:00,2024-03-20 07:05:00+00:00,-223.148,6.769,-216.379
2024-03-20T02:10:00-05:00,2024-03-20 07:10:00+00:00,-170.957,16.524,-154.433
2024-03-20T02:15:00-05:00,2024-03-20 07:15:00+00:00,-204.842,12.324,-192.518
2024-03-20T02:20:00-05:00,2024-03-20 07:20:00+00:00,-184.907,99.964,-84.943
2024-03-20T02:25:00-05:00,2024-03-20 07:25:00+00:00,-111.046,169.071,58.025
2024-03-20T02:30:00-05:00,2024-03-20 07:30:00+00:00,-135.09,100.935,-34.155
2024-03-20T02:35:00-05:00,2024-03-20 07:35:00+00:00,-168.016,93.625,-74.391
2024-03-20T02:40:00-05:00,2024-03-20 07:40:00+00:00,-170.027,64.28,-105.747
2024-03-20T02:45:00-05:00,2024-03-20 07:45:00+00:00,-195.597,26.544,-169.053
2024-03-20T02:50:00-05:00,2024-03-20 07:50:00+00:00,-191.023,16.162,-174.861
2024-03-20T02:55:00-05:00,2024-03-20 07:55:00+00:00,-162.042,25.48,-136.562
2024-03-20T03:00:00-05:00,2024-03-20 08:00:00+00:00,-151.441,63.198,-88.243
2024-03-20T03:05:00-05:00,2024-03-20 08:05:00+00:00,-157.832,74.108,-83.724
2024-03-20T03:10:00-05:00,2024-03-20 08:10:00+00:00,-194.528,40.707,-153.821
2024-03-20T03:15:00-05:00,2024-03-20 08:15:00+00:00,-232.838,20.837,-212.0
2024-03-20T03:20:00-05:00,2024-03-20 08:20:00+00:00,-194.103,35.145,-158.958
2024-03-20T03:25:00-05:00,2024-03-20 08:25:00+00:00,-187.561,76.816,-110.745
2024-03-20T03:30:00-05:00,2024-03-20 08:30:00+00:00,-167.557,90.67,-76.887
2024-03-20T03:35:00-05:00,2024-03-20 08:35:00+00:00,-161.332,57.594,-103.739
2024-03-20T03:40:00-05:00,2024-03-20 08:40:00+00:00,-126.959,133.617,6.658
2024-03-20T03:45:00-05:00,2024-03-20 08:45:00+00:00,-114.796,129.522,14.726
2024-03-20T03:50:00-05:00,2024-03-20 08:50:00+00:00,-102.095,67.106,-34.989
2024-03-20T03:55:00-05:00,2024-03-20 08:55:00+00:00,-99.171,98.645,-0.525
2024-03-20T04:00:00-05:00,2024-03-20 09:00:00+00:00,-106.316,130.769,24.454
2024-03-20T04:05:00-05:00,2024-03-20 09:05:00+00:00,-46.093,99.9,53.807
2024-03-20T04:10:00-05:00,2024-03-20 09:10:00+00:00,-65.245,61.738,-3.507
2024-03-20T04:15:00-05:00,2024-03-20 09:15:00+00:00,-85.641,48.446,-37.195
2024-03-20T04:20:00-05:00,2024-03-20 09:20:00+00:00,-68.102,63.127,-4.975
2024-03-20T04:25:00-05:00,2024-03-20 09:25:00+00:00,-69.671,61.329,-8.342
2024-03-20T04:30:00-05:00,2024-03-20 09:30:00+00:00,-62.966,67.569,4.603
2024-03-20T04:35:00-05:00,2024-03-20 09:35:00+00:00,-39.431,89.294,49.863
2024-03-20T04:40:00-05:00,2024-03-20 09:40:00+00:00,-48.738,84.138,35.401
2024-03-20T04:45:00-05:00,2024-03-20 09:45:00+00:00,-126.863,50.392,-76.472
2024-03-20T04:50:00-05:00,2024-03-20 09:50:00+00:00,-213.41,56.908,-156.501
2024-03-20T04:55:00-05:00,2024-03-20 09:55:00+00:00,-152.691,69.135,-83.556
2024-03-20T05:00:00-05:00,2024-03-20 10:00:00+00:00,-114.866,78.214,-36.653
2024-03-20T05:05:00-05:00,2024-03-20 10:05:00+00:00,-86.273,175.218,88.945
2024-03-20T05:10:00-05:00,2024-03-20 10:10:00+00:00,-89.932,106.273,16.341
2024-03-20T05:15:00-05:00,2024-03-20 10:15:00+00:00,-156.376,15.816,-140.56
2024-03-20T05:20:00-05:00,2024-03-20 10:20:00+00:00,-91.045,51.311,-39.733
2024-03-20T05:25:00-05:00,2024-03-20 10:25:00+00:00,-102.811,35.301,-67.51
2024-03-20T05:30:00-05:00,2024-03-20 10:30:00+00:00,-157.559,7.247,-150.312
2024-03-20T05:35:00-05:00,2024-03-20 10:35:00+00:00,-69.507,94.421,24.914
2024-03-20T05:40:00-05:00,2024-03-20 10:40:00+00:00,-91.544,103.049,11.505
2024-03-20T05:45:00-05:00,2024-03-20 10:45:00+00:00,-174.248,17.021,-157.227
2024-03-20T05:50:00-05:00,2024-03-20 10:50:00+00:00,-142.007,62.88,-79.128
2024-03-20T05:55:00-05:00,2024-03-20 10:55:00+00:00,-65.708,218.335,152.627
2024-03-20T06:00:00-05:00,2024-03-20 11:00:00+00:00,-37.827,89.667,51.84
2024-03-20T06:05:00-05:00,2024-03-20 11:05:00+00:00,-73.455,385.273,311.818
2024-03-20T06:10:00-05:00,2024-03-20 11:10:00+00:00,-110.766,534.25,423.485
2024-03-20T06:15:00-05:00,2024-03-20 11:15:00+00:00,-71.16,426.598,355.438
2024-03-20T06:20:00-05:00,2024-03-20 11:20:00+00:00,-57.167,411.276,354.109
2024-03-20T06:25:00-05:00,2024-03-20 11:25:00+00:00,-96.572,329.76,233.188
2024-03-20T06:30:00-05:00,2024-03-20 11:30:00+00:00,-109.557,252.342,142.785
2024-03-20T06:35:00-05:00,2024-03-20 11:35:00+00:00,-99.255,323.961,224.706
2024-03-20T06:40:00-05:00,2024-03-20 11:40:00+00:00,-139.922,318.079,178.157
2024-03-20T06:45:00-05:00,2024-03-20 11:45:00+00:00,-134.351,315.124,180.773
2024-03-20T06:50:00-05:00,2024-03-20 11:50:00+00:00,-192.954,370.744,177.79
2024-03-20T06:55:00-05:00,2024-03-20 11:55:00+00:00,-243.893,559.369,315.477
2024-03-20T07:00:00-05:00,2024-03-20 12:00:00+00:00,-180.684,574.154,393.47
2024-03-20T07:05:00-05:00,2024-03-20 12:05:00+00:00,-60.732,722.719,661.987
2024-03-20T07:10:00-05:00,2024-03-20 12:10:00+00:00,-28.855,1029.648,1000.793
2024-03-20T07:15:00-05:00,2024-03-20 12:15:00+00:00,-60.296,1061.677,1001.382
2024-03-20T07:20:00-05:00,2024-03-20 12:20:00+00:00,-92.585,1028.346,935.76
2024-03-20T07:25:00-05:00,2024-03-20 12:25:00+00:00,-25.671,1018.823,993.152
2024-03-20T07:30:00-05:00,2024-03-20 12:30:00+00:00,-22.688,1026.809,1004.121
2024-03-20T07:35:00-05:00,2024-03-20 12:35:00+00:00,-21.708,930.081,908.374
2024-03-20T07:40:00-05:00,2024-03-20 12:40:00+00:00,-26.569,918.171,891.603
2024-03-20T07:45:00-05:00,2024-03-20 12:45:00+00:00,-36.577,819.01,782.433
2024-03-20T07:50:00-05:00,2024-03-20 12:50:00+00:00,-62.498,755.362,692.864
2024-03-20T07:55:00-05:00,2024-03-20 12:55:00+00:00,-83.083,901.096,818.013
2024-03-20T08:00:00-05:00,2024-03-20 13:00:00+00:00,-61.474,1071.183,1009.709
2024-03-20T08:05:00-05:00,2024-03-20 13:05:00+00:00,-31.495,1217.499,1186.004
2024-03-20T08:10:00-05:00,2024-03-20 13:10:00+00:00,-21.996,1278.393,1256.396
2024-03-20T08:15:00-05:00,2024-03-20 13:15:00+00:00,-108.164,1082.548,974.384
2024-03-20T08:20:00-05:00,2024-03-20 13:20:00+00:00,-142.237,890.331,748.094
2024-03-20T08:25:00-05:00,2024-03-20 13:25:00+00:00,-115.715,876.0,760.285
2024-03-20T08:30:00-05:00,2024-03-20 13:30:00+00:00,-130.145,666.041,535.896
2024-03-20T08:35:00-05:00,2024-03-20 13:35:00+00:00,-163.206,377.633,214.426
2024-03-20T08:40:00-05:00,2024-03-20 13:40:00+00:00,-116.38,177.899,61.519
2024-03-20T08:45:00-05:00,2024-03-20 13:45:00+00:00,-184.701,86.807,-97.894
2024-03-20T08:50:00-05:00,2024-03-20 13:50:00+00:00,-160.462,120.277,-40.185
2024-03-20T08:55:00-05:00,2024-03-20 13:55:00+00:00,-132.457,242.565,110.108
2024-03-20T09:00:00-05:00,2024-03-20 14:00:00+00:00,-159.259,104.457,-54.802
2024-03-20T09:05:00-05:00,2024-03-20 14:05:00+00:00,-231.394,65.872,-165.522
2024-03-20T09:10:00-05:00,2024-03-20 14:10:00+00:00,-282.42,212.214,-70.206
2024-03-20T09:15:00-05:00,2024-03-20 14:15:00+00:00,-327.989,58.482,-269.508
2024-03-20T09:20:00-05:00,2024-03-20 14:20:00+00:00,-322.496,36.855,-285.642
2024-03-20T09:25:00-05:00,2024-03-20 14:25:00+00:00,-448.233,17.669,-430.564
2024-03-20T09:30:00-05:00,2024-03-20 14:30:00+00:00,-372.153,60.485,-311.669
2024-03-20T09:35:00-05:00,2024-03-20 14:35:00+00:00,-281.0,89.669,-191.332
2024-03-20T09:40:00-05:00,2024-03-20 14:40:00+00:00,-452.52,9.249,-443.271
2024-03-20T09:45:00-05:00,2024-03-20 14:45:00+00:00,-526.03,11.64,-514.39
2024-03-20T09:50:00-05:00,2024-03-20 14:50:00+00:00,-552.126,7.494,-544.633
2024-03-20T09:55:00-05:00,2024-03-20 14:55:00+00:00,-469.52,32.392,-437.128
2024-03-20T10:00:00-05:00,2024-03-20 15:00:00+00:00,-377.892,184.137,-193.754
2024-03-20T10:05:00-05:00,2024-03-20 15:05:00+00:00,-393.909,198.625,-195.283
2024-03-20T10:10:00-05:00,2024-03-20 15:10:00+00:00,-510.892,19.386,-491.505
2024-03-20T10:15:00-05:00,2024-03-20 15:15:00+00:00,-677.392,13.596,-663.796
2024-03-20T10:20:00-05:00,2024-03-20 15:20:00+00:00,-580.299,79.222,-501.076
2024-03-20T10:25:00-05:00,2024-03-20 15:25:00+00:00,-455.687,185.674,-270.014
2024-03-20T10:30:00-05:00,2024-03-20 15:30:00+00:00,-444.406,253.691,-190.715
2024-03-20T10:35:00-05:00,2024-03-20 15:35:00+00:00,-448.796,44.226,-404.57
2024-03-20T10:40:00-05:00,2024-03-20 15:40:00+00:00,-429.253,78.327,-350.926
2024-03-20T10:45:00-05:00,2024-03-20 15:45:00+00:00,-417.183,219.991,-197.192
2024-03-20T10:50:00-05:00,2024-03-20 15:50:00+00:00,-435.728,54.966,-380.762
2024-03-20T10:55:00-05:00,2024-03-20 15:55:00+00:00,-420.725,121.952,-298.774
2024-03-20T11:00:00-05:00,2024-03-20 16:00:00+00:00,-416.197,239.955,-176.242
2024-03-20T11:05:00-05:00,2024-03-20 16:05:00+00:00,-457.113,48.105,-409.008
2024-03-20T11:10:00-05:00,2024-03-20 16:10:00+00:00,-569.574,32.35,-537.224
2024-03-20T11:15:00-05:00,2024-03-20 16:15:00+00:00,-532.676,42.821,-489.855
2024-03-20T11:20:00-05:00,2024-03-20 16:20:00+00:00,-596.733,26.17,-570.564
2024-03-20T11:25:00-05:00,2024-03-20 16:25:00+00:00,-716.859,25.966,-690.893
2024-03-20T11:30:00-05:00,2024-03-20 16:30:00+00:00,-700.164,31.095,-669.069
2024-03-20T11:35:00-05:00,2024-03-20 16:35:00+00:00,-506.76,165.581,-341.179
2024-03-20T11:40:00-05:00,2024-03-20 16:40:00+00:00,-403.029,491.773,88.744
2024-03-20T11:45:00-05:00,2024-03-20 16:45:00+00:00,-391.41,490.679,99.269
2024-03-20T11:50:00-05:00,2024-03-20 16:50:00+00:00,-394.28,246.971,-147.309
2024-03-20T11:55:00-05:00,2024-03-20 16:55:00+00:00,-447.466,90.407,-357.059
2024-03-20T12:00:00-05:00,2024-03-20 17:00:00+00:00,-431.403,89.542,-341.861
2024-03-20T12:05:00-05:00,2024-03-20 17:05:00+00:00,-488.14,51.89,-436.249
2024-03-20T12:10:00-05:00,2024-03-20 17:10:00+00:00,-465.542,45.18,-420.362
2024-03-20T12:15:00-05:00,2024-03-20 17:15:00+00:00,-471.083,55.47,-415.613
2024-03-20T12:20:00-05:00,2024-03-20 17:20:00+00:00,-538.068,38.859,-499.209
2024-03-20T12:25:00-05:00,2024-03-20 17:25:00+00:00,-579.211,64.215,-514.996
2024-03-20T12:30:00-05:00,2024-03-20 17:30:00+00:00,-373.522,116.087,-257.435
2024-03-20T12:35:00-05:00,2024-03-20 17:35:00+00:00,-358.612,239.759,-118.853
2024-03-20T12:40:00-05:00,2024-03-20 17:40:00+00:00,-356.264,78.915,-277.348
2024-03-20T12:45:00-05:00,2024-03-20 17:45:00+00:00,-425.146,38.208,-386.938
2024-03-20T12:50:00-05:00,2024-03-20 17:50:00+00:00,-521.032,36.961,-484.071
2024-03-20T12:55:00-05:00,2024-03-20 17:55:00+00:00,-555.526,41.983,-513.542
2024-03-20T13:00:00-05:00,2024-03-20 18:00:00+00:00,-415.884,63.313,-352.571
2024-03-20T13:05:00-05:00,2024-03-20 18:05:00+00:00,-368.153,71.008,-297.145
2024-03-20T13:10:00-05:00,2024-03-20 18:10:00+00:00,-264.785,78.137,-186.647
2024-03-20T13:15:00-05:00,2024-03-20 18:15:00+00:00,-231.466,143.962,-87.504
2024-03-20T13:20:00-05:00,2024-03-20 18:20:00+00:00,-192.482,137.296,-55.186
2024-03-20T13:25:00-05:00,2024-03-20 18:25:00+00:00,-274.73,58.542,-216.188
2024-03-20T13:30:00-05:00,2024-03-20 18:30:00+00:00,-229.687,60.955,-168.732
2024-03-20T13:35:00-05:00,2024-03-20 18:35:00+00:00,-150.368,118.979,-31.389
2024-03-20T13:40:00-05:00,2024-03-20 18:40:00+00:00,-115.083,310.221,195.138
2024-03-20T13:45:00-05:00,2024-03-20 18:45:00+00:00,-139.544,235.404,95.861
2024-03-20T13:50:00-05:00,2024-03-20 18:50:00+00:00,-277.496,23.028,-254.468
2024-03-20T13:55:00-05:00,2024-03-20 18:55:00+00:00,-285.174,25.903,-259.271
2024-03-20T14:00:00-05:00,2024-03-20 19:00:00+00:00,-154.679,84.45,-70.229
2024-03-20T14:05:00-05:00,2024-03-20 19:05:00+00:00,-182.919,139.054,-43.866
2024-03-20T14:10:00-05:00,2024-03-20 19:10:00+00:00,-220.416,272.791,52.375
2024-03-20T14:15:00-05:00,2024-03-20 19:15:00+00:00,-194.584,243.851,49.267
2024-03-20T14:20:00-05:00,2024-03-20 19:20:00+00:00,-190.863,41.077,-149.786
2024-03-20T14:25:00-05:00,2024-03-20 19:25:00+00:00,-309.784,3.776,-306.008
2024-03-20T14:30:00-05:00,2024-03-20 19:30:00+00:00,-352.54,20.261,-332.279
2024-03-20T14:35:00-05:00,2024-03-20 19:35:00+00:00,-420.936,1.625,-419.311
2024-03-20T14:40:00-05:00,2024-03-20 19:40:00+00:00,-621.086,1.207,-619.879
2024-03-20T14:45:00-05:00,2024-03-20 19:45:00+00:00,-391.348,22.652,-368.696
2024-03-20T14:50:00-05:00,2024-03-20 19:50:00+00:00,-166.147,121.232,-44.915
2024-03-20T14:55:00-05:00,2024-03-20 19:55:00+00:00,-110.356,264.951,154.595
2024-03-20T15:00:00-05:00,2024-03-20 20:00:00+00:00,-170.511,339.606,169.095
2024-03-20T15:05:00-05:00,2024-03-20 20:05:00+00:00,-295.384,73.502,-221.882
2024-03-20T15:10:00-05:00,2024-03-20 20:10:00+00:00,-463.554,7.728,-455.826
2024-03-20T15:15:00-05:00,2024-03-20 20:15:00+00:00,-337.32,46.456,-290.864
2024-03-20T15:20:00-05:00,2024-03-20 20:20:00+00:00,-140.498,288.287,147.789
2024-03-20T15:25:00-05:00,2024-03-20 20:25:00+00:00,-74.863,352.169,277.305
2024-03-20T15:30:00-05:00,2024-03-20 20:30:00+00:00,-113.124,79.919,-33.205
2024-03-20T15:35:00-05:00,2024-03-20 20:35:00+00:00,-319.147,15.999,-303.149
2024-03-20T15:40:00-05:00,2024-03-20 20:40:00+00:00,-325.179,24.294,-300.886
2024-03-20T15:45:00-05:00,2024-03-20 20:45:00+00:00,-226.383,20.049,-206.335
2024-03-20T15:50:00-05:00,2024-03-20 20:50:00+00:00,-155.267,71.013,-84.254
2024-03-20T15:55:00-05:00,2024-03-20 20:55:00+00:00,-118.567,193.871,75.304
2024-03-20T16:00:00-05:00,2024-03-20 21:00:00+00:00,-215.429,83.385,-132.044
2024-03-20T16:05:00-05:00,2024-03-20 21:05:00+00:00,-455.429,36.3,-419.129
2024-03-20T16:10:00-05:00,2024-03-20 21:10:00+00:00,-412.872,22.327,-390.545
2024-03-20T16:15:00-05:00,2024-03-20 21:15:00+00:00,-306.003,22.912,-283.091
2024-03-20T16:20:00-05:00,2024-03-20 21:20:00+00:00,-273.91,38.787,-235.123
2024-03-20T16:25:00-05:00,2024-03-20 21:25:00+00:00,-383.298,18.771,-364.527
2024-03-20T16:30:00-05:00,2024-03-20 21:30:00+00:00,-472.055,24.449,-447.606
2024-03-20T16:35:00-05:00,2024-03-20 21:35:00+00:00,-391.87,45.107,-346.763
2024-03-20T16:40:00-05:00,2024-03-20 21:40:00+00:00,-383.999,40.895,-343.104
2024-03-20T16:45:00-05:00,2024-03-20 21:45:00+00:00,-372.368,145.397,-226.971
2024-03-20T16:50:00-05:00,2024-03-20 21:50:00+00:00,-403.374,300.84,-102.533
2024-03-20T16:55:00-05:00,2024-03-20 21:55:00+00:00,-464.503,72.716,-391.787
2024-03-20T17:00:00-05:00,2024-03-20 22:00:00+00:00,-665.395,2.688,-662.708
2024-03-20T17:05:00-05:00,2024-03-20 22:05:00+00:00,-675.434,12.561,-662.873
2024-03-20T17:10:00-05:00,2024-03-20 22:10:00+00:00,-604.985,28.167,-576.818
2024-03-20T17:15:00-05:00,2024-03-20 22:15:00+00:00,-511.835,170.664,-341.17
2024-03-20T17:20:00-05:00,2024-03-20 22:20:00+00:00,-465.48,330.952,-134.528
2024-03-20T17:25:00-05:00,2024-03-20 22:25:00+00:00,-409.487,81.175,-328.312
2024-03-20T17:30:00-05:00,2024-03-20 22:30:00+00:00,-539.335,16.937,-522.398
2024-03-20T17:35:00-05:00,2024-03-20 22:35:00+00:00,-452.178,176.01,-276.168
2024-03-20T17:40:00-05:00,2024-03-20 22:40:00+00:00,-421.813,204.045,-217.768
2024-03-20T17:45:00-05:00,2024-03-20 22:45:00+00:00,-362.138,109.188,-252.95
2024-03-20T17:50:00-05:00,2024-03-20 22:50:00+00:00,-203.154,77.813,-125.341
2024-03-20T17:55:00-05:00,2024-03-20 22:55:00+00:00,-321.21,5.366,-315.844
2024-03-20T18:00:00-05:00,2024-03-20 23:00:00+00:00,-393.452,14.801,-378.651
2024-03-20T18:05:00-05:00,2024-03-20 23:05:00+00:00,-279.244,23.144,-256.099
2024-03-20T18:10:00-05:00,2024-03-20 23:10:00+00:00,-35.519,407.048,371.53
2024-03-20T18:15:00-05:00,2024-03-20 23:15:00+00:00,-42.302,550.481,508.179
2024-03-20T18:20:00-05:00,2024-03-20 23:20:00+00:00,-55.797,350.075,294.278
2024-03-20T18:25:00-05:00,2024-03-20 23:25:00+00:00,-143.038,101.771,-41.266
2024-03-20T18:30:00-05:00,2024-03-20 23:30:00+00:00,-401.505,26.725,-374.779
2024-03-20T18:35:00-05:00,2024-03-20 23:35:00+00:00,-424.234,34.85,-389.384
2024-03-20T18:40:00-05:00,2024-03-20 23:40:00+00:00,-230.769,33.929,-196.84
2024-03-20T18:45:00-05:00,2024-03-20 23:45:00+00:00,-185.585,56.36,-129.226
2024-03-20T18:50:00-05:00,2024-03-20 23:50:00+00:00,-82.596,94.105,11.509
2024-03-20T18:55:00-05:00,2024-03-20 23:55:00+00:00,-30.522,134.832,104.311
2024-03-20T19:00:00-05:00,2024-03-21 00:00:00+00:00,-17.451,219.544,202.093
2024-03-20T19:05:00-05:00,2024-03-21 00:05:00+00:00,-31.294,290.096,258.802
2024-03-20T19:10:00-05:00,2024-03-21 00:10:00+00:00,-69.897,322.225,252.328
2024-03-20T19:15:00-05:00,2024-03-21 00:15:00+00:00,-74.704,176.566,101.862
2024-03-20T19:20:00-05:00,2024-03-21 00:20:00+00:00,-47.922,251.993,204.071
2024-03-20T19:25:00-05:00,2024-03-21 00:25:00+00:00,-28.026,269.752,241.726
2024-03-20T19:30:00-05:00,2024-03-21 00:30:00+00:00,-24.334,343.025,318.691
2024-03-20T19:35:00-05:00,2024-03-21 00:35:00+00:00,-61.974,489.156,427.182
2024-03-20T19:40:00-05:00,2024-03-21 00:40:00+00:00,-78.203,576.663,498.459
2024-03-20T19:45:00-05:00,2024-03-21 00:45:00+00:00,-72.994,643.437,570.443
2024-03-20T19:50:00-05:00,2024-03-21 00:50:00+00:00,-87.837,644.713,556.876
2024-03-20T19:55:00-05:00,2024-03-21 00:55:00+00:00,-82.865,594.566,511.7
2024-03-20T20:00:00-05:00,2024-03-21 01:00:00+00:00,-104.268,560.889,456.621
2024-03-20T20:05:00-05:00,2024-03-21 01:05:00+00:00,-187.303,517.931,330.628
2024-03-20T20:10:00-05:00,2024-03-21 01:10:00+00:00,-195.032,453.098,258.066
2024-03-20T20:15:00-05:00,2024-03-21 01:15:00+00:00,-22.085,581.517,559.432
2024-03-20T20:20:00-05:00,2024-03-21 01:20:00+00:00,-30.957,707.606,676.649
2024-03-20T20:25:00-05:00,2024-03-21 01:25:00+00:00,-59.918,760.943,701.025
2024-03-20T20:30:00-05:00,2024-03-21 01:30:00+00:00,-79.055,624.697,545.642
2024-03-20T20:35:00-05:00,2024-03-21 01:35:00+00:00,-62.285,631.56,569.275
2024-03-20T20:40:00-05:00,2024-03-21 01:40:00+00:00,-74.003,598.548,524.545
2024-03-20T20:45:00-05:00,2024-03-21 01:45:00+00:00,-109.987,430.526,320.539
2024-03-20T20:50:00-05:00,2024-03-21 01:50:00+00:00,-82.024,361.186,279.162
2024-03-20T20:55:00-05:00,2024-03-21 01:55:00+00:00,-120.603,341.125,220.522
2024-03-20T21:00:00-05:00,2024-03-21 02:00:00+00:00,-89.69,325.12,235.43
2024-03-20T21:05:00-05:00,2024-03-21 02:05:00+00:00,-94.716,436.986,342.27
2024-03-20T21:10:00-05:00,2024-03-21 02:10:00+00:00,-132.163,358.958,226.794
2024-03-20T21:15:00-05:00,2024-03-21 02:15:00+00:00,-114.699,161.987,47.287
2024-03-20T21:20:00-05:00,2024-03-21 02:20:00+00:00,-210.628,46.984,-163.644
2024-03-20T21:25:00-05:00,2024-03-21 02:25:00+00:00,-190.981,36.405,-154.577
2024-03-20T21:30:00-05:00,2024-03-21 02:30:00+00:00,-64.254,127.422,63.167
2024-03-20T21:35:00-05:00,2024-03-21 02:35:00+00:00,-38.509,49.705,11.196
2024-03-20T21:40:00-05:00,2024-03-21 02:40:00+00:00,-28.816,143.957,115.141
2024-03-20T21:45:00-05:00,2024-03-21 02:45:00+00:00,-65.17,68.614,3.444
2024-03-20T21:50:00-05:00,2024-03-21 02:50:00+00:00,-116.791,6.653,-110.138
2024-03-20T21:55:00-05:00,2024-03-21 02:55:00+00:00,-68.042,174.257,106.215
2024-03-20T22:00:00-05:00,2024-03-21 03:00:00+00:00,-94.631,284.672,190.041
2024-03-20T22:05:00-05:00,2024-03-21 03:05:00+00:00,-171.391,83.057,-88.334
2024-03-20T22:10:00-05:00,2024-03-21 03:10:00+00:00,-213.013,38.268,-174.745
2024-03-20T22:15:00-05:00,2024-03-21 03:15:00+00:00,-170.143,26.971,-143.172
2024-03-20T22:20:00-05:00,2024-03-21 03:20:00+00:00,-210.908,15.112,-195.796
2024-03-20T22:25:00-05:00,2024-03-21 03:25:00+00:00,-121.736,32.935,-88.801
2024-03-20T22:30:00-05:00,2024-03-21 03:30:00+00:00,-56.233,49.802,-6.431
2024-03-20T22:35:00-05:00,2024-03-21 03:35:00+00:00,-78.089,79.318,1.229
2024-03-20T22:40:00-05:00,2024-03-21 03:40:00+00:00,-112.245,80.817,-31.428
2024-03-20T22:45:00-05:00,2024-03-21 03:45:00+00:00,-130.629,107.411,-23.218
2024-03-20T22:50:00-05:00,2024-03-21 03:50:00+00:00,-53.89,238.607,184.717
2024-03-20T22:55:00-05:00,2024-03-21 03:55:00+00:00,-25.345,242.768,217.423
2024-03-20T23:00:00-05:00,2024-03-21 04:00:00+00:00,-51.351,181.54,130.189
2024-03-20T23:05:00-05:00,2024-03-21 04:05:00+00:00,-141.384,191.562,50.179
2024-03-20T23:10:00-05:00,2024-03-21 04:10:00+00:00,-184.489,153.207,-31.282
2024-03-20T23:15:00-05:00,2024-03-21 04:15:00+00:00,-121.652,103.269,-18.384
2024-03-20T23:20:00-05:00,2024-03-21 04:20:00+00:00,-146.883,10.234,-136.649
2024-03-20T23:25:00-05:00,2024-03-21 04:25:00+00:00,-129.587,14.154,-115.432
2024-03-20T23:30:00-05:00,2024-03-21 04:30:00+00:00,-242.507,15.867,-226.64
2024-03-20T23:35:00-05:00,2024-03-21 04:35:00+00:00,-230.257,41.153,-189.104
2024-03-20T23:40:00-05:00,2024-03-21 04:40:00+00:00,-155.054,134.45,-20.604
2024-03-20T23:45:00-05:00,2024-03-21 04:45:00+00:00,-65.567,106.338,40.771
2024-03-20T23:50:00-05:00,2024-03-21 04:50:00+00:00,-144.621,113.363,-31.257
2024-03-20T23:55:00-05:00,2024-03-21 04:55:00+00:00,-220.586,91.662,-128.924
2024-03-21T00:00:00-05:00,2024-03-21 05:00:00+00:00,-125.7,199.519,73.819
2024-03-21T00:05:00-05:00,2024-03-21 05:05:00+00:00,-84.903,203.349,118.447
2024-03-21T00:10:00-05:00,2024-03-21 05:10:00+00:00,-39.517,117.008,77.491
2024-03-21T00:15:00-05:00,2024-03-21 05:15:00+00:00,-58.362,72.736,14.374
2024-03-21T00:20:00-05:00,2024-03-21 05:20:00+00:00,-42.533,69.349,26.816
2024-03-21T00:25:00-05:00,2024-03-21 05:25:00+00:00,-41.361,44.384,3.024
2024-03-21T00:30:00-05:00,2024-03-21 05:30:00+00:00,-77.466,27.734,-49.731
2024-03-21T00:35:00-05:00,2024-03-21 05:35:00+00:00,-167.683,28.084,-139.599
2024-03-21T00:40:00-05:00,2024-03-21 05:40:00+00:00,-111.118,79.177,-31.94
2024-03-21T00:45:00-05:00,2024-03-21 05:45:00+00:00,-26.418,170.177,143.759
2024-03-21T00:50:00-05:00,2024-03-21 05:50:00+00:00,-48.484,183.143,134.659
2024-03-21T00:55:00-05:00,2024-03-21 05:55:00+00:00,-93.132,106.645,13.513
2024-03-21T01:00:00-05:00,2024-03-21 06:00:00+00:00,-105.721,83.236,-22.485
2024-03-21T01:05:00-05:00,2024-03-21 06:05:00+00:00,-64.227,90.688,26.462
2024-03-21T01:10:00-05:00,2024-03-21 06:10:00+00:00,-84.484,96.17,11.686
2024-03-21T01:15:00-05:00,2024-03-21 06:15:00+00:00,-71.889,115.037,43.148
2024-03-21T01:20:00-05:00,2024-03-21 06:20:00+00:00,-60.492,86.08,25.589
2024-03-21T01:25:00-05:00,2024-03-21 06:25:00+00:00,-69.344,67.021,-2.323
2024-03-21T01:30:00-05:00,2024-03-21 06:30:00+00:00,-25.244,189.767,164.522
2024-03-21T01:35:00-05:00,2024-03-21 06:35:00+00:00,-46.264,143.965,97.701
2024-03-21T01:40:00-05:00,2024-03-21 06:40:00+00:00,-62.829,55.469,-7.36
2024-03-21T01:45:00-05:00,2024-03-21 06:45:00+00:00,-40.495,107.003,66.508
2024-03-21T01:50:00-05:00,2024-03-21 06:50:00+00:00,-21.992,182.722,160.73
2024-03-21T01:55:00-05:00,2024-03-21 06:55:00+00:00,-20.616,175.963,155.347
2024-03-21T02:00:00-05:00,2024-03-21 07:00:00+00:00,-26.832,156.032,129.199
2024-03-21T02:05:00-05:00,2024-03-21 07:05:00+00:00,-33.357,160.694,127.337
2024-03-21T02:10:00-05:00,2024-03-21 07:10:00+00:00,-66.082,106.192,40.11
2024-03-21T02:15:00-05:00,2024-03-21 07:15:00+00:00,-111.207,36.208,-75.0
2024-03-21T02:20:00-05:00,2024-03-21 07:20:00+00:00,-115.682,11.047,-104.635
2024-03-21T02:25:00-05:00,2024-03-21 07:25:00+00:00,-71.397,58.421,-12.976
2024-03-21T02:30:00-05:00,2024-03-21 07:30:00+00:00,-70.861,56.686,-14.175
2024-03-21T02:35:00-05:00,2024-03-21 07:35:00+00:00,-41.891,117.209,75.319
2024-03-21T02:40:00-05:00,2024-03-21 07:40:00+00:00,-41.384,174.608,133.224
2024-03-21T02:45:00-05:00,2024-03-21 07:45:00+00:00,-78.13,108.649,30.519
2024-03-21T02:50:00-05:00,2024-03-21 07:50:00+00:00,-90.065,68.863,-21.201
2024-03-21T02:55:00-05:00,2024-03-21 07:55:00+00:00,-148.873,31.271,-117.602
2024-03-21T03:00:00-05:00,2024-03-21 08:00:00+00:00,-125.01,23.519,-101.491
2024-03-21T03:05:00-05:00,2024-03-21 08:05:00+00:00,-172.069,12.91,-159.159
2024-03-21T03:10:00-05:00,2024-03-21 08:10:00+00:00,-285.734,34.563,-251.171
2024-03-21T03:15:00-05:00,2024-03-21 08:15:00+00:00,-266.54,108.216,-158.324
2024-03-21T03:20:00-05:00,2024-03-21 08:20:00+00:00,-189.512,100.405,-89.108
2024-03-21T03:25:00-05:00,2024-03-21 08:25:00+00:00,-133.035,72.149,-60.886
2024-03-21T03:30:00-05:00,2024-03-21 08:30:00+00:00,-96.7,129.584,32.884
2024-03-21T03:35:00-05:00,2024-03-21 08:35:00+00:00,-134.101,103.514,-30.586
2024-03-21T03:40:00-05:00,2024-03-21 08:40:00+00:00,-105.232,100.784,-4.448
2024-03-21T03:45:00-05:00,2024-03-21 08:45:00+00:00,-62.876,102.388,39.512
2024-03-21T03:50:00-05:00,2024-03-21 08:50:00+00:00,-46.965,92.689,45.723
2024-03-21T03:55:00-05:00,2024-03-21 08:55:00+00:00,-53.441,160.326,106.885
2024-03-21T04:00:00-05:00,2024-03-21 09:00:00+00:00,-66.592,205.166,138.574
2024-03-21T04:05:00-05:00,2024-03-21 09:05:00+00:00,-185.111,191.874,6.763
2024-03-21T04:10:00-05:00,2024-03-21 09:10:00+00:00,-311.013,179.351,-131.661
2024-03-21T04:15:00-05:00,2024-03-21 09:15:00+00:00,-300.57,158.233,-142.338
2024-03-21T04:20:00-05:00,2024-03-21 09:20:00+00:00,-288.909,172.168,-116.741
2024-03-21T04:25:00-05:00,2024-03-21 09:25:00+00:00,-354.151,82.755,-271.396
2024-03-21T04:30:00-05:00,2024-03-21 09:30:00+00:00,-400.504,50.364,-350.141
2024-03-21T04:35:00-05:00,2024-03-21 09:35:00+00:00,-334.196,80.291,-253.905
2024-03-21T04:40:00-05:00,2024-03-21 09:40:00+00:00,-136.696,122.768,-13.928
2024-03-21T04:45:00-05:00,2024-03-21 09:45:00+00:00,-37.454,157.263,119.809
2024-03-21T04:50:00-05:00,2024-03-21 09:50:00+00:00,-53.766,153.586,99.82
2024-03-21T04:55:00-05:00,2024-03-21 09:55:00+00:00,-41.178,169.895,128.717
2024-03-21T05:00:00-05:00,2024-03-21 10:00:00+00:00,-25.54,173.905,148.366
2024-03-21T05:05:00-05:00,2024-03-21 10:05:00+00:00,-9.8,334.91,325.11
2024-03-21T05:10:00-05:00,2024-03-21 10:10:00+00:00,-26.425,419.418,392.992
2024-03-21T05:15:00-05:00,2024-03-21 10:15:00+00:00,-89.286,199.305,110.018
2024-03-21T05:20:00-05:00,2024-03-21 10:20:00+00:00,-145.143,146.743,1.601
2024-03-21T05:25:00-05:00,2024-03-21 10:25:00+00:00,-84.405,165.454,81.05
2024-03-21T05:30:00-05:00,2024-03-21 10:30:00+00:00,-44.755,339.411,294.655
2024-03-21T05:35:00-05:00,2024-03-21 10:35:00+00:00,-65.109,202.117,137.007
2024-03-21T05:40:00-05:00,2024-03-21 10:40:00+00:00,-32.587,353.216,320.628
2024-03-21T05:45:00-05:00,2024-03-21 10:45:00+00:00,-36.251,451.934,415.683
2024-03-21T05:50:00-05:00,2024-03-21 10:50:00+00:00,-109.169,292.421,183.251
2024-03-21T05:55:00-05:00,2024-03-21 10:55:00+00:00,-369.579,211.374,-158.205
2024-03-21T06:00:00-05:00,2024-03-21 11:00:00+00:00,-405.396,239.643,-165.754
2024-03-21T06:05:00-05:00,2024-03-21 11:05:00+00:00,-340.737,314.096,-26.642
2024-03-21T06:10:00-05:00,2024-03-21 11:10:00+00:00,-211.584,354.489,142.905
2024-03-21T06:15:00-05:00,2024-03-21 11:15:00+00:00,-172.224,261.308,89.084
2024-03-21T06:20:00-05:00,2024-03-21 11:20:00+00:00,-120.014,304.037,184.023
2024-03-21T06:25:00-05:00,2024-03-21 11:25:00+00:00,-19.436,468.145,448.709
2024-03-21T06:30:00-05:00,2024-03-21 11:30:00+00:00,-11.585,540.12,528.535
2024-03-21T06:35:00-05:00,2024-03-21 11:35:00+00:00,-115.596,556.908,441.312
2024-03-21T06:40:00-05:00,2024-03-21 11:40:00+00:00,-256.702,629.347,372.645
2024-03-21T06:45:00-05:00,2024-03-21 11:45:00+00:00,-337.626,643.881,306.255
2024-03-21T06:50:00-05:00,2024-03-21 11:50:00+00:00,-325.695,617.625,291.93
2024-03-21T06:55:00-05:00,2024-03-21 11:55:00+00:00,-313.442,599.493,286.051
2024-03-21T07:00:00-05:00,2024-03-21 12:00:00+00:00,-323.542,613.169,289.627
2024-03-21T07:05:00-05:00,2024-03-21 12:05:00+00:00,-196.097,500.045,303.948
2024-03-21T07:10:00-05:00,2024-03-21 12:10:00+00:00,-98.918,399.599,300.682
2024-03-21T07:15:00-05:00,2024-03-21 12:15:00+00:00,-62.634,544.0,481.366
2024-03-21T07:20:00-05:00,2024-03-21 12:20:00+00:00,-61.79,628.609,566.819
2024-03-21T07:25:00-05:00,2024-03-21 12:25:00+00:00,-82.96,718.24,635.28
2024-03-21T07:30:00-05:00,2024-03-21 12:30:00+00:00,-62.435,870.324,807.889
2024-03-21T07:35:00-05:00,2024-03-21 12:35:00+00:00,-89.481,789.591,700.11
2024-03-21T07:40:00-05:00,2024-03-21 12:40:00+00:00,-98.01,758.914,660.905
2024-03-21T07:45:00-05:00,2024-03-21 12:45:00+00:00,-143.888,667.077,523.189
2024-03-21T07:50:00-05:00,2024-03-21 12:50:00+00:00,-142.006,573.198,431.192
2024-03-21T07:55:00-05:00,2024-03-21 12:55:00+00:00,-104.996,694.298,589.302
2024-03-21T08:00:00-05:00,2024-03-21 13:00:00+00:00,-111.785,733.812,622.027
2024-03-21T08:05:00-05:00,2024-03-21 13:05:00+00:00,-69.527,762.619,693.093
2024-03-21T08:10:00-05:00,2024-03-21 13:10:00+00:00,-70.955,678.167,607.211
2024-03-21T08:15:00-05:00,2024-03-21 13:15:00+00:00,-102.826,558.331,455.505
2024-03-21T08:20:00-05:00,2024-03-21 13:20:00+00:00,-113.627,515.61,401.983
2024-03-21T08:25:00-05:00,2024-03-21 13:25:00+00:00,-89.081,462.184,373.103
2024-03-21T08:30:00-05:00,2024-03-21 13:30:00+00:00,-96.504,436.72,340.216
2024-03-21T08:35:00-05:00,2024-03-21 13:35:00+00:00,-117.197,314.727,197.53
2024-03-21T08:40:00-05:00,2024-03-21 13:40:00+00:00,-214.275,373.634,159.359
2024-03-21T08:45:00-05:00,2024-03-21 13:45:00+00:00,-355.679,364.029,8.349
2024-03-21T08:50:00-05:00,2024-03-21 13:50:00+00:00,-336.241,189.06,-147.18
2024-03-21T08:55:00-05:00,2024-03-21 13:55:00+00:00,-360.703,151.642,-209.061
2024-03-21T09:00:00-05:00,2024-03-21 14:00:00+00:00,-204.386,264.271,59.885
2024-03-21T09:05:00-05:00,2024-03-21 14:05:00+00:00,-108.306,371.197,262.891
2024-03-21T09:10:00-05:00,2024-03-21 14:10:00+00:00,-73.195,351.867,278.673
2024-03-21T09:15:00-05:00,2024-03-21 14:15:00+00:00,-120.073,366.634,246.561
2024-03-21T09:20:00-05:00,2024-03-21 14:20:00+00:00,-308.539,264.986,-43.553
2024-03-21T09:25:00-05:00,2024-03-21 14:25:00+00:00,-460.158,128.053,-332.104
2024-03-21T09:30:00-05:00,2024-03-21 14:30:00+00:00,-633.403,12.537,-620.866
2024-03-21T09:35:00-05:00,2024-03-21 14:35:00+00:00,-617.048,34.902,-582.146
2024-03-21T09:40:00-05:00,2024-03-21 14:40:00+00:00,-373.778,92.141,-281.638
2024-03-21T09:45:00-05:00,2024-03-21 14:45:00+00:00,-321.009,207.79,-113.22
2024-03-21T09:50:00-05:00,2024-03-21 14:50:00+00:00,-326.494,67.997,-258.497
2024-03-21T09:55:00-05:00,2024-03-21 14:55:00+00:00,-395.139,41.373,-353.765
2024-03-21T10:00:00-05:00,2024-03-21 15:00:00+00:00,-312.855,44.831,-268.023
2024-03-21T10:05:00-05:00,2024-03-21 15:05:00+00:00,-315.075,110.44,-204.635
2024-03-21T10:10:00-05:00,2024-03-21 15:10:00+00:00,-369.827,117.029,-252.798
2024-03-21T10:15:00-05:00,2024-03-21 15:15:00+00:00,-459.052,74.999,-384.053
2024-03-21T10:20:00-05:00,2024-03-21 15:20:00+00:00,-506.618,113.619,-392.999
2024-03-21T10:25:00-05:00,2024-03-21 15:25:00+00:00,-348.469,258.58,-89.889
2024-03-21T10:30:00-05:00,2024-03-21 15:30:00+00:00,-363.827,140.133,-223.694
2024-03-21T10:35:00-05:00,2024-03-21 15:35:00+00:00,-424.018,39.922,-384.096
2024-03-21T10:40:00-05:00,2024-03-21 15:40:00+00:00,-402.681,163.804,-238.877
2024-03-21T10:45:00-05:00,2024-03-21 15:45:00+00:00,-380.276,258.468,-121.808
2024-03-21T10:50:00-05:00,2024-03-21 15:50:00+00:00,-383.332,106.601,-276.731
2024-03-21T10:55:00-05:00,2024-03-21 15:55:00+00:00,-430.459,69.959,-360.5
2024-03-21T11:00:00-05:00,2024-03-21 16:00:00+00:00,-627.022,18.241,-608.781
2024-03-21T11:05:00-05:00,2024-03-21 16:05:00+00:00,-576.315,7.864,-568.451
2024-03-21T11:10:00-05:00,2024-03-21 16:10:00+00:00,-614.539,3.911,-610.628
2024-03-21T11:15:00-05:00,2024-03-21 16:15:00+00:00,-660.585,3.575,-657.01
2024-03-21T11:20:00-05:00,2024-03-21 16:20:00+00:00,-519.399,13.875,-505.524
2024-03-21T11:25:00-05:00,2024-03-21 16:25:00+00:00,-464.743,5.925,-458.818
2024-03-21T11:30:00-05:00,2024-03-21 16:30:00+00:00,-468.46,20.311,-448.149
2024-03-21T11:35:00-05:00,2024-03-21 16:35:00+00:00,-432.104,49.947,-382.157
2024-03-21T11:40:00-05:00,2024-03-21 16:40:00+00:00,-571.155,7.604,-563.551
2024-03-21T11:45:00-05:00,2024-03-21 16:45:00+00:00,-505.288,34.126,-471.162
2024-03-21T11:50:00-05:00,2024-03-21 16:50:00+00:00,-570.533,73.37,-497.164
2024-03-21T11:55:00-05:00,2024-03-21 16:55:00+00:00,-650.077,9.643,-640.434
2024-03-21T12:00:00-05:00,2024-03-21 17:00:00+00:00,-634.599,85.056,-549.542
2024-03-21T12:05:00-05:00,2024-03-21 17:05:00+00:00,-561.636,336.151,-225.485
2024-03-21T12:10:00-05:00,2024-03-21 17:10:00+00:00,-559.95,124.325,-435.625
2024-03-21T12:15:00-05:00,2024-03-21 17:15:00+00:00,-646.982,15.224,-631.758
2024-03-21T12:20:00-05:00,2024-03-21 17:20:00+00:00,-673.622,35.245,-638.377
2024-03-21T12:25:00-05:00,2024-03-21 17:25:00+00:00,-639.853,92.251,-547.602
2024-03-21T12:30:00-05:00,2024-03-21 17:30:00+00:00,-717.121,37.083,-680.038
2024-03-21T12:35:00-05:00,2024-03-21 17:35:00+00:00,-629.294,168.166,-461.128
2024-03-21T12:40:00-05:00,2024-03-21 17:40:00+00:00,-625.943,236.745,-389.197
2024-03-21T12:45:00-05:00,2024-03-21 17:45:00+00:00,-634.443,74.795,-559.648
2024-03-21T12:50:00-05:00,2024-03-21 17:50:00+00:00,-622.988,72.142,-550.846
2024-03-21T12:55:00-05:00,2024-03-21 17:55:00+00:00,-645.421,34.063,-611.357
2024-03-21T13:00:00-05:00,2024-03-21 18:00:00+00:00,-695.946,27.99,-667.957
2024-03-21T13:05:00-05:00,2024-03-21 18:05:00+00:00,-809.78,7.08,-802.699
2024-03-21T13:10:00-05:00,2024-03-21 18:10:00+00:00,-642.752,51.911,-590.841
2024-03-21T13:15:00-05:00,2024-03-21 18:15:00+00:00,-565.598,107.594,-458.004
2024-03-21T13:20:00-05:00,2024-03-21 18:20:00+00:00,-584.938,20.666,-564.272
2024-03-21T13:25:00-05:00,2024-03-21 18:25:00+00:00,-517.694,28.713,-488.981
2024-03-21T13:30:00-05:00,2024-03-21 18:30:00+00:00,-549.817,20.528,-529.289
2024-03-21T13:35:00-05:00,2024-03-21 18:35:00+00:00,-640.399,2.175,-638.224
2024-03-21T13:40:00-05:00,2024-03-21 18:40:00+00:00,-673.772,12.853,-660.919
2024-03-21T13:45:00-05:00,2024-03-21 18:45:00+00:00,-448.234,195.025,-253.209
2024-03-21T13:50:00-05:00,2024-03-21 18:50:00+00:00,-447.495,185.438,-262.056
2024-03-21T13:55:00-05:00,2024-03-21 18:55:00+00:00,-447.849,69.25,-378.599
2024-03-21T14:00:00-05:00,2024-03-21 19:00:00+00:00,-395.078,198.721,-196.356
2024-03-21T14:05:00-05:00,2024-03-21 19:05:00+00:00,-435.791,54.722,-381.069
2024-03-21T14:10:00-05:00,2024-03-21 19:10:00+00:00,-578.981,36.675,-542.306
2024-03-21T14:15:00-05:00,2024-03-21 19:15:00+00:00,-457.049,60.339,-396.71
2024-03-21T14:20:00-05:00,2024-03-21 19:20:00+00:00,-344.491,212.758,-131.734
2024-03-21T14:25:00-05:00,2024-03-21 19:25:00+00:00,-393.239,142.714,-250.526
2024-03-21T14:30:00-05:00,2024-03-21 19:30:00+00:00,-369.916,131.147,-238.769
2024-03-21T14:35:00-05:00,2024-03-21 19:35:00+00:00,-426.914,93.411,-333.503
2024-03-21T14:40:00-05:00,2024-03-21 19:40:00+00:00,-375.119,129.831,-245.287
2024-03-21T14:45:00-05:00,2024-03-21 19:45:00+00:00,-428.683,66.622,-362.061
2024-03-21T14:50:00-05:00,2024-03-21 19:50:00+00:00,-467.279,67.248,-400.031
2024-03-21T14:55:00-05:00,2024-03-21 19:55:00+00:00,-428.609,209.093,-219.515
2024-03-21T15:00:00-05:00,2024-03-21 20:00:00+00:00,-438.133,627.588,189.455
2024-03-21T15:05:00-05:00,2024-03-21 20:05:00+00:00,-446.615,347.053,-99.561
2024-03-21T15:10:00-05:00,2024-03-21 20:10:00+00:00,-623.399,64.348,-559.051
2024-03-21T15:15:00-05:00,2024-03-21 20:15:00+00:00,-777.758,56.97,-720.789
2024-03-21T15:20:00-05:00,2024-03-21 20:20:00+00:00,-599.673,95.275,-504.398
2024-03-21T15:25:00-05:00,2024-03-21 20:25:00+00:00,-493.949,309.835,-184.113
2024-03-21T15:30:00-05:00,2024-03-21 20:30:00+00:00,-427.897,145.954,-281.942
2024-03-21T15:35:00-05:00,2024-03-21 20:35:00+00:00,-625.452,56.78,-568.672
2024-03-21T15:40:00-05:00,2024-03-21 20:40:00+00:00,-787.728,58.869,-728.859
2024-03-21T15:45:00-05:00,2024-03-21 20:45:00+00:00,-689.445,55.0,-634.445
2024-03-21T15:50:00-05:00,2024-03-21 20:50:00+00:00,-534.439,71.574,-462.865
2024-03-21T15:55:00-05:00,2024-03-21 20:55:00+00:00,-384.82,168.84,-215.98
2024-03-21T16:00:00-05:00,2024-03-21 21:00:00+00:00,-341.412,119.198,-222.214
2024-03-21T16:05:00-05:00,2024-03-21 21:05:00+00:00,-365.348,90.52,-274.828
2024-03-21T16:10:00-05:00,2024-03-21 21:10:00+00:00,-170.216,147.079,-23.137
2024-03-21T16:15:00-05:00,2024-03-21 21:15:00+00:00,-201.309,67.437,-133.872
2024-03-21T16:20:00-05:00,2024-03-21 21:20:00+00:00,-189.343,94.294,-95.049
2024-03-21T16:25:00-05:00,2024-03-21 21:25:00+00:00,-321.809,39.567,-282.242
2024-03-21T16:30:00-05:00,2024-03-21 21:30:00+00:00,-417.81,26.816,-390.994
2024-03-21T16:35:00-05:00,2024-03-21 21:35:00+00:00,-333.986,56.59,-277.396
2024-03-21T16:40:00-05:00,2024-03-21 21:40:00+00:00,-261.355,126.188,-135.167
2024-03-21T16:45:00-05:00,2024-03-21 21:45:00+00:00,-202.302,300.554,98.252
2024-03-21T16:50:00-05:00,2024-03-21 21:50:00+00:00,-177.691,162.425,-15.266
2024-03-21T16:55:00-05:00,2024-03-21 21:55:00+00:00,-352.817,36.624,-316.193
2024-03-21T17:00:00-05:00,2024-03-21 22:00:00+00:00,-462.839,28.419,-434.42
2024-03-21T17:05:00-05:00,2024-03-21 22:05:00+00:00,-486.984,108.982,-378.002
2024-03-21T17:10:00-05:00,2024-03-21 22:10:00+00:00,-449.818,26.242,-423.576
2024-03-21T17:15:00-05:00,2024-03-21 22:15:00+00:00,-375.524,27.025,-348.499
2024-03-21T17:20:00-05:00,2024-03-21 22:20:00+00:00,-299.527,29.432,-270.095
2024-03-21T17:25:00-05:00,2024-03-21 22:25:00+00:00,-227.643,34.957,-192.686
2024-03-21T17:30:00-05:00,2024-03-21 22:30:00+00:00,-194.744,55.469,-139.276
2024-03-21T17:35:00-05:00,2024-03-21 22:35:00+00:00,-104.359,154.278,49.919
2024-03-21T17:40:00-05:00,2024-03-21 22:40:00+00:00,-101.433,147.606,46.173
2024-03-21T17:45:00-05:00,2024-03-21 22:45:00+00:00,-129.643,78.084,-51.559
2024-03-21T17:50:00-05:00,2024-03-21 22:50:00+00:00,-163.5,25.18,-138.32
2024-03-21T17:55:00-05:00,2024-03-21 22:55:00+00:00,-137.533,23.967,-113.566
2024-03-21T18:00:00-05:00,2024-03-21 23:00:00+00:00,-104.854,49.152,-55.702
2024-03-21T18:05:00-05:00,2024-03-21 23:05:00+00:00,-38.841,188.303,149.462
2024-03-21T18:10:00-05:00,2024-03-21 23:10:00+00:00,-28.45,411.428,382.978
2024-03-21T18:15:00-05:00,2024-03-21 23:15:00+00:00,-34.808,251.775,216.966
2024-03-21T18:20:00-05:00,2024-03-21 23:20:00+00:00,-58.639,166.699,108.06
2024-03-21T18:25:00-05:00,2024-03-21 23:25:00+00:00,-232.88,84.07,-148.809
2024-03-21T18:30:00-05:00,2024-03-21 23:30:00+00:00,-374.359,8.905,-365.455
2024-03-21T18:35:00-05:00,2024-03-21 23:35:00+00:00,-295.798,24.515,-271.283
2024-03-21T18:40:00-05:00,2024-03-21 23:40:00+00:00,-50.752,151.392,100.64
2024-03-21T18:45:00-05:00,2024-03-21 23:45:00+00:00,-22.966,238.902,215.936
2024-03-21T18:50:00-05:00,2024-03-21 23:50:00+00:00,-18.388,484.064,465.676
2024-03-21T18:55:00-05:00,2024-03-21 23:55:00+00:00,-29.987,639.12,609.133
2024-03-21T19:00:00-05:00,2024-03-22 00:00:00+00:00,-84.537,417.849,333.313
2024-03-21T19:05:00-05:00,2024-03-22 00:05:00+00:00,-323.463,229.125,-94.339
2024-03-21T19:10:00-05:00,2024-03-22 00:10:00+00:00,-223.67,221.054,-2.616
2024-03-21T19:15:00-05:00,2024-03-22 00:15:00+00:00,-44.62,507.512,462.892
2024-03-21T19:20:00-05:00,2024-03-22 00:20:00+00:00,-20.144,529.997,509.852
2024-03-21T19:25:00-05:00,2024-03-22 00:25:00+00:00,-46.728,473.621,426.893
2024-03-21T19:30:00-05:00,2024-03-22 00:30:00+00:00,-162.677,455.521,292.844
2024-03-21T19:35:00-05:00,2024-03-22 00:35:00+00:00,-257.914,414.969,157.056
2024-03-21T19:40:00-05:00,2024-03-22 00:40:00+00:00,-200.193,418.59,218.397
2024-03-21T19:45:00-05:00,2024-03-22 00:45:00+00:00,-51.058,596.497,545.439
2024-03-21T19:50:00-05:00,2024-03-22 00:50:00+00:00,-107.319,674.184,566.865
2024-03-21T19:55:00-05:00,2024-03-22 00:55:00+00:00,-186.157,626.689,440.532
2024-03-21T20:00:00-05:00,2024-03-22 01:00:00+00:00,-126.011,464.793,338.782
2024-03-21T20:05:00-05:00,2024-03-22 01:05:00+00:00,-79.762,555.779,476.018
2024-03-21T20:10:00-05:00,2024-03-22 01:10:00+00:00,-38.707,923.241,884.534
2024-03-21T20:15:00-05:00,2024-03-22 01:15:00+00:00,-63.118,1067.884,1004.766
2024-03-21T20:20:00-05:00,2024-03-22 01:20:00+00:00,-79.805,952.849,873.045
2024-03-21T20:25:00-05:00,2024-03-22 01:25:00+00:00,-72.948,853.338,780.389
2024-03-21T20:30:00-05:00,2024-03-22 01:30:00+00:00,-66.151,779.508,713.357
2024-03-21T20:35:00-05:00,2024-03-22 01:35:00+00:00,-60.398,876.672,816.274
2024-03-21T20:40:00-05:00,2024-03-22 01:40:00+00:00,-109.999,827.773,717.774
2024-03-21T20:45:00-05:00,2024-03-22 01:45:00+00:00,-145.957,785.716,639.759
2024-03-21T20:50:00-05:00,2024-03-22 01:50:00+00:00,-111.043,734.254,623.211
2024-03-21T20:55:00-05:00,2024-03-22 01:55:00+00:00,-76.976,679.038,602.063
2024-03-21T21:00:00-05:00,2024-03-22 02:00:00+00:00,-87.75,675.369,587.619
2024-03-21T21:05:00-05:00,2024-03-22 02:05:00+00:00,-56.818,747.875,691.056
2024-03-21T21:10:00-05:00,2024-03-22 02:10:00+00:00,-24.528,858.147,833.619
2024-03-21T21:15:00-05:00,2024-03-22 02:15:00+00:00,-41.589,981.759,940.17
2024-03-21T21:20:00-05:00,2024-03-22 02:20:00+00:00,-52.119,967.455,915.335
2024-03-21T21:25:00-05:00,2024-03-22 02:25:00+00:00,-18.956,866.869,847.913
2024-03-21T21:30:00-05:00,2024-03-22 02:30:00+00:00,-16.611,872.637,856.026
2024-03-21T21:35:00-05:00,2024-03-22 02:35:00+00:00,-14.174,976.941,962.767
2024-03-21T21:40:00-05:00,2024-03-22 02:40:00+00:00,-64.722,1043.785,979.063
2024-03-21T21:45:00-05:00,2024-03-22 02:45:00+00:00,-81.098,962.2,881.103
2024-03-21T21:50:00-05:00,2024-03-22 02:50:00+00:00,-42.288,841.732,799.444
2024-03-21T21:55:00-05:00,2024-03-22 02:55:00+00:00,-75.272,722.019,646.747
2024-03-21T22:00:00-05:00,2024-03-22 03:00:00+00:00,-101.645,690.304,588.659
2024-03-21T22:05:00-05:00,2024-03-22 03:05:00+00:00,-29.553,699.509,669.956
2024-03-21T22:10:00-05:00,2024-03-22 03:10:00+00:00,-12.349,554.885,542.536
2024-03-21T22:15:00-05:00,2024-03-22 03:15:00+00:00,-35.794,457.421,421.627
2024-03-21T22:20:00-05:00,2024-03-22 03:20:00+00:00,-65.904,335.662,269.759
2024-03-21T22:25:00-05:00,2024-03-22 03:25:00+00:00,-111.489,250.069,138.579
2024-03-21T22:30:00-05:00,2024-03-22 03:30:00+00:00,-119.393,146.024,26.631
2024-03-21T22:35:00-05:00,2024-03-22 03:35:00+00:00,-70.522,150.576,80.055
2024-03-21T22:40:00-05:00,2024-03-22 03:40:00+00:00,-78.684,108.801,30.117
2024-03-21T22:45:00-05:00,2024-03-22 03:45:00+00:00,-141.84,106.022,-35.818
2024-03-21T22:50:00-05:00,2024-03-22 03:50:00+00:00,-149.056,74.03,-75.026
2024-03-21T22:55:00-05:00,2024-03-22 03:55:00+00:00,-96.023,68.23,-27.793
2024-03-21T23:00:00-05:00,2024-03-22 04:00:00+00:00,-106.202,67.346,-38.856
2024-03-21T23:05:00-05:00,2024-03-22 04:05:00+00:00,-95.517,108.271,12.754
2024-03-21T23:10:00-05:00,2024-03-22 04:10:00+00:00,-152.736,184.768,32.033
2024-03-21T23:15:00-05:00,2024-03-22 04:15:00+00:00,-141.708,193.875,52.167
2024-03-21T23:20:00-05:00,2024-03-22 04:20:00+00:00,-59.332,187.538,128.207
2024-03-21T23:25:00-05:00,2024-03-22 04:25:00+00:00,-95.368,165.007,69.639
2024-03-21T23:30:00-05:00,2024-03-22 04:30:00+00:00,-145.965,113.699,-32.265
2024-03-21T23:35:00-05:00,2024-03-22 04:35:00+00:00,-69.694,73.174,3.48
2024-03-21T23:40:00-05:00,2024-03-22 04:40:00+00:00,-107.99,42.29,-65.7
2024-03-21T23:45:00-05:00,2024-03-22 04:45:00+00:00,-156.652,9.199,-147.453
2024-03-21T23:50:00-05:00,2024-03-22 04:50:00+00:00,-118.402,42.989,-75.412
2024-03-21T23:55:00-05:00,2024-03-22 04:55:00+00:00,-46.575,181.221,134.647
2024-03-22T00:00:00-05:00,2024-03-22 05:00:00+00:00,-48.935,152.838,103.902
2024-03-22T00:05:00-05:00,2024-03-22 05:05:00+00:00,-32.705,224.925,192.22
2024-03-22T00:10:00-05:00,2024-03-22 05:10:00+00:00,-32.772,373.813,341.042
2024-03-22T00:15:00-05:00,2024-03-22 05:15:00+00:00,-41.954,361.696,319.742
2024-03-22T00:20:00-05:00,2024-03-22 05:20:00+00:00,-106.002,241.667,135.665
2024-03-22T00:25:00-05:00,2024-03-22 05:25:00+00:00,-179.057,68.012,-111.045
2024-03-22T00:30:00-05:00,2024-03-22 05:30:00+00:00,-276.737,152.27,-124.467
2024-03-22T00:35:00-05:00,2024-03-22 05:35:00+00:00,-359.296,234.316,-124.979
2024-03-22T00:40:00-05:00,2024-03-22 05:40:00+00:00,-259.935,148.386,-111.549
2024-03-22T00:45:00-05:00,2024-03-22 05:45:00+00:00,-160.298,74.91,-85.387
2024-03-22T00:50:00-05:00,2024-03-22 05:50:00+00:00,-91.98,88.842,-3.137
2024-03-22T00:55:00-05:00,2024-03-22 05:55:00+00:00,-75.977,103.606,27.628
2024-03-22T01:00:00-05:00,2024-03-22 06:00:00+00:00,-96.494,69.818,-26.676
2024-03-22T01:05:00-05:00,2024-03-22 06:05:00+00:00,-192.533,84.788,-107.745
2024-03-22T01:10:00-05:00,2024-03-22 06:10:00+00:00,-281.568,108.758,-172.81
2024-03-22T01:15:00-05:00,2024-03-22 06:15:00+00:00,-176.187,211.057,34.87
2024-03-22T01:20:00-05:00,2024-03-22 06:20:00+00:00,-161.564,188.594,27.03
2024-03-22T01:25:00-05:00,2024-03-22 06:25:00+00:00,-237.344,109.438,-127.906
2024-03-22T01:30:00-05:00,2024-03-22 06:30:00+00:00,-264.609,109.245,-155.364
2024-03-22T01:35:00-05:00,2024-03-22 06:35:00+00:00,-235.94,124.169,-111.771
2024-03-22T01:40:00-05:00,2024-03-22 06:40:00+00:00,-151.737,73.931,-77.807
2024-03-22T01:45:00-05:00,2024-03-22 06:45:00+00:00,-163.605,48.123,-115.482
2024-03-22T01:50:00-05:00,2024-03-22 06:50:00+00:00,-158.927,77.147,-81.78
2024-03-22T01:55:00-05:00,2024-03-22 06:55:00+00:00,-189.142,149.336,-39.806
2024-03-22T02:00:00-05:00,2024-03-22 07:00:00+00:00,-161.932,142.426,-19.506
2024-03-22T02:05:00-05:00,2024-03-22 07:05:00+00:00,-219.457,131.024,-88.434
2024-03-22T02:10:00-05:00,2024-03-22 07:10:00+00:00,-191.888,91.911,-99.977
2024-03-22T02:15:00-05:00,2024-03-22 07:15:00+00:00,-209.817,19.436,-190.381
2024-03-22T02:20:00-05:00,2024-03-22 07:20:00+00:00,-282.778,1.661,-281.117
2024-03-22T02:25:00-05:00,2024-03-22 07:25:00+00:00,-245.714,45.502,-200.212
2024-03-22T02:30:00-05:00,2024-03-22 07:30:00+00:00,-173.367,139.859,-33.508
2024-03-22T02:35:00-05:00,2024-03-22 07:35:00+00:00,-128.448,75.222,-53.226
2024-03-22T02:40:00-05:00,2024-03-22 07:40:00+00:00,-116.066,14.272,-101.793
2024-03-22T02:45:00-05:00,2024-03-22 07:45:00+00:00,-130.765,26.548,-104.217
2024-03-22T02:50:00-05:00,2024-03-22 07:50:00+00:00,-96.504,65.206,-31.298
2024-03-22T02:55:00-05:00,2024-03-22 07:55:00+00:00,-131.511,65.62,-65.891
2024-03-22T03:00:00-05:00,2024-03-22 08:00:00+00:00,-141.753,22.389,-119.364
2024-03-22T03:05:00-05:00,2024-03-22 08:05:00+00:00,-150.679,65.893,-84.786
2024-03-22T03:10:00-05:00,2024-03-22 08:10:00+00:00,-214.27,70.787,-143.483
2024-03-22T03:15:00-05:00,2024-03-22 08:15:00+00:00,-190.108,66.597,-123.511
2024-03-22T03:20:00-05:00,2024-03-22 08:20:00+00:00,-198.589,138.545,-60.044
2024-03-22T03:25:00-05:00,2024-03-22 08:25:00+00:00,-275.396,165.317,-110.079
2024-03-22T03:30:00-05:00,2024-03-22 08:30:00+00:00,-245.113,87.25,-157.863
2024-03-22T03:35:00-05:00,2024-03-22 08:35:00+00:00,-262.31,11.28,-251.03
2024-03-22T03:40:00-05:00,2024-03-22 08:40:00+00:00,-237.158,82.859,-154.299
2024-03-22T03:45:00-05:00,2024-03-22 08:45:00+00:00,-227.642,157.992,-69.65
2024-03-22T03:50:00-05:00,2024-03-22 08:50:00+00:00,-222.915,140.234,-82.681
2024-03-22T03:55:00-05:00,2024-03-22 08:55:00+00:00,-197.357,84.357,-113.0
2024-03-22T04:00:00-05:00,2024-03-22 09:00:00+00:00,-201.715,132.925,-68.79
2024-03-22T04:05:00-05:00,2024-03-22 09:05:00+00:00,-156.192,252.525,96.333
2024-03-22T04:10:00-05:00,2024-03-22 09:10:00+00:00,-115.911,98.217,-17.694
2024-03-22T04:15:00-05:00,2024-03-22 09:15:00+00:00,-94.555,42.149,-52.405
2024-03-22T04:20:00-05:00,2024-03-22 09:20:00+00:00,-202.912,80.561,-122.35
2024-03-22T04:25:00-05:00,2024-03-22 09:25:00+00:00,-355.069,94.968,-260.101
2024-03-22T04:30:00-05:00,2024-03-22 09:30:00+00:00,-297.827,48.087,-249.74
2024-03-22T04:35:00-05:00,2024-03-22 09:35:00+00:00,-328.108,63.222,-264.887
2024-03-22T04:40:00-05:00,2024-03-22 09:40:00+00:00,-271.856,96.009,-175.847
2024-03-22T04:45:00-05:00,2024-03-22 09:45:00+00:00,-255.838,69.167,-186.671
2024-03-22T04:50:00-05:00,2024-03-22 09:50:00+00:00,-262.919,70.291,-192.628
2024-03-22T04:55:00-05:00,2024-03-22 09:55:00+00:00,-280.474,67.879,-212.596
2024-03-22T05:00:00-05:00,2024-03-22 10:00:00+00:00,-209.491,102.447,-107.044
2024-03-22T05:05:00-05:00,2024-03-22 10:05:00+00:00,-252.063,130.059,-122.004
2024-03-22T05:10:00-05:00,2024-03-22 10:10:00+00:00,-224.138,121.68,-102.458
2024-03-22T05:15:00-05:00,2024-03-22 10:15:00+00:00,-311.186,169.078,-142.108
2024-03-22T05:20:00-05:00,2024-03-22 10:20:00+00:00,-249.285,166.277,-83.008
2024-03-22T05:25:00-05:00,2024-03-22 10:25:00+00:00,-138.159,150.903,12.744
2024-03-22T05:30:00-05:00,2024-03-22 10:30:00+00:00,-183.203,97.586,-85.617
2024-03-22T05:35:00-05:00,2024-03-22 10:35:00+00:00,-192.925,152.448,-40.477
2024-03-22T05:40:00-05:00,2024-03-22 10:40:00+00:00,-222.332,171.904,-50.428
2024-03-22T05:45:00-05:00,2024-03-22 10:45:00+00:00,-126.08,300.251,174.171
2024-03-22T05:50:00-05:00,2024-03-22 10:50:00+00:00,-168.738,212.291,43.552
2024-03-22T05:55:00-05:00,2024-03-22 10:55:00+00:00,-211.62,174.867,-36.753
2024-03-22T06:00:00-05:00,2024-03-22 11:00:00+00:00,-93.454,136.351,42.896
2024-03-22T06:05:00-05:00,2024-03-22 11:05:00+00:00,-128.362,183.823,55.461
2024-03-22T06:10:00-05:00,2024-03-22 11:10:00+00:00,-124.472,310.908,186.435
2024-03-22T06:15:00-05:00,2024-03-22 11:15:00+00:00,-120.977,265.471,144.493
2024-03-22T06:20:00-05:00,2024-03-22 11:20:00+00:00,-102.805,384.537,281.732
2024-03-22T06:25:00-05:00,2024-03-22 11:25:00+00:00,-86.987,575.326,488.339
2024-03-22T06:30:00-05:00,2024-03-22 11:30:00+00:00,-87.438,631.358,543.92
2024-03-22T06:35:00-05:00,2024-03-22 11:35:00+00:00,-103.582,578.904,475.322
2024-03-22T06:40:00-05:00,2024-03-22 11:40:00+00:00,-69.776,641.974,572.198
2024-03-22T06:45:00-05:00,2024-03-22 11:45:00+00:00,-87.438,609.074,521.636
2024-03-22T06:50:00-05:00,2024-03-22 11:50:00+00:00,-108.031,645.587,537.555
2024-03-22T06:55:00-05:00,2024-03-22 11:55:00+00:00,-197.711,442.705,244.993
2024-03-22T07:00:00-05:00,2024-03-22 12:00:00+00:00,-233.278,356.861,123.583
2024-03-22T07:05:00-05:00,2024-03-22 12:05:00+00:00,-136.721,574.538,437.818
2024-03-22T07:10:00-05:00,2024-03-22 12:10:00+00:00,-67.026,547.642,480.615
2024-03-22T07:15:00-05:00,2024-03-22 12:15:00+00:00,-74.948,509.167,434.22
2024-03-22T07:20:00-05:00,2024-03-22 12:20:00+00:00,-137.715,374.405,236.69
2024-03-22T07:25:00-05:00,2024-03-22 12:25:00+00:00,-113.67,340.311,226.641
2024-03-22T07:30:00-05:00,2024-03-22 12:30:00+00:00,-79.887,392.427,312.54
2024-03-22T07:35:00-05:00,2024-03-22 12:35:00+00:00,-99.059,381.584,282.524
2024-03-22T07:40:00-05:00,2024-03-22 12:40:00+00:00,-178.335,325.962,147.627
2024-03-22T07:45:00-05:00,2024-03-22 12:45:00+00:00,-261.647,242.083,-19.564
2024-03-22T07:50:00-05:00,2024-03-22 12:50:00+00:00,-262.292,153.24,-109.052
2024-03-22T07:55:00-05:00,2024-03-22 12:55:00+00:00,-127.81,273.271,145.46
2024-03-22T08:00:00-05:00,2024-03-22 13:00:00+00:00,-112.591,364.187,251.596
2024-03-22T08:05:00-05:00,2024-03-22 13:05:00+00:00,-137.823,188.834,51.011
2024-03-22T08:10:00-05:00,2024-03-22 13:10:00+00:00,-335.017,77.602,-257.414
2024-03-22T08:15:00-05:00,2024-03-22 13:15:00+00:00,-533.909,29.976,-503.933
2024-03-22T08:20:00-05:00,2024-03-22 13:20:00+00:00,-439.55,67.194,-372.357
2024-03-22T08:25:00-05:00,2024-03-22 13:25:00+00:00,-147.779,181.833,34.054
2024-03-22T08:30:00-05:00,2024-03-22 13:30:00+00:00,-138.732,138.583,-0.149
2024-03-22T08:35:00-05:00,2024-03-22 13:35:00+00:00,-322.311,43.399,-278.912
2024-03-22T08:40:00-05:00,2024-03-22 13:40:00+00:00,-316.387,67.875,-248.512
2024-03-22T08:45:00-05:00,2024-03-22 13:45:00+00:00,-106.913,158.722,51.809
2024-03-22T08:50:00-05:00,2024-03-22 13:50:00+00:00,-222.331,112.55,-109.781
2024-03-22T08:55:00-05:00,2024-03-22 13:55:00+00:00,-353.008,41.172,-311.835
2024-03-22T09:00:00-05:00,2024-03-22 14:00:00+00:00,-393.769,33.14,-360.628
2024-03-22T09:05:00-05:00,2024-03-22 14:05:00+00:00,-359.376,107.91,-251.466
2024-03-22T09:10:00-05:00,2024-03-22 14:10:00+00:00,-424.773,74.835,-349.938
2024-03-22T09:15:00-05:00,2024-03-22 14:15:00+00:00,-444.321,49.3,-395.022
2024-03-22T09:20:00-05:00,2024-03-22 14:20:00+00:00,-582.236,42.102,-540.134
2024-03-22T09:25:00-05:00,2024-03-22 14:25:00+00:00,-678.767,45.204,-633.563
2024-03-22T09:30:00-05:00,2024-03-22 14:30:00+00:00,-431.023,39.209,-391.814
2024-03-22T09:35:00-05:00,2024-03-22 14:35:00+00:00,-167.603,197.478,29.874
2024-03-22T09:40:00-05:00,2024-03-22 14:40:00+00:00,-122.053,243.937,121.884
2024-03-22T09:45:00-05:00,2024-03-22 14:45:00+00:00,-281.704,44.144,-237.56
2024-03-22T09:50:00-05:00,2024-03-22 14:50:00+00:00,-450.415,31.388,-419.027
2024-03-22T09:55:00-05:00,2024-03-22 14:55:00+00:00,-317.742,141.404,-176.337
2024-03-22T10:00:00-05:00,2024-03-22 15:00:00+00:00,-202.802,151.087,-51.715
2024-03-22T10:05:00-05:00,2024-03-22 15:05:00+00:00,-342.119,31.818,-310.301
2024-03-22T10:10:00-05:00,2024-03-22 15:10:00+00:00,-564.666,52.164,-512.502
2024-03-22T10:15:00-05:00,2024-03-22 15:15:00+00:00,-471.415,30.782,-440.633
2024-03-22T10:20:00-05:00,2024-03-22 15:20:00+00:00,-397.609,28.803,-368.806
2024-03-22T10:25:00-05:00,2024-03-22 15:25:00+00:00,-428.862,23.017,-405.845
2024-03-22T10:30:00-05:00,2024-03-22 15:30:00+00:00,-520.668,20.869,-499.799
2024-03-22T10:35:00-05:00,2024-03-22 15:35:00+00:00,-422.68,18.029,-404.651
2024-03-22T10:40:00-05:00,2024-03-22 15:40:00+00:00,-373.15,15.714,-357.435
2024-03-22T10:45:00-05:00,2024-03-22 15:45:00+00:00,-450.716,15.556,-435.16
2024-03-22T10:50:00-05:00,2024-03-22 15:50:00+00:00,-463.204,14.327,-448.878
2024-03-22T10:55:00-05:00,2024-03-22 15:55:00+00:00,-372.711,29.571,-343.14
2024-03-22T11:00:00-05:00,2024-03-22 16:00:00+00:00,-283.92,22.945,-260.975
2024-03-22T11:05:00-05:00,2024-03-22 16:05:00+00:00,-351.128,30.1,-321.028
2024-03-22T11:10:00-05:00,2024-03-22 16:10:00+00:00,-285.675,65.825,-219.85
2024-03-22T11:15:00-05:00,2024-03-22 16:15:00+00:00,-279.402,71.122,-208.28
2024-03-22T11:20:00-05:00,2024-03-22 16:20:00+00:00,-355.726,78.729,-276.997
2024-03-22T11:25:00-05:00,2024-03-22 16:25:00+00:00,-297.133,164.877,-132.255
2024-03-22T11:30:00-05:00,2024-03-22 16:30:00+00:00,-256.379,219.375,-37.004
2024-03-22T11:35:00-05:00,2024-03-22 16:35:00+00:00,-273.131,127.121,-146.011
2024-03-22T11:40:00-05:00,2024-03-22 16:40:00+00:00,-356.05,98.363,-257.686
2024-03-22T11:45:00-05:00,2024-03-22 16:45:00+00:00,-364.988,116.913,-248.075
2024-03-22T11:50:00-05:00,2024-03-22 16:50:00+00:00,-391.089,203.068,-188.021
2024-03-22T11:55:00-05:00,2024-03-22 16:55:00+00:00,-482.122,115.925,-366.198
2024-03-22T12:00:00-05:00,2024-03-22 17:00:00+00:00,-610.932,83.993,-526.939
2024-03-22T12:05:00-05:00,2024-03-22 17:05:00+00:00,-520.863,142.052,-378.811
2024-03-22T12:10:00-05:00,2024-03-22 17:10:00+00:00,-526.836,232.512,-294.324
2024-03-22T12:15:00-05:00,2024-03-22 17:15:00+00:00,-636.305,119.573,-516.732
2024-03-22T12:20:00-05:00,2024-03-22 17:20:00+00:00,-744.652,78.567,-666.085
2024-03-22T12:25:00-05:00,2024-03-22 17:25:00+00:00,-777.523,82.861,-694.662
2024-03-22T12:30:00-05:00,2024-03-22 17:30:00+00:00,-808.543,62.362,-746.18
2024-03-22T12:35:00-05:00,2024-03-22 17:35:00+00:00,-811.401,60.665,-750.735
2024-03-22T12:40:00-05:00,2024-03-22 17:40:00+00:00,-789.725,185.955,-603.77
2024-03-22T12:45:00-05:00,2024-03-22 17:45:00+00:00,-851.17,285.641,-565.529
2024-03-22T12:50:00-05:00,2024-03-22 17:50:00+00:00,-860.853,173.315,-687.538
2024-03-22T12:55:00-05:00,2024-03-22 17:55:00+00:00,-926.393,76.681,-849.712
2024-03-22T13:00:00-05:00,2024-03-22 18:00:00+00:00,-1005.536,67.753,-937.783
2024-03-22T13:05:00-05:00,2024-03-22 18:05:00+00:00,-1045.627,51.742,-993.884
2024-03-22T13:10:00-05:00,2024-03-22 18:10:00+00:00,-955.336,53.041,-902.294
2024-03-22T13:15:00-05:00,2024-03-22 18:15:00+00:00,-823.285,82.314,-740.971
2024-03-22T13:20:00-05:00,2024-03-22 18:20:00+00:00,-699.602,139.469,-560.133
2024-03-22T13:25:00-05:00,2024-03-22 18:25:00+00:00,-602.264,96.657,-505.606
2024-03-22T13:30:00-05:00,2024-03-22 18:30:00+00:00,-625.603,60.504,-565.099
2024-03-22T13:35:00-05:00,2024-03-22 18:35:00+00:00,-709.497,24.949,-684.548
2024-03-22T13:40:00-05:00,2024-03-22 18:40:00+00:00,-639.785,48.008,-591.777
2024-03-22T13:45:00-05:00,2024-03-22 18:45:00+00:00,-602.05,225.048,-377.002
2024-03-22T13:50:00-05:00,2024-03-22 18:50:00+00:00,-670.459,92.001,-578.458
2024-03-22T13:55:00-05:00,2024-03-22 18:55:00+00:00,-702.292,93.733,-608.559
2024-03-22T14:00:00-05:00,2024-03-22 19:00:00+00:00,-708.144,150.235,-557.909
2024-03-22T14:05:00-05:00,2024-03-22 19:05:00+00:00,-730.437,99.623,-630.814
2024-03-22T14:10:00-05:00,2024-03-22 19:10:00+00:00,-801.048,4.417,-796.631
2024-03-22T14:15:00-05:00,2024-03-22 19:15:00+00:00,-975.479,2.089,-973.39
2024-03-22T14:20:00-05:00,2024-03-22 19:20:00+00:00,-895.603,2.318,-893.285
2024-03-22T14:25:00-05:00,2024-03-22 19:25:00+00:00,-699.68,26.171,-673.509
2024-03-22T14:30:00-05:00,2024-03-22 19:30:00+00:00,-545.629,136.313,-409.316
2024-03-22T14:35:00-05:00,2024-03-22 19:35:00+00:00,-497.301,210.732,-286.569
2024-03-22T14:40:00-05:00,2024-03-22 19:40:00+00:00,-493.043,86.883,-406.16
2024-03-22T14:45:00-05:00,2024-03-22 19:45:00+00:00,-482.199,83.122,-399.077
2024-03-22T14:50:00-05:00,2024-03-22 19:50:00+00:00,-460.445,87.038,-373.408
2024-03-22T14:55:00-05:00,2024-03-22 19:55:00+00:00,-441.135,3.065,-438.069
2024-03-22T15:00:00-05:00,2024-03-22 20:00:00+00:00,-357.871,9.33,-348.541
2024-03-22T15:05:00-05:00,2024-03-22 20:05:00+00:00,-337.331,27.797,-309.534
2024-03-22T15:10:00-05:00,2024-03-22 20:10:00+00:00,-302.48,37.043,-265.437
2024-03-22T15:15:00-05:00,2024-03-22 20:15:00+00:00,-257.117,46.872,-210.245
2024-03-22T15:20:00-05:00,2024-03-22 20:20:00+00:00,-181.021,79.356,-101.665
2024-03-22T15:25:00-05:00,2024-03-22 20:25:00+00:00,-223.607,66.626,-156.982
2024-03-22T15:30:00-05:00,2024-03-22 20:30:00+00:00,-294.465,34.38,-260.086
2024-03-22T15:35:00-05:00,2024-03-22 20:35:00+00:00,-446.577,2.723,-443.854
2024-03-22T15:40:00-05:00,2024-03-22 20:40:00+00:00,-336.614,1.419,-335.195
2024-03-22T15:45:00-05:00,2024-03-22 20:45:00+00:00,-352.726,22.704,-330.022
2024-03-22T15:50:00-05:00,2024-03-22 20:50:00+00:00,-315.527,31.22,-284.307
2024-03-22T15:55:00-05:00,2024-03-22 20:55:00+00:00,-247.105,125.963,-121.142
2024-03-22T16:00:00-05:00,2024-03-22 21:00:00+00:00,-215.12,188.544,-26.576
2024-03-22T16:05:00-05:00,2024-03-22 21:05:00+00:00,-174.392,110.852,-63.54
2024-03-22T16:10:00-05:00,2024-03-22 21:10:00+00:00,-261.178,57.749,-203.429
2024-03-22T16:15:00-05:00,2024-03-22 21:15:00+00:00,-114.002,174.898,60.897
2024-03-22T16:20:00-05:00,2024-03-22 21:20:00+00:00,-115.909,181.737,65.828
2024-03-22T16:25:00-05:00,2024-03-22 21:25:00+00:00,-198.738,65.233,-133.506
2024-03-22T16:30:00-05:00,2024-03-22 21:30:00+00:00,-142.749,133.641,-9.108
2024-03-22T16:35:00-05:00,2024-03-22 21:35:00+00:00,-148.812,219.959,71.147
2024-03-22T16:40:00-05:00,2024-03-22 21:40:00+00:00,-265.003,118.444,-146.559
2024-03-22T16:45:00-05:00,2024-03-22 21:45:00+00:00,-352.21,86.104,-266.106
2024-03-22T16:50:00-05:00,2024-03-22 21:50:00+00:00,-277.843,84.123,-193.72
2024-03-22T16:55:00-05:00,2024-03-22 21:55:00+00:00,-123.837,129.137,5.3
2024-03-22T17:00:00-05:00,2024-03-22 22:00:00+00:00,-79.391,163.639,84.248
2024-03-22T17:05:00-05:00,2024-03-22 22:05:00+00:00,-224.697,82.528,-142.169
2024-03-22T17:10:00-05:00,2024-03-22 22:10:00+00:00,-236.287,45.725,-190.562
2024-03-22T17:15:00-05:00,2024-03-22 22:15:00+00:00,-106.03,107.872,1.842
2024-03-22T17:20:00-05:00,2024-03-22 22:20:00+00:00,-48.546,220.43,171.883
2024-03-22T17:25:00-05:00,2024-03-22 22:25:00+00:00,-61.93,183.181,121.252
2024-03-22T17:30:00-05:00,2024-03-22 22:30:00+00:00,-180.999,57.546,-123.453
2024-03-22T17:35:00-05:00,2024-03-22 22:35:00+00:00,-324.232,32.78,-291.452
2024-03-22T17:40:00-05:00,2024-03-22 22:40:00+00:00,-301.528,22.057,-279.471
2024-03-22T17:45:00-05:00,2024-03-22 22:45:00+00:00,-201.079,21.174,-179.905
2024-03-22T17:50:00-05:00,2024-03-22 22:50:00+00:00,-92.952,166.022,73.07
2024-03-22T17:55:00-05:00,2024-03-22 22:55:00+00:00,-30.737,400.306,369.569
2024-03-22T18:00:00-05:00,2024-03-22 23:00:00+00:00,-82.654,162.349,79.695
2024-03-22T18:05:00-05:00,2024-03-22 23:05:00+00:00,-258.724,53.632,-205.092
2024-03-22T18:10:00-05:00,2024-03-22 23:10:00+00:00,-271.469,92.093,-179.377
2024-03-22T18:15:00-05:00,2024-03-22 23:15:00+00:00,-66.524,230.862,164.338
2024-03-22T18:20:00-05:00,2024-03-22 23:20:00+00:00,-71.544,121.124,49.579
2024-03-22T18:25:00-05:00,2024-03-22 23:25:00+00:00,-121.124,66.138,-54.986
2024-03-22T18:30:00-05:00,2024-03-22 23:30:00+00:00,-100.667,70.639,-30.028
2024-03-22T18:35:00-05:00,2024-03-22 23:35:00+00:00,-29.398,209.876,180.478
2024-03-22T18:40:00-05:00,2024-03-22 23:40:00+00:00,-13.565,558.848,545.283
2024-03-22T18:45:00-05:00,2024-03-22 23:45:00+00:00,-14.918,767.502,752.584
2024-03-22T18:50:00-05:00,2024-03-22 23:50:00+00:00,-24.941,595.934,570.994
2024-03-22T18:55:00-05:00,2024-03-22 23:55:00+00:00,-29.492,473.796,444.303
2024-03-22T19:00:00-05:00,2024-03-23 00:00:00+00:00,-53.909,433.676,379.767
2024-03-22T19:05:00-05:00,2024-03-23 00:05:00+00:00,-95.663,392.806,297.143
2024-03-22T19:10:00-05:00,2024-03-23 00:10:00+00:00,-95.661,488.19,392.529
2024-03-22T19:15:00-05:00,2024-03-23 00:15:00+00:00,-92.351,368.339,275.988
2024-03-22T19:20:00-05:00,2024-03-23 00:20:00+00:00,-75.435,350.523,275.089
2024-03-22T19:25:00-05:00,2024-03-23 00:25:00+00:00,-129.48,334.681,205.201
2024-03-22T19:30:00-05:00,2024-03-23 00:30:00+00:00,-103.869,286.777,182.908
2024-03-22T19:35:00-05:00,2024-03-23 00:35:00+00:00,-116.413,227.468,111.055
2024-03-22T19:40:00-05:00,2024-03-23 00:40:00+00:00,-125.119,225.659,100.54
2024-03-22T19:45:00-05:00,2024-03-23 00:45:00+00:00,-180.974,286.09,105.116
2024-03-22T19:50:00-05:00,2024-03-23 00:50:00+00:00,-182.706,392.708,210.003
2024-03-22T19:55:00-05:00,2024-03-23 00:55:00+00:00,-107.134,446.711,339.577
2024-03-22T20:00:00-05:00,2024-03-23 01:00:00+00:00,-259.339,390.267,130.929
2024-03-22T20:05:00-05:00,2024-03-23 01:05:00+00:00,-162.103,318.219,156.116
2024-03-22T20:10:00-05:00,2024-03-23 01:10:00+00:00,-124.578,303.93,179.352
2024-03-22T20:15:00-05:00,2024-03-23 01:15:00+00:00,-129.294,272.889,143.596
2024-03-22T20:20:00-05:00,2024-03-23 01:20:00+00:00,-136.784,296.815,160.031
2024-03-22T20:25:00-05:00,2024-03-23 01:25:00+00:00,-122.195,251.484,129.288
2024-03-22T20:30:00-05:00,2024-03-23 01:30:00+00:00,-83.872,205.677,121.805
2024-03-22T20:35:00-05:00,2024-03-23 01:35:00+00:00,-120.725,155.299,34.574
2024-03-22T20:40:00-05:00,2024-03-23 01:40:00+00:00,-204.348,109.49,-94.857
2024-03-22T20:45:00-05:00,2024-03-23 01:45:00+00:00,-179.402,128.275,-51.127
2024-03-22T20:50:00-05:00,2024-03-23 01:50:00+00:00,-158.518,146.966,-11.552
2024-03-22T20:55:00-05:00,2024-03-23 01:55:00+00:00,-149.599,150.34,0.741
2024-03-22T21:00:00-05:00,2024-03-23 02:00:00+00:00,-169.202,140.073,-29.129
2024-03-22T21:05:00-05:00,2024-03-23 02:05:00+00:00,-181.124,96.556,-84.568
2024-03-22T21:10:00-05:00,2024-03-23 02:10:00+00:00,-164.515,178.793,14.277
2024-03-22T21:15:00-05:00,2024-03-23 02:15:00+00:00,-157.775,131.676,-26.099
2024-03-22T21:20:00-05:00,2024-03-23 02:20:00+00:00,-141.59,113.413,-28.177
2024-03-22T21:25:00-05:00,2024-03-23 02:25:00+00:00,-120.821,146.508,25.687
2024-03-22T21:30:00-05:00,2024-03-23 02:30:00+00:00,-153.68,46.996,-106.684
2024-03-22T21:35:00-05:00,2024-03-23 02:35:00+00:00,-137.985,77.059,-60.926
2024-03-22T21:40:00-05:00,2024-03-23 02:40:00+00:00,-66.884,259.885,193.0
2024-03-22T21:45:00-05:00,2024-03-23 02:45:00+00:00,-90.309,162.65,72.341
2024-03-22T21:50:00-05:00,2024-03-23 02:50:00+00:00,-136.466,27.272,-109.194
2024-03-22T21:55:00-05:00,2024-03-23 02:55:00+00:00,-146.838,29.439,-117.399
2024-03-22T22:00:00-05:00,2024-03-23 03:00:00+00:00,-70.364,56.456,-13.909
2024-03-22T22:05:00-05:00,2024-03-23 03:05:00+00:00,-76.346,47.139,-29.207
2024-03-22T22:10:00-05:00,2024-03-23 03:10:00+00:00,-84.037,88.556,4.519
2024-03-22T22:15:00-05:00,2024-03-23 03:15:00+00:00,-99.117,63.875,-35.242
2024-03-22T22:20:00-05:00,2024-03-23 03:20:00+00:00,-162.305,9.445,-152.86
2024-03-22T22:25:00-05:00,2024-03-23 03:25:00+00:00,-243.805,4.403,-239.402
2024-03-22T22:30:00-05:00,2024-03-23 03:30:00+00:00,-195.135,19.259,-175.876
2024-03-22T22:35:00-05:00,2024-03-23 03:35:00+00:00,-118.057,43.147,-74.91
2024-03-22T22:40:00-05:00,2024-03-23 03:40:00+00:00,-119.577,37.406,-82.171
2024-03-22T22:45:00-05:00,2024-03-23 03:45:00+00:00,-96.342,42.243,-54.099
2024-03-22T22:50:00-05:00,2024-03-23 03:50:00+00:00,-44.95,151.307,106.357
2024-03-22T22:55:00-05:00,2024-03-23 03:55:00+00:00,-46.165,149.58,103.415
2024-03-22T23:00:00-05:00,2024-03-23 04:00:00+00:00,-131.185,22.954,-108.231
2024-03-22T23:05:00-05:00,2024-03-23 04:05:00+00:00,-241.729,8.378,-233.351
2024-03-22T23:10:00-05:00,2024-03-23 04:10:00+00:00,-65.033,34.841,-30.192
2024-03-22T23:15:00-05:00,2024-03-23 04:15:00+00:00,-37.279,41.486,4.208
2024-03-22T23:20:00-05:00,2024-03-23 04:20:00+00:00,-69.873,48.203,-21.67
2024-03-22T23:25:00-05:00,2024-03-23 04:25:00+00:00,-114.928,31.652,-83.276
2024-03-22T23:30:00-05:00,2024-03-23 04:30:00+00:00,-104.277,29.181,-75.096
2024-03-22T23:35:00-05:00,2024-03-23 04:35:00+00:00,-88.511,22.63,-65.881
2024-03-22T23:40:00-05:00,2024-03-23 04:40:00+00:00,-126.237,22.452,-103.784
2024-03-22T23:45:00-05:00,2024-03-23 04:45:00+00:00,-97.388,31.025,-66.362
2024-03-22T23:50:00-05:00,2024-03-23 04:50:00+00:00,-67.033,40.452,-26.581
2024-03-22T23:55:00-05:00,2024-03-23 04:55:00+00:00,-151.691,41.632,-110.059
2024-03-23T00:00:00-05:00,2024-03-23 05:00:00+00:00,-225.007,49.235,-175.772
2024-03-23T00:05:00-05:00,2024-03-23 05:05:00+00:00,-157.271,66.441,-90.83
2024-03-23T00:10:00-05:00,2024-03-23 05:10:00+00:00,-145.54,147.174,1.634
2024-03-23T00:15:00-05:00,2024-03-23 05:15:00+00:00,-179.084,98.375,-80.709
2024-03-23T00:20:00-05:00,2024-03-23 05:20:00+00:00,-278.594,16.16,-262.434
2024-03-23T00:25:00-05:00,2024-03-23 05:25:00+00:00,-314.929,5.556,-309.374
2024-03-23T00:30:00-05:00,2024-03-23 05:30:00+00:00,-289.506,18.023,-271.483
2024-03-23T00:35:00-05:00,2024-03-23 05:35:00+00:00,-218.11,28.796,-189.314
2024-03-23T00:40:00-05:00,2024-03-23 05:40:00+00:00,-195.453,79.132,-116.321
2024-03-23T00:45:00-05:00,2024-03-23 05:45:00+00:00,-196.029,59.592,-136.438
2024-03-23T00:50:00-05:00,2024-03-23 05:50:00+00:00,-190.042,40.037,-150.005
2024-03-23T00:55:00-05:00,2024-03-23 05:55:00+00:00,-184.256,11.115,-173.14
2024-03-23T01:00:00-05:00,2024-03-23 06:00:00+00:00,-207.46,7.904,-199.556
2024-03-23T01:05:00-05:00,2024-03-23 06:05:00+00:00,-151.519,50.727,-100.792
2024-03-23T01:10:00-05:00,2024-03-23 06:10:00+00:00,-62.827,105.898,43.071
2024-03-23T01:15:00-05:00,2024-03-23 06:15:00+00:00,-69.43,58.952,-10.478
2024-03-23T01:20:00-05:00,2024-03-23 06:20:00+00:00,-75.153,40.642,-34.511
2024-03-23T01:25:00-05:00,2024-03-23 06:25:00+00:00,-40.385,151.144,110.759
2024-03-23T01:30:00-05:00,2024-03-23 06:30:00+00:00,-39.346,168.677,129.331
2024-03-23T01:35:00-05:00,2024-03-23 06:35:00+00:00,-74.884,75.525,0.641
2024-03-23T01:40:00-05:00,2024-03-23 06:40:00+00:00,-122.071,47.462,-74.609
2024-03-23T01:45:00-05:00,2024-03-23 06:45:00+00:00,-147.814,39.757,-108.057
2024-03-23T01:50:00-05:00,2024-03-23 06:50:00+00:00,-102.062,58.196,-43.866
2024-03-23T01:55:00-05:00,2024-03-23 06:55:00+00:00,-79.471,67.632,-11.839
2024-03-23T02:00:00-05:00,2024-03-23 07:00:00+00:00,-50.733,78.852,28.119
2024-03-23T02:05:00-05:00,2024-03-23 07:05:00+00:00,-38.448,83.899,45.45
2024-03-23T02:10:00-05:00,2024-03-23 07:10:00+00:00,-63.413,25.078,-38.335
2024-03-23T02:15:00-05:00,2024-03-23 07:15:00+00:00,-83.817,31.742,-52.075
2024-03-23T02:20:00-05:00,2024-03-23 07:20:00+00:00,-78.913,47.93,-30.983
2024-03-23T02:25:00-05:00,2024-03-23 07:25:00+00:00,-150.637,38.799,-111.839
2024-03-23T02:30:00-05:00,2024-03-23 07:30:00+00:00,-179.534,30.766,-148.768
2024-03-23T02:35:00-05:00,2024-03-23 07:35:00+00:00,-116.032,35.994,-80.038
2024-03-23T02:40:00-05:00,2024-03-23 07:40:00+00:00,-61.95,99.373,37.423
2024-03-23T02:45:00-05:00,2024-03-23 07:45:00+00:00,-57.777,97.546,39.77
2024-03-23T02:50:00-05:00,2024-03-23 07:50:00+00:00,-89.483,65.115,-24.368
2024-03-23T02:55:00-05:00,2024-03-23 07:55:00+00:00,-177.169,44.383,-132.786
2024-03-23T03:00:00-05:00,2024-03-23 08:00:00+00:00,-100.871,58.859,-42.012
2024-03-23T03:05:00-05:00,2024-03-23 08:05:00+00:00,-58.493,83.054,24.561
2024-03-23T03:10:00-05:00,2024-03-23 08:10:00+00:00,-60.212,85.962,25.75
2024-03-23T03:15:00-05:00,2024-03-23 08:15:00+00:00,-67.013,61.465,-5.547
2024-03-23T03:20:00-05:00,2024-03-23 08:20:00+00:00,-64.323,59.611,-4.712
2024-03-23T03:25:00-05:00,2024-03-23 08:25:00+00:00,-98.881,10.738,-88.143
2024-03-23T03:30:00-05:00,2024-03-23 08:30:00+00:00,-97.152,28.549,-68.603
2024-03-23T03:35:00-05:00,2024-03-23 08:35:00+00:00,-77.423,11.339,-66.083
2024-03-23T03:40:00-05:00,2024-03-23 08:40:00+00:00,-45.023,13.583,-31.44
2024-03-23T03:45:00-05:00,2024-03-23 08:45:00+00:00,-36.872,37.611,0.739
2024-03-23T03:50:00-05:00,2024-03-23 08:50:00+00:00,-32.622,64.509,31.888
2024-03-23T03:55:00-05:00,2024-03-23 08:55:00+00:00,-26.601,80.2,53.599
2024-03-23T04:00:00-05:00,2024-03-23 09:00:00+00:00,-16.245,150.242,133.997
2024-03-23T04:05:00-05:00,2024-03-23 09:05:00+00:00,-43.393,175.436,132.043
2024-03-23T04:10:00-05:00,2024-03-23 09:10:00+00:00,-114.301,29.552,-84.749
2024-03-23T04:15:00-05:00,2024-03-23 09:15:00+00:00,-95.206,38.034,-57.171
2024-03-23T04:20:00-05:00,2024-03-23 09:20:00+00:00,-58.171,134.328,76.157
2024-03-23T04:25:00-05:00,2024-03-23 09:25:00+00:00,-71.156,91.883,20.727
2024-03-23T04:30:00-05:00,2024-03-23 09:30:00+00:00,-50.804,56.728,5.924
2024-03-23T04:35:00-05:00,2024-03-23 09:35:00+00:00,-75.023,16.838,-58.185
2024-03-23T04:40:00-05:00,2024-03-23 09:40:00+00:00,-50.175,91.509,41.335
2024-03-23T04:45:00-05:00,2024-03-23 09:45:00+00:00,-62.074,117.275,55.201
2024-03-23T04:50:00-05:00,2024-03-23 09:50:00+00:00,-136.068,79.306,-56.762
2024-03-23T04:55:00-05:00,2024-03-23 09:55:00+00:00,-222.12,60.503,-161.618
2024-03-23T05:00:00-05:00,2024-03-23 10:00:00+00:00,-279.246,117.93,-161.316
2024-03-23T05:05:00-05:00,2024-03-23 10:05:00+00:00,-149.522,219.519,69.997
2024-03-23T05:10:00-05:00,2024-03-23 10:10:00+00:00,-71.072,175.551,104.479
2024-03-23T05:15:00-05:00,2024-03-23 10:15:00+00:00,-156.954,169.923,12.969
2024-03-23T05:20:00-05:00,2024-03-23 10:20:00+00:00,-92.785,152.463,59.678
2024-03-23T05:25:00-05:00,2024-03-23 10:25:00+00:00,-214.482,149.761,-64.722
2024-03-23T05:30:00-05:00,2024-03-23 10:30:00+00:00,-254.806,134.129,-120.678
2024-03-23T05:35:00-05:00,2024-03-23 10:35:00+00:00,-99.011,164.935,65.923
2024-03-23T05:40:00-05:00,2024-03-23 10:40:00+00:00,-20.652,278.853,258.201
2024-03-23T05:45:00-05:00,2024-03-23 10:45:00+00:00,-59.987,202.82,142.833
2024-03-23T05:50:00-05:00,2024-03-23 10:50:00+00:00,-36.9,238.288,201.388
2024-03-23T05:55:00-05:00,2024-03-23 10:55:00+00:00,-25.844,303.114,277.269
2024-03-23T06:00:00-05:00,2024-03-23 11:00:00+00:00,-114.367,286.073,171.706
2024-03-23T06:05:00-05:00,2024-03-23 11:05:00+00:00,-74.738,260.316,185.578
2024-03-23T06:10:00-05:00,2024-03-23 11:10:00+00:00,-29.643,352.344,322.701
2024-03-23T06:15:00-05:00,2024-03-23 11:15:00+00:00,-31.101,432.576,401.475
2024-03-23T06:20:00-05:00,2024-03-23 11:20:00+00:00,-29.842,551.546,521.704
2024-03-23T06:25:00-05:00,2024-03-23 11:25:00+00:00,-40.994,588.954,547.96
2024-03-23T06:30:00-05:00,2024-03-23 11:30:00+00:00,-33.006,548.929,515.922
2024-03-23T06:35:00-05:00,2024-03-23 11:35:00+00:00,-43.037,488.841,445.804
2024-03-23T06:40:00-05:00,2024-03-23 11:40:00+00:00,-19.787,434.451,414.664
2024-03-23T06:45:00-05:00,2024-03-23 11:45:00+00:00,-9.859,699.792,689.934
2024-03-23T06:50:00-05:00,2024-03-23 11:50:00+00:00,-16.748,877.783,861.035
2024-03-23T06:55:00-05:00,2024-03-23 11:55:00+00:00,-15.755,780.03,764.275
2024-03-23T07:00:00-05:00,2024-03-23 12:00:00+00:00,-12.633,668.077,655.444
2024-03-23T07:05:00-05:00,2024-03-23 12:05:00+00:00,-11.436,943.861,932.425
2024-03-23T07:10:00-05:00,2024-03-23 12:10:00+00:00,-16.88,1104.73,1087.85
2024-03-23T07:15:00-05:00,2024-03-23 12:15:00+00:00,-34.612,976.618,942.006
2024-03-23T07:20:00-05:00,2024-03-23 12:20:00+00:00,-52.249,818.106,765.857
2024-03-23T07:25:00-05:00,2024-03-23 12:25:00+00:00,-76.762,701.803,625.041
2024-03-23T07:30:00-05:00,2024-03-23 12:30:00+00:00,-72.599,526.939,454.34
2024-03-23T07:35:00-05:00,2024-03-23 12:35:00+00:00,-86.399,353.282,266.883
2024-03-23T07:40:00-05:00,2024-03-23 12:40:00+00:00,-109.647,295.628,185.981
2024-03-23T07:45:00-05:00,2024-03-23 12:45:00+00:00,-120.929,333.851,212.922
2024-03-23T07:50:00-05:00,2024-03-23 12:50:00+00:00,-72.312,455.229,382.917
2024-03-23T07:55:00-05:00,2024-03-23 12:55:00+00:00,-116.243,392.208,275.965
2024-03-23T08:00:00-05:00,2024-03-23 13:00:00+00:00,-141.772,324.545,182.773
2024-03-23T08:05:00-05:00,2024-03-23 13:05:00+00:00,-98.896,382.458,283.562
2024-03-23T08:10:00-05:00,2024-03-23 13:10:00+00:00,-127.446,270.171,142.725
2024-03-23T08:15:00-05:00,2024-03-23 13:15:00+00:00,-206.36,127.593,-78.767
2024-03-23T08:20:00-05:00,2024-03-23 13:20:00+00:00,-320.833,47.175,-273.658
2024-03-23T08:25:00-05:00,2024-03-23 13:25:00+00:00,-307.07,34.5,-272.57
2024-03-23T08:30:00-05:00,2024-03-23 13:30:00+00:00,-344.918,19.998,-324.92
2024-03-23T08:35:00-05:00,2024-03-23 13:35:00+00:00,-404.162,38.272,-365.891
2024-03-23T08:40:00-05:00,2024-03-23 13:40:00+00:00,-325.24,71.772,-253.468
2024-03-23T08:45:00-05:00,2024-03-23 13:45:00+00:00,-169.508,95.836,-73.672
2024-03-23T08:50:00-05:00,2024-03-23 13:50:00+00:00,-121.351,114.842,-6.509
2024-03-23T08:55:00-05:00,2024-03-23 13:55:00+00:00,-195.871,110.514,-85.357
2024-03-23T09:00:00-05:00,2024-03-23 14:00:00+00:00,-222.607,111.809,-110.798
2024-03-23T09:05:00-05:00,2024-03-23 14:05:00+00:00,-135.233,212.895,77.662
2024-03-23T09:10:00-05:00,2024-03-23 14:10:00+00:00,-165.219,237.668,72.449
2024-03-23T09:15:00-05:00,2024-03-23 14:15:00+00:00,-202.411,101.275,-101.136
2024-03-23T09:20:00-05:00,2024-03-23 14:20:00+00:00,-356.392,109.003,-247.39
2024-03-23T09:25:00-05:00,2024-03-23 14:25:00+00:00,-216.54,143.972,-72.568
2024-03-23T09:30:00-05:00,2024-03-23 14:30:00+00:00,-104.451,210.414,105.964
2024-03-23T09:35:00-05:00,2024-03-23 14:35:00+00:00,-129.102,133.534,4.432
2024-03-23T09:40:00-05:00,2024-03-23 14:40:00+00:00,-174.269,98.82,-75.449
2024-03-23T09:45:00-05:00,2024-03-23 14:45:00+00:00,-138.342,101.949,-36.393
2024-03-23T09:50:00-05:00,2024-03-23 14:50:00+00:00,-213.884,95.319,-118.565
2024-03-23T09:55:00-05:00,2024-03-23 14:55:00+00:00,-366.452,98.002,-268.45
2024-03-23T10:00:00-05:00,2024-03-23 15:00:00+00:00,-327.583,35.398,-292.185
2024-03-23T10:05:00-05:00,2024-03-23 15:05:00+00:00,-332.321,75.598,-256.723
2024-03-23T10:10:00-05:00,2024-03-23 15:10:00+00:00,-140.517,118.041,-22.476
2024-03-23T10:15:00-05:00,2024-03-23 15:15:00+00:00,-90.101,109.91,19.809
2024-03-23T10:20:00-05:00,2024-03-23 15:20:00+00:00,-73.737,163.705,89.968
2024-03-23T10:25:00-05:00,2024-03-23 15:25:00+00:00,-78.272,134.695,56.423
2024-03-23T10:30:00-05:00,2024-03-23 15:30:00+00:00,-171.558,61.624,-109.934
2024-03-23T10:35:00-05:00,2024-03-23 15:35:00+00:00,-218.792,78.405,-140.387
2024-03-23T10:40:00-05:00,2024-03-23 15:40:00+00:00,-177.98,76.513,-101.467
2024-03-23T10:45:00-05:00,2024-03-23 15:45:00+00:00,-314.335,60.296,-254.039
2024-03-23T10:50:00-05:00,2024-03-23 15:50:00+00:00,-315.238,80.443,-234.795
2024-03-23T10:55:00-05:00,2024-03-23 15:55:00+00:00,-163.226,72.672,-90.553
2024-03-23T11:00:00-05:00,2024-03-23 16:00:00+00:00,-273.072,81.956,-191.116
2024-03-23T11:05:00-05:00,2024-03-23 16:05:00+00:00,-334.74,62.295,-272.444
2024-03-23T11:10:00-05:00,2024-03-23 16:10:00+00:00,-213.528,119.707,-93.821
2024-03-23T11:15:00-05:00,2024-03-23 16:15:00+00:00,-54.435,326.358,271.923
2024-03-23T11:20:00-05:00,2024-03-23 16:20:00+00:00,-92.393,282.353,189.959
2024-03-23T11:25:00-05:00,2024-03-23 16:25:00+00:00,-216.033,73.188,-142.844
2024-03-23T11:30:00-05:00,2024-03-23 16:30:00+00:00,-245.529,111.768,-133.762
2024-03-23T11:35:00-05:00,2024-03-23 16:35:00+00:00,-56.274,185.193,128.919
2024-03-23T11:40:00-05:00,2024-03-23 16:40:00+00:00,-64.755,167.441,102.686
2024-03-23T11:45:00-05:00,2024-03-23 16:45:00+00:00,-122.353,78.615,-43.738
2024-03-23T11:50:00-05:00,2024-03-23 16:50:00+00:00,-307.871,53.425,-254.446
2024-03-23T11:55:00-05:00,2024-03-23 16:55:00+00:00,-211.11,126.49,-84.62
2024-03-23T12:00:00-05:00,2024-03-23 17:00:00+00:00,-116.744,281.44,164.696
2024-03-23T12:05:00-05:00,2024-03-23 17:05:00+00:00,-154.831,320.43,165.6
2024-03-23T12:10:00-05:00,2024-03-23 17:10:00+00:00,-207.649,139.85,-67.799
2024-03-23T12:15:00-05:00,2024-03-23 17:15:00+00:00,-377.144,96.755,-280.389
2024-03-23T12:20:00-05:00,2024-03-23 17:20:00+00:00,-244.008,193.975,-50.033
2024-03-23T12:25:00-05:00,2024-03-23 17:25:00+00:00,-54.019,290.029,236.01
2024-03-23T12:30:00-05:00,2024-03-23 17:30:00+00:00,-68.756,201.411,132.654
2024-03-23T12:35:00-05:00,2024-03-23 17:35:00+00:00,-254.661,75.322,-179.339
2024-03-23T12:40:00-05:00,2024-03-23 17:40:00+00:00,-509.594,55.594,-454.0
2024-03-23T12:45:00-05:00,2024-03-23 17:45:00+00:00,-700.368,39.233,-661.135
2024-03-23T12:50:00-05:00,2024-03-23 17:50:00+00:00,-569.019,74.824,-494.195
2024-03-23T12:55:00-05:00,2024-03-23 17:55:00+00:00,-532.448,88.057,-444.391
2024-03-23T13:00:00-05:00,2024-03-23 18:00:00+00:00,-493.96,111.012,-382.948
2024-03-23T13:05:00-05:00,2024-03-23 18:05:00+00:00,-395.741,166.728,-229.012
2024-03-23T13:10:00-05:00,2024-03-23 18:10:00+00:00,-394.23,60.59,-333.64
2024-03-23T13:15:00-05:00,2024-03-23 18:15:00+00:00,-448.735,28.944,-419.791
2024-03-23T13:20:00-05:00,2024-03-23 18:20:00+00:00,-408.137,77.435,-330.702
2024-03-23T13:25:00-05:00,2024-03-23 18:25:00+00:00,-667.613,35.366,-632.247
2024-03-23T13:30:00-05:00,2024-03-23 18:30:00+00:00,-774.145,46.64,-727.505
2024-03-23T13:35:00-05:00,2024-03-23 18:35:00+00:00,-722.689,50.076,-672.613
2024-03-23T13:40:00-05:00,2024-03-23 18:40:00+00:00,-678.527,112.421,-566.105
2024-03-23T13:45:00-05:00,2024-03-23 18:45:00+00:00,-766.876,63.964,-702.911
2024-03-23T13:50:00-05:00,2024-03-23 18:50:00+00:00,-660.373,99.016,-561.357
2024-03-23T13:55:00-05:00,2024-03-23 18:55:00+00:00,-537.193,271.466,-265.727
2024-03-23T14:00:00-05:00,2024-03-23 19:00:00+00:00,-556.344,282.628,-273.716
2024-03-23T14:05:00-05:00,2024-03-23 19:05:00+00:00,-688.512,66.898,-621.614
2024-03-23T14:10:00-05:00,2024-03-23 19:10:00+00:00,-740.982,43.062,-697.919
2024-03-23T14:15:00-05:00,2024-03-23 19:15:00+00:00,-551.385,50.672,-500.713
2024-03-23T14:20:00-05:00,2024-03-23 19:20:00+00:00,-464.265,99.024,-365.241
2024-03-23T14:25:00-05:00,2024-03-23 19:25:00+00:00,-572.271,36.013,-536.258
2024-03-23T14:30:00-05:00,2024-03-23 19:30:00+00:00,-588.017,38.727,-549.29
2024-03-23T14:35:00-05:00,2024-03-23 19:35:00+00:00,-508.829,80.314,-428.514
2024-03-23T14:40:00-05:00,2024-03-23 19:40:00+00:00,-396.923,249.521,-147.402
2024-03-23T14:45:00-05:00,2024-03-23 19:45:00+00:00,-306.204,145.688,-160.516
2024-03-23T14:50:00-05:00,2024-03-23 19:50:00+00:00,-271.517,66.96,-204.557
2024-03-23T14:55:00-05:00,2024-03-23 19:55:00+00:00,-409.553,25.133,-384.42
2024-03-23T15:00:00-05:00,2024-03-23 20:00:00+00:00,-645.568,19.739,-625.828
2024-03-23T15:05:00-05:00,2024-03-23 20:05:00+00:00,-406.022,26.559,-379.463
2024-03-23T15:10:00-05:00,2024-03-23 20:10:00+00:00,-141.937,290.264,148.327
2024-03-23T15:15:00-05:00,2024-03-23 20:15:00+00:00,-135.744,297.573,161.829
2024-03-23T15:20:00-05:00,2024-03-23 20:20:00+00:00,-207.862,66.279,-141.583
2024-03-23T15:25:00-05:00,2024-03-23 20:25:00+00:00,-135.305,108.073,-27.233
2024-03-23T15:30:00-05:00,2024-03-23 20:30:00+00:00,-106.415,169.507,63.092
2024-03-23T15:35:00-05:00,2024-03-23 20:35:00+00:00,-228.214,36.254,-191.96
2024-03-23T15:40:00-05:00,2024-03-23 20:40:00+00:00,-326.951,49.245,-277.706
2024-03-23T15:45:00-05:00,2024-03-23 20:45:00+00:00,-251.813,56.718,-195.095
2024-03-23T15:50:00-05:00,2024-03-23 20:50:00+00:00,-404.454,30.19,-374.264
2024-03-23T15:55:00-05:00,2024-03-23 20:55:00+00:00,-323.035,88.774,-234.261
2024-03-23T16:00:00-05:00,2024-03-23 21:00:00+00:00,-246.421,129.638,-116.782
2024-03-23T16:05:00-05:00,2024-03-23 21:05:00+00:00,-304.212,42.763,-261.449
2024-03-23T16:10:00-05:00,2024-03-23 21:10:00+00:00,-341.251,13.968,-327.282
2024-03-23T16:15:00-05:00,2024-03-23 21:15:00+00:00,-219.092,56.741,-162.35
2024-03-23T16:20:00-05:00,2024-03-23 21:20:00+00:00,-110.152,149.524,39.371
2024-03-23T16:25:00-05:00,2024-03-23 21:25:00+00:00,-62.158,323.658,261.5
2024-03-23T16:30:00-05:00,2024-03-23 21:30:00+00:00,-76.129,217.339,141.21
2024-03-23T16:35:00-05:00,2024-03-23 21:35:00+00:00,-191.667,64.362,-127.305
2024-03-23T16:40:00-05:00,2024-03-23 21:40:00+00:00,-164.326,36.9,-127.426
2024-03-23T16:45:00-05:00,2024-03-23 21:45:00+00:00,-85.156,182.429,97.273
2024-03-23T16:50:00-05:00,2024-03-23 21:50:00+00:00,-125.161,332.528,207.368
2024-03-23T16:55:00-05:00,2024-03-23 21:55:00+00:00,-240.142,64.214,-175.929
2024-03-23T17:00:00-05:00,2024-03-23 22:00:00+00:00,-483.638,30.248,-453.39
2024-03-23T17:05:00-05:00,2024-03-23 22:05:00+00:00,-432.229,45.944,-386.286
2024-03-23T17:10:00-05:00,2024-03-23 22:10:00+00:00,-137.306,169.372,32.066
2024-03-23T17:15:00-05:00,2024-03-23 22:15:00+00:00,-49.178,167.109,117.931
2024-03-23T17:20:00-05:00,2024-03-23 22:20:00+00:00,-76.86,128.243,51.383
2024-03-23T17:25:00-05:00,2024-03-23 22:25:00+00:00,-22.658,260.624,237.966
2024-03-23T17:30:00-05:00,2024-03-23 22:30:00+00:00,-69.943,94.05,24.108
2024-03-23T17:35:00-05:00,2024-03-23 22:35:00+00:00,-191.588,72.477,-119.111
2024-03-23T17:40:00-05:00,2024-03-23 22:40:00+00:00,-100.145,101.964,1.819
2024-03-23T17:45:00-05:00,2024-03-23 22:45:00+00:00,-295.133,44.816,-250.316
2024-03-23T17:50:00-05:00,2024-03-23 22:50:00+00:00,-113.073,122.092,9.018
2024-03-23T17:55:00-05:00,2024-03-23 22:55:00+00:00,-133.834,299.121,165.286
2024-03-23T18:00:00-05:00,2024-03-23 23:00:00+00:00,-271.867,238.681,-33.187
2024-03-23T18:05:00-05:00,2024-03-23 23:05:00+00:00,-289.667,22.752,-266.914
2024-03-23T18:10:00-05:00,2024-03-23 23:10:00+00:00,-283.823,13.93,-269.893
2024-03-23T18:15:00-05:00,2024-03-23 23:15:00+00:00,-61.496,144.76,83.265
2024-03-23T18:20:00-05:00,2024-03-23 23:20:00+00:00,-19.989,498.62,478.631
2024-03-23T18:25:00-05:00,2024-03-23 23:25:00+00:00,-31.308,455.49,424.182
2024-03-23T18:30:00-05:00,2024-03-23 23:30:00+00:00,-76.616,219.883,143.267
2024-03-23T18:35:00-05:00,2024-03-23 23:35:00+00:00,-304.896,36.199,-268.697
2024-03-23T18:40:00-05:00,2024-03-23 23:40:00+00:00,-199.325,46.969,-152.356
2024-03-23T18:45:00-05:00,2024-03-23 23:45:00+00:00,-59.604,130.429,70.825
2024-03-23T18:50:00-05:00,2024-03-23 23:50:00+00:00,-65.364,126.025,60.66
2024-03-23T18:55:00-05:00,2024-03-23 23:55:00+00:00,-28.377,218.01,189.632
2024-03-23T19:00:00-05:00,2024-03-24 00:00:00+00:00,-92.042,107.121,15.079
2024-03-23T19:05:00-05:00,2024-03-24 00:05:00+00:00,-106.99,135.702,28.712
2024-03-23T19:10:00-05:00,2024-03-24 00:10:00+00:00,-41.993,339.338,297.345
2024-03-23T19:15:00-05:00,2024-03-24 00:15:00+00:00,-39.925,262.897,222.972
2024-03-23T19:20:00-05:00,2024-03-24 00:20:00+00:00,-47.389,245.967,198.578
2024-03-23T19:25:00-05:00,2024-03-24 00:25:00+00:00,-42.19,320.442,278.252
2024-03-23T19:30:00-05:00,2024-03-24 00:30:00+00:00,-45.674,276.641,230.967
2024-03-23T19:35:00-05:00,2024-03-24 00:35:00+00:00,-56.847,266.505,209.658
2024-03-23T19:40:00-05:00,2024-03-24 00:40:00+00:00,-45.331,260.219,214.888
2024-03-23T19:45:00-05:00,2024-03-24 00:45:00+00:00,-39.473,259.312,219.839
2024-03-23T19:50:00-05:00,2024-03-24 00:50:00+00:00,-103.278,283.276,179.997
2024-03-23T19:55:00-05:00,2024-03-24 00:55:00+00:00,-119.927,306.88,186.953
2024-03-23T20:00:00-05:00,2024-03-24 01:00:00+00:00,-170.988,301.342,130.354
2024-03-23T20:05:00-05:00,2024-03-24 01:05:00+00:00,-53.841,352.856,299.015
2024-03-23T20:10:00-05:00,2024-03-24 01:10:00+00:00,-78.706,308.634,229.927
2024-03-23T20:15:00-05:00,2024-03-24 01:15:00+00:00,-172.794,130.276,-42.517
2024-03-23T20:20:00-05:00,2024-03-24 01:20:00+00:00,-147.619,80.29,-67.329
2024-03-23T20:25:00-05:00,2024-03-24 01:25:00+00:00,-67.023,174.859,107.836
2024-03-23T20:30:00-05:00,2024-03-24 01:30:00+00:00,-136.546,88.823,-47.723
2024-03-23T20:35:00-05:00,2024-03-24 01:35:00+00:00,-239.696,51.473,-188.223
2024-03-23T20:40:00-05:00,2024-03-24 01:40:00+00:00,-221.352,53.056,-168.296
2024-03-23T20:45:00-05:00,2024-03-24 01:45:00+00:00,-93.191,155.362,62.172
2024-03-23T20:50:00-05:00,2024-03-24 01:50:00+00:00,-87.829,154.879,67.05
2024-03-23T20:55:00-05:00,2024-03-24 01:55:00+00:00,-133.62,115.371,-18.248
2024-03-23T21:00:00-05:00,2024-03-24 02:00:00+00:00,-232.821,79.667,-153.153
2024-03-23T21:05:00-05:00,2024-03-24 02:05:00+00:00,-379.341,62.455,-316.887
2024-03-23T21:10:00-05:00,2024-03-24 02:10:00+00:00,-277.083,108.518,-168.565
2024-03-23T21:15:00-05:00,2024-03-24 02:15:00+00:00,-151.71,296.446,144.736
2024-03-23T21:20:00-05:00,2024-03-24 02:20:00+00:00,-154.833,351.187,196.354
2024-03-23T21:25:00-05:00,2024-03-24 02:25:00+00:00,-243.276,169.227,-74.05
2024-03-23T21:30:00-05:00,2024-03-24 02:30:00+00:00,-371.053,74.508,-296.545
2024-03-23T21:35:00-05:00,2024-03-24 02:35:00+00:00,-292.961,76.461,-216.5
2024-03-23T21:40:00-05:00,2024-03-24 02:40:00+00:00,-376.925,76.127,-300.798
2024-03-23T21:45:00-05:00,2024-03-24 02:45:00+00:00,-348.876,103.387,-245.489
2024-03-23T21:50:00-05:00,2024-03-24 02:50:00+00:00,-259.284,142.558,-116.726
2024-03-23T21:55:00-05:00,2024-03-24 02:55:00+00:00,-266.972,82.61,-184.362
2024-03-23T22:00:00-05:00,2024-03-24 03:00:00+00:00,-310.091,15.641,-294.45
2024-03-23T22:05:00-05:00,2024-03-24 03:05:00+00:00,-176.255,45.854,-130.401
2024-03-23T22:10:00-05:00,2024-03-24 03:10:00+00:00,-129.792,95.989,-33.804
2024-03-23T22:15:00-05:00,2024-03-24 03:15:00+00:00,-117.143,127.081,9.937
2024-03-23T22:20:00-05:00,2024-03-24 03:20:00+00:00,-84.011,144.067,60.056
2024-03-23T22:25:00-05:00,2024-03-24 03:25:00+00:00,-86.02,65.0,-21.02
2024-03-23T22:30:00-05:00,2024-03-24 03:30:00+00:00,-233.598,23.357,-210.241
2024-03-23T22:35:00-05:00,2024-03-24 03:35:00+00:00,-360.464,1.116,-359.348
2024-03-23T22:40:00-05:00,2024-03-24 03:40:00+00:00,-217.728,24.46,-193.268
2024-03-23T22:45:00-05:00,2024-03-24 03:45:00+00:00,-209.964,27.476,-182.488
2024-03-23T22:50:00-05:00,2024-03-24 03:50:00+00:00,-191.038,25.802,-165.236
2024-03-23T22:55:00-05:00,2024-03-24 03:55:00+00:00,-259.529,10.943,-248.586
2024-03-23T23:00:00-05:00,2024-03-24 04:00:00+00:00,-322.51,22.017,-300.493
2024-03-23T23:05:00-05:00,2024-03-24 04:05:00+00:00,-347.501,36.31,-311.191
2024-03-23T23:10:00-05:00,2024-03-24 04:10:00+00:00,-121.35,174.544,53.194
2024-03-23T23:15:00-05:00,2024-03-24 04:15:00+00:00,-106.933,172.649,65.716
2024-03-23T23:20:00-05:00,2024-03-24 04:20:00+00:00,-141.725,82.109,-59.616
2024-03-23T23:25:00-05:00,2024-03-24 04:25:00+00:00,-97.028,66.516,-30.512
2024-03-23T23:30:00-05:00,2024-03-24 04:30:00+00:00,-43.551,107.903,64.352
2024-03-23T23:35:00-05:00,2024-03-24 04:35:00+00:00,-63.057,78.937,15.88
2024-03-23T23:40:00-05:00,2024-03-24 04:40:00+00:00,-35.607,85.16,49.552
2024-03-23T23:45:00-05:00,2024-03-24 04:45:00+00:00,-190.713,1.11,-189.603
2024-03-23T23:50:00-05:00,2024-03-24 04:50:00+00:00,-289.825,2.114,-287.711
2024-03-23T23:55:00-05:00,2024-03-24 04:55:00+00:00,-181.695,22.001,-159.694
2024-03-24T00:00:00-05:00,2024-03-24 05:00:00+00:00,-166.142,48.386,-117.756
2024-03-24T00:05:00-05:00,2024-03-24 05:05:00+00:00,-69.755,144.149,74.394
2024-03-24T00:10:00-05:00,2024-03-24 05:10:00+00:00,-37.939,290.02,252.081
2024-03-24T00:15:00-05:00,2024-03-24 05:15:00+00:00,-60.143,122.801,62.658
2024-03-24T00:20:00-05:00,2024-03-24 05:20:00+00:00,-230.914,13.094,-217.819
2024-03-24T00:25:00-05:00,2024-03-24 05:25:00+00:00,-316.347,3.36,-312.987
2024-03-24T00:30:00-05:00,2024-03-24 05:30:00+00:00,-258.876,16.114,-242.762
2024-03-24T00:35:00-05:00,2024-03-24 05:35:00+00:00,-191.024,32.109,-158.915
2024-03-24T00:40:00-05:00,2024-03-24 05:40:00+00:00,-98.959,109.83,10.871
2024-03-24T00:45:00-05:00,2024-03-24 05:45:00+00:00,-86.075,126.624,40.549
2024-03-24T00:50:00-05:00,2024-03-24 05:50:00+00:00,-147.356,35.729,-111.627
2024-03-24T00:55:00-05:00,2024-03-24 05:55:00+00:00,-133.559,28.5,-105.059
2024-03-24T01:00:00-05:00,2024-03-24 06:00:00+00:00,-166.715,33.055,-133.66
2024-03-24T01:05:00-05:00,2024-03-24 06:05:00+00:00,-194.715,55.923,-138.792
2024-03-24T01:10:00-05:00,2024-03-24 06:10:00+00:00,-117.352,136.093,18.741
2024-03-24T01:15:00-05:00,2024-03-24 06:15:00+00:00,-135.43,193.378,57.948
2024-03-24T01:20:00-05:00,2024-03-24 06:20:00+00:00,-126.867,85.714,-41.153
2024-03-24T01:25:00-05:00,2024-03-24 06:25:00+00:00,-167.372,8.16,-159.212
2024-03-24T01:30:00-05:00,2024-03-24 06:30:00+00:00,-133.956,9.067,-124.888
2024-03-24T01:35:00-05:00,2024-03-24 06:35:00+00:00,-115.972,44.965,-71.007
2024-03-24T01:40:00-05:00,2024-03-24 06:40:00+00:00,-106.875,94.143,-12.731
2024-03-24T01:45:00-05:00,2024-03-24 06:45:00+00:00,-112.943,56.244,-56.699
2024-03-24T01:50:00-05:00,2024-03-24 06:50:00+00:00,-49.223,92.406,43.183
2024-03-24T01:55:00-05:00,2024-03-24 06:55:00+00:00,-80.824,26.533,-54.291
2024-03-24T02:00:00-05:00,2024-03-24 07:00:00+00:00,-112.785,9.439,-103.347
2024-03-24T02:05:00-05:00,2024-03-24 07:05:00+00:00,-200.718,8.922,-191.797
2024-03-24T02:10:00-05:00,2024-03-24 07:10:00+00:00,-260.546,9.232,-251.314
2024-03-24T02:15:00-05:00,2024-03-24 07:15:00+00:00,-173.258,44.053,-129.206
2024-03-24T02:20:00-05:00,2024-03-24 07:20:00+00:00,-172.146,71.434,-100.712
2024-03-24T02:25:00-05:00,2024-03-24 07:25:00+00:00,-342.501,37.898,-304.603
2024-03-24T02:30:00-05:00,2024-03-24 07:30:00+00:00,-297.609,124.232,-173.377
2024-03-24T02:35:00-05:00,2024-03-24 07:35:00+00:00,-272.792,153.571,-119.221
2024-03-24T02:40:00-05:00,2024-03-24 07:40:00+00:00,-373.791,33.245,-340.547
2024-03-24T02:45:00-05:00,2024-03-24 07:45:00+00:00,-412.854,31.151,-381.703
2024-03-24T02:50:00-05:00,2024-03-24 07:50:00+00:00,-314.224,79.258,-234.966
2024-03-24T02:55:00-05:00,2024-03-24 07:55:00+00:00,-293.668,117.268,-176.399
2024-03-24T03:00:00-05:00,2024-03-24 08:00:00+00:00,-345.024,42.819,-302.205
2024-03-24T03:05:00-05:00,2024-03-24 08:05:00+00:00,-436.373,11.477,-424.896
2024-03-24T03:10:00-05:00,2024-03-24 08:10:00+00:00,-530.078,1.563,-528.515
2024-03-24T03:15:00-05:00,2024-03-24 08:15:00+00:00,-463.032,10.423,-452.609
2024-03-24T03:20:00-05:00,2024-03-24 08:20:00+00:00,-340.955,63.31,-277.644
2024-03-24T03:25:00-05:00,2024-03-24 08:25:00+00:00,-219.757,157.936,-61.822
2024-03-24T03:30:00-05:00,2024-03-24 08:30:00+00:00,-277.885,103.0,-174.885
2024-03-24T03:35:00-05:00,2024-03-24 08:35:00+00:00,-219.415,154.886,-64.528
2024-03-24T03:40:00-05:00,2024-03-24 08:40:00+00:00,-376.419,79.11,-297.308
2024-03-24T03:45:00-05:00,2024-03-24 08:45:00+00:00,-572.535,54.479,-518.056
2024-03-24T03:50:00-05:00,2024-03-24 08:50:00+00:00,-395.862,47.565,-348.298
2024-03-24T03:55:00-05:00,2024-03-24 08:55:00+00:00,-287.063,63.093,-223.97
2024-03-24T04:00:00-05:00,2024-03-24 09:00:00+00:00,-284.445,86.949,-197.496
2024-03-24T04:05:00-05:00,2024-03-24 09:05:00+00:00,-180.613,128.085,-52.529
2024-03-24T04:10:00-05:00,2024-03-24 09:10:00+00:00,-94.82,119.718,24.898
2024-03-24T04:15:00-05:00,2024-03-24 09:15:00+00:00,-138.299,96.036,-42.263
2024-03-24T04:20:00-05:00,2024-03-24 09:20:00+00:00,-156.52,27.425,-129.095
2024-03-24T04:25:00-05:00,2024-03-24 09:25:00+00:00,-155.659,14.078,-141.582
2024-03-24T04:30:00-05:00,2024-03-24 09:30:00+00:00,-207.523,5.907,-201.616
2024-03-24T04:35:00-05:00,2024-03-24 09:35:00+00:00,-119.351,12.605,-106.746
2024-03-24T04:40:00-05:00,2024-03-24 09:40:00+00:00,-37.322,30.669,-6.653
2024-03-24T04:45:00-05:00,2024-03-24 09:45:00+00:00,-62.871,27.757,-35.114
2024-03-24T04:50:00-05:00,2024-03-24 09:50:00+00:00,-88.597,24.751,-63.846
2024-03-24T04:55:00-05:00,2024-03-24 09:55:00+00:00,-35.242,114.371,79.128
2024-03-24T05:00:00-05:00,2024-03-24 10:00:00+00:00,-58.163,45.242,-12.921
2024-03-24T05:05:00-05:00,2024-03-24 10:05:00+00:00,-45.328,186.586,141.257
2024-03-24T05:10:00-05:00,2024-03-24 10:10:00+00:00,-95.68,192.063,96.383
2024-03-24T05:15:00-05:00,2024-03-24 10:15:00+00:00,-193.608,38.097,-155.511
2024-03-24T05:20:00-05:00,2024-03-24 10:20:00+00:00,-303.21,9.822,-293.389
2024-03-24T05:25:00-05:00,2024-03-24 10:25:00+00:00,-112.421,27.239,-85.182
2024-03-24T05:30:00-05:00,2024-03-24 10:30:00+00:00,-52.283,45.349,-6.935
2024-03-24T05:35:00-05:00,2024-03-24 10:35:00+00:00,-108.147,29.286,-78.861
2024-03-24T05:40:00-05:00,2024-03-24 10:40:00+00:00,-153.611,16.659,-136.952
2024-03-24T05:45:00-05:00,2024-03-24 10:45:00+00:00,-64.499,36.031,-28.468
2024-03-24T05:50:00-05:00,2024-03-24 10:50:00+00:00,-78.939,53.228,-25.711
2024-03-24T05:55:00-05:00,2024-03-24 10:55:00+00:00,-25.188,112.517,87.329
2024-03-24T06:00:00-05:00,2024-03-24 11:00:00+00:00,-43.394,63.493,20.099
2024-03-24T06:05:00-05:00,2024-03-24 11:05:00+00:00,-24.315,128.652,104.338
2024-03-24T06:10:00-05:00,2024-03-24 11:10:00+00:00,-22.576,125.04,102.464
2024-03-24T06:15:00-05:00,2024-03-24 11:15:00+00:00,-35.746,52.899,17.153
2024-03-24T06:20:00-05:00,2024-03-24 11:20:00+00:00,-37.94,146.655,108.716
2024-03-24T06:25:00-05:00,2024-03-24 11:25:00+00:00,-15.07,265.856,250.787
2024-03-24T06:30:00-05:00,2024-03-24 11:30:00+00:00,-21.181,217.786,196.605
2024-03-24T06:35:00-05:00,2024-03-24 11:35:00+00:00,-79.872,167.866,87.993
2024-03-24T06:40:00-05:00,2024-03-24 11:40:00+00:00,-85.744,225.781,140.037
2024-03-24T06:45:00-05:00,2024-03-24 11:45:00+00:00,-13.125,344.413,331.289
2024-03-24T06:50:00-05:00,2024-03-24 11:50:00+00:00,-31.269,404.666,373.397
2024-03-24T06:55:00-05:00,2024-03-24 11:55:00+00:00,-120.573,430.414,309.841
2024-03-24T07:00:00-05:00,2024-03-24 12:00:00+00:00,-155.421,444.079,288.658
2024-03-24T07:05:00-05:00,2024-03-24 12:05:00+00:00,-21.049,651.972,630.924
2024-03-24T07:10:00-05:00,2024-03-24 12:10:00+00:00,-23.036,489.595,466.559
2024-03-24T07:15:00-05:00,2024-03-24 12:15:00+00:00,-60.715,267.364,206.649
2024-03-24T07:20:00-05:00,2024-03-24 12:20:00+00:00,-38.78,310.871,272.09
2024-03-24T07:25:00-05:00,2024-03-24 12:25:00+00:00,-21.024,250.976,229.952
2024-03-24T07:30:00-05:00,2024-03-24 12:30:00+00:00,-79.776,144.427,64.65
2024-03-24T07:35:00-05:00,2024-03-24 12:35:00+00:00,-51.531,194.179,142.648
2024-03-24T07:40:00-05:00,2024-03-24 12:40:00+00:00,-17.503,331.221,313.718
2024-03-24T07:45:00-05:00,2024-03-24 12:45:00+00:00,-76.886,158.258,81.372
2024-03-24T07:50:00-05:00,2024-03-24 12:50:00+00:00,-178.492,123.662,-54.83
2024-03-24T07:55:00-05:00,2024-03-24 12:55:00+00:00,-34.541,205.07,170.529
2024-03-24T08:00:00-05:00,2024-03-24 13:00:00+00:00,-17.175,229.943,212.767
2024-03-24T08:05:00-05:00,2024-03-24 13:05:00+00:00,-12.123,175.495,163.372
2024-03-24T08:10:00-05:00,2024-03-24 13:10:00+00:00,-17.353,161.011,143.659
2024-03-24T08:15:00-05:00,2024-03-24 13:15:00+00:00,-56.063,89.098,33.036
2024-03-24T08:20:00-05:00,2024-03-24 13:20:00+00:00,-115.718,48.455,-67.264
2024-03-24T08:25:00-05:00,2024-03-24 13:25:00+00:00,-54.195,97.099,42.903
2024-03-24T08:30:00-05:00,2024-03-24 13:30:00+00:00,-24.168,197.985,173.817
2024-03-24T08:35:00-05:00,2024-03-24 13:35:00+00:00,-22.382,225.35,202.968
2024-03-24T08:40:00-05:00,2024-03-24 13:40:00+00:00,-30.365,145.061,114.696
2024-03-24T08:45:00-05:00,2024-03-24 13:45:00+00:00,-77.325,70.048,-7.278
2024-03-24T08:50:00-05:00,2024-03-24 13:50:00+00:00,-128.503,26.961,-101.542
2024-03-24T08:55:00-05:00,2024-03-24 13:55:00+00:00,-78.364,61.375,-16.989
2024-03-24T09:00:00-05:00,2024-03-24 14:00:00+00:00,-37.822,162.019,124.197
2024-03-24T09:05:00-05:00,2024-03-24 14:05:00+00:00,-31.701,277.543,245.843
2024-03-24T09:10:00-05:00,2024-03-24 14:10:00+00:00,-53.296,130.619,77.323
2024-03-24T09:15:00-05:00,2024-03-24 14:15:00+00:00,-284.92,29.705,-255.215
2024-03-24T09:20:00-05:00,2024-03-24 14:20:00+00:00,-281.472,52.408,-229.064
2024-03-24T09:25:00-05:00,2024-03-24 14:25:00+00:00,-37.754,199.918,162.165
2024-03-24T09:30:00-05:00,2024-03-24 14:30:00+00:00,-38.125,158.888,120.762
2024-03-24T09:35:00-05:00,2024-03-24 14:35:00+00:00,-142.393,31.151,-111.242
2024-03-24T09:40:00-05:00,2024-03-24 14:40:00+00:00,-217.008,28.548,-188.46
2024-03-24T09:45:00-05:00,2024-03-24 14:45:00+00:00,-175.238,26.384,-148.854
2024-03-24T09:50:00-05:00,2024-03-24 14:50:00+00:00,-76.983,99.429,22.445
2024-03-24T09:55:00-05:00,2024-03-24 14:55:00+00:00,-28.928,167.799,138.872
2024-03-24T10:00:00-05:00,2024-03-24 15:00:00+00:00,-32.381,161.011,128.629
2024-03-24T10:05:00-05:00,2024-03-24 15:05:00+00:00,-154.176,36.478,-117.698
2024-03-24T10:10:00-05:00,2024-03-24 15:10:00+00:00,-106.917,87.115,-19.802
2024-03-24T10:15:00-05:00,2024-03-24 15:15:00+00:00,-25.188,185.345,160.157
2024-03-24T10:20:00-05:00,2024-03-24 15:20:00+00:00,-69.206,92.58,23.373
2024-03-24T10:25:00-05:00,2024-03-24 15:25:00+00:00,-97.9,105.839,7.939
2024-03-24T10:30:00-05:00,2024-03-24 15:30:00+00:00,-89.68,148.238,58.558
2024-03-24T10:35:00-05:00,2024-03-24 15:35:00+00:00,-23.876,343.485,319.609
2024-03-24T10:40:00-05:00,2024-03-24 15:40:00+00:00,-76.001,134.634,58.633
2024-03-24T10:45:00-05:00,2024-03-24 15:45:00+00:00,-223.761,113.838,-109.923
2024-03-24T10:50:00-05:00,2024-03-24 15:50:00+00:00,-226.333,116.132,-110.201
2024-03-24T10:55:00-05:00,2024-03-24 15:55:00+00:00,-81.294,124.96,43.666
2024-03-24T11:00:00-05:00,2024-03-24 16:00:00+00:00,-81.342,146.379,65.037
2024-03-24T11:05:00-05:00,2024-03-24 16:05:00+00:00,-242.666,79.964,-162.702
2024-03-24T11:10:00-05:00,2024-03-24 16:10:00+00:00,-77.438,36.214,-41.224
2024-03-24T11:15:00-05:00,2024-03-24 16:15:00+00:00,-58.539,45.061,-13.478
2024-03-24T11:20:00-05:00,2024-03-24 16:20:00+00:00,-247.937,39.451,-208.487
2024-03-24T11:25:00-05:00,2024-03-24 16:25:00+00:00,-68.807,101.563,32.756
2024-03-24T11:30:00-05:00,2024-03-24 16:30:00+00:00,-37.616,122.603,84.987
2024-03-24T11:35:00-05:00,2024-03-24 16:35:00+00:00,-11.748,286.366,274.619
2024-03-24T11:40:00-05:00,2024-03-24 16:40:00+00:00,-66.817,132.384,65.567
2024-03-24T11:45:00-05:00,2024-03-24 16:45:00+00:00,-176.953,89.585,-87.368
2024-03-24T11:50:00-05:00,2024-03-24 16:50:00+00:00,-79.588,149.746,70.159
2024-03-24T11:55:00-05:00,2024-03-24 16:55:00+00:00,-27.641,367.595,339.954
2024-03-24T12:00:00-05:00,2024-03-24 17:00:00+00:00,-64.418,170.674,106.257
2024-03-24T12:05:00-05:00,2024-03-24 17:05:00+00:00,-173.795,45.753,-128.042
2024-03-24T12:10:00-05:00,2024-03-24 17:10:00+00:00,-86.713,73.076,-13.637
2024-03-24T12:15:00-05:00,2024-03-24 17:15:00+00:00,-64.698,40.434,-24.264
2024-03-24T12:20:00-05:00,2024-03-24 17:20:00+00:00,-151.504,15.974,-135.531
2024-03-24T12:25:00-05:00,2024-03-24 17:25:00+00:00,-134.169,21.821,-112.348
2024-03-24T12:30:00-05:00,2024-03-24 17:30:00+00:00,-87.379,47.458,-39.921
2024-03-24T12:35:00-05:00,2024-03-24 17:35:00+00:00,-74.667,86.221,11.554
2024-03-24T12:40:00-05:00,2024-03-24 17:40:00+00:00,-120.094,10.934,-109.16
2024-03-24T12:45:00-05:00,2024-03-24 17:45:00+00:00,-246.149,1.983,-244.165
2024-03-24T12:50:00-05:00,2024-03-24 17:50:00+00:00,-172.343,22.991,-149.352
2024-03-24T12:55:00-05:00,2024-03-24 17:55:00+00:00,-244.83,9.187,-235.643
2024-03-24T13:00:00-05:00,2024-03-24 18:00:00+00:00,-297.076,17.8,-279.276
2024-03-24T13:05:00-05:00,2024-03-24 18:05:00+00:00,-157.495,35.512,-121.983
2024-03-24T13:10:00-05:00,2024-03-24 18:10:00+00:00,-202.576,37.924,-164.651
2024-03-24T13:15:00-05:00,2024-03-24 18:15:00+00:00,-246.724,36.257,-210.467
2024-03-24T13:20:00-05:00,2024-03-24 18:20:00+00:00,-208.307,31.517,-176.79
2024-03-24T13:25:00-05:00,2024-03-24 18:25:00+00:00,-235.622,31.033,-204.589
2024-03-24T13:30:00-05:00,2024-03-24 18:30:00+00:00,-224.052,40.715,-183.337
2024-03-24T13:35:00-05:00,2024-03-24 18:35:00+00:00,-102.69,148.14,45.45
2024-03-24T13:40:00-05:00,2024-03-24 18:40:00+00:00,-115.028,103.882,-11.146
2024-03-24T13:45:00-05:00,2024-03-24 18:45:00+00:00,-158.269,41.326,-116.943
2024-03-24T13:50:00-05:00,2024-03-24 18:50:00+00:00,-219.372,3.952,-215.42
2024-03-24T13:55:00-05:00,2024-03-24 18:55:00+00:00,-266.859,17.17,-249.689
2024-03-24T14:00:00-05:00,2024-03-24 19:00:00+00:00,-112.965,11.102,-101.863
2024-03-24T14:05:00-05:00,2024-03-24 19:05:00+00:00,-87.267,151.36,64.093
2024-03-24T14:10:00-05:00,2024-03-24 19:10:00+00:00,-148.209,239.287,91.078
2024-03-24T14:15:00-05:00,2024-03-24 19:15:00+00:00,-155.671,248.895,93.224
2024-03-24T14:20:00-05:00,2024-03-24 19:20:00+00:00,-225.655,50.604,-175.051
2024-03-24T14:25:00-05:00,2024-03-24 19:25:00+00:00,-219.115,183.184,-35.931
2024-03-24T14:30:00-05:00,2024-03-24 19:30:00+00:00,-179.231,191.564,12.334
2024-03-24T14:35:00-05:00,2024-03-24 19:35:00+00:00,-140.446,260.888,120.443
2024-03-24T14:40:00-05:00,2024-03-24 19:40:00+00:00,-217.169,51.032,-166.138
2024-03-24T14:45:00-05:00,2024-03-24 19:45:00+00:00,-246.816,32.131,-214.684
2024-03-24T14:50:00-05:00,2024-03-24 19:50:00+00:00,-177.112,117.043,-60.068
2024-03-24T14:55:00-05:00,2024-03-24 19:55:00+00:00,-111.416,421.457,310.041
2024-03-24T15:00:00-05:00,2024-03-24 20:00:00+00:00,-102.924,250.878,147.953
2024-03-24T15:05:00-05:00,2024-03-24 20:05:00+00:00,-195.673,34.089,-161.584
2024-03-24T15:10:00-05:00,2024-03-24 20:10:00+00:00,-277.725,54.962,-222.763
2024-03-24T15:15:00-05:00,2024-03-24 20:15:00+00:00,-136.184,128.169,-8.015
2024-03-24T15:20:00-05:00,2024-03-24 20:20:00+00:00,-75.442,70.047,-5.395
2024-03-24T15:25:00-05:00,2024-03-24 20:25:00+00:00,-275.444,9.954,-265.489
2024-03-24T15:30:00-05:00,2024-03-24 20:30:00+00:00,-312.511,29.105,-283.406
2024-03-24T15:35:00-05:00,2024-03-24 20:35:00+00:00,-28.311,129.346,101.035
2024-03-24T15:40:00-05:00,2024-03-24 20:40:00+00:00,-27.943,165.078,137.135
2024-03-24T15:45:00-05:00,2024-03-24 20:45:00+00:00,-212.21,19.848,-192.362
2024-03-24T15:50:00-05:00,2024-03-24 20:50:00+00:00,-503.421,3.953,-499.468
2024-03-24T15:55:00-05:00,2024-03-24 20:55:00+00:00,-599.387,2.569,-596.818
2024-03-24T16:00:00-05:00,2024-03-24 21:00:00+00:00,-638.688,16.157,-622.531
2024-03-24T16:05:00-05:00,2024-03-24 21:05:00+00:00,-257.414,146.659,-110.754
2024-03-24T16:10:00-05:00,2024-03-24 21:10:00+00:00,-14.637,506.998,492.361
2024-03-24T16:15:00-05:00,2024-03-24 21:15:00+00:00,-44.881,260.752,215.871
2024-03-24T16:20:00-05:00,2024-03-24 21:20:00+00:00,-174.868,42.154,-132.714
2024-03-24T16:25:00-05:00,2024-03-24 21:25:00+00:00,-115.29,68.157,-47.133
2024-03-24T16:30:00-05:00,2024-03-24 21:30:00+00:00,-188.002,29.437,-158.565
2024-03-24T16:35:00-05:00,2024-03-24 21:35:00+00:00,-139.358,43.411,-95.947
2024-03-24T16:40:00-05:00,2024-03-24 21:40:00+00:00,-27.277,238.31,211.034
2024-03-24T16:45:00-05:00,2024-03-24 21:45:00+00:00,-14.888,322.199,307.311
2024-03-24T16:50:00-05:00,2024-03-24 21:50:00+00:00,-78.466,82.473,4.007
2024-03-24T16:55:00-05:00,2024-03-24 21:55:00+00:00,-220.446,44.622,-175.824
2024-03-24T17:00:00-05:00,2024-03-24 22:00:00+00:00,-475.676,35.409,-440.267
2024-03-24T17:05:00-05:00,2024-03-24 22:05:00+00:00,-455.788,64.142,-391.646
2024-03-24T17:10:00-05:00,2024-03-24 22:10:00+00:00,-65.638,122.436,56.798
2024-03-24T17:15:00-05:00,2024-03-24 22:15:00+00:00,-11.966,235.154,223.187
2024-03-24T17:20:00-05:00,2024-03-24 22:20:00+00:00,-34.548,230.323,195.776
2024-03-24T17:25:00-05:00,2024-03-24 22:25:00+00:00,-40.72,309.564,268.844
2024-03-24T17:30:00-05:00,2024-03-24 22:30:00+00:00,-59.478,89.464,29.986
2024-03-24T17:35:00-05:00,2024-03-24 22:35:00+00:00,-53.531,115.167,61.636
2024-03-24T17:40:00-05:00,2024-03-24 22:40:00+00:00,-61.107,97.737,36.63
2024-03-24T17:45:00-05:00,2024-03-24 22:45:00+00:00,-204.169,33.156,-171.012
2024-03-24T17:50:00-05:00,2024-03-24 22:50:00+00:00,-366.625,16.749,-349.875
2024-03-24T17:55:00-05:00,2024-03-24 22:55:00+00:00,-275.962,32.205,-243.757
2024-03-24T18:00:00-05:00,2024-03-24 23:00:00+00:00,-91.459,211.159,119.7
2024-03-24T18:05:00-05:00,2024-03-24 23:05:00+00:00,-69.284,212.258,142.974
2024-03-24T18:10:00-05:00,2024-03-24 23:10:00+00:00,-143.707,58.53,-85.177
2024-03-24T18:15:00-05:00,2024-03-24 23:15:00+00:00,-288.081,24.383,-263.698
2024-03-24T18:20:00-05:00,2024-03-24 23:20:00+00:00,-372.299,31.651,-340.647
2024-03-24T18:25:00-05:00,2024-03-24 23:25:00+00:00,-56.466,264.902,208.436
2024-03-24T18:30:00-05:00,2024-03-24 23:30:00+00:00,-30.927,503.852,472.925
2024-03-24T18:35:00-05:00,2024-03-24 23:35:00+00:00,-38.427,292.189,253.762
2024-03-24T18:40:00-05:00,2024-03-24 23:40:00+00:00,-52.313,251.094,198.782
2024-03-24T18:45:00-05:00,2024-03-24 23:45:00+00:00,-155.983,120.846,-35.138
2024-03-24T18:50:00-05:00,2024-03-24 23:50:00+00:00,-158.314,78.861,-79.453
2024-03-24T18:55:00-05:00,2024-03-24 23:55:00+00:00,-154.647,103.816,-50.831
2024-03-24T19:00:00-05:00,2024-03-25 00:00:00+00:00,-175.449,65.666,-109.783
2024-03-24T19:05:00-05:00,2024-03-25 00:05:00+00:00,-99.536,149.647,50.111
2024-03-24T19:10:00-05:00,2024-03-25 00:10:00+00:00,-39.549,381.831,342.282
2024-03-24T19:15:00-05:00,2024-03-25 00:15:00+00:00,-23.382,215.751,192.368
2024-03-24T19:20:00-05:00,2024-03-25 00:20:00+00:00,-15.001,297.74,282.739
2024-03-24T19:25:00-05:00,2024-03-25 00:25:00+00:00,-10.283,534.508,524.225
2024-03-24T19:30:00-05:00,2024-03-25 00:30:00+00:00,-27.321,636.946,609.625
2024-03-24T19:35:00-05:00,2024-03-25 00:35:00+00:00,-60.161,404.482,344.322
2024-03-24T19:40:00-05:00,2024-03-25 00:40:00+00:00,-159.509,285.719,126.21
2024-03-24T19:45:00-05:00,2024-03-25 00:45:00+00:00,-143.866,299.12,155.254
2024-03-24T19:50:00-05:00,2024-03-25 00:50:00+00:00,-17.413,627.047,609.634
2024-03-24T19:55:00-05:00,2024-03-25 00:55:00+00:00,-24.165,797.362,773.198
2024-03-24T20:00:00-05:00,2024-03-25 01:00:00+00:00,-92.752,658.435,565.682
2024-03-24T20:05:00-05:00,2024-03-25 01:05:00+00:00,-175.637,467.422,291.785
2024-03-24T20:10:00-05:00,2024-03-25 01:10:00+00:00,-137.52,445.209,307.689
2024-03-24T20:15:00-05:00,2024-03-25 01:15:00+00:00,-55.101,535.418,480.317
2024-03-24T20:20:00-05:00,2024-03-25 01:20:00+00:00,-47.288,690.452,643.164
2024-03-24T20:25:00-05:00,2024-03-25 01:25:00+00:00,-48.915,792.485,743.57
2024-03-24T20:30:00-05:00,2024-03-25 01:30:00+00:00,-43.718,1085.968,1042.25
2024-03-24T20:35:00-05:00,2024-03-25 01:35:00+00:00,-65.403,1147.003,1081.6
2024-03-24T20:40:00-05:00,2024-03-25 01:40:00+00:00,-79.492,913.445,833.953
2024-03-24T20:45:00-05:00,2024-03-25 01:45:00+00:00,-121.614,737.476,615.862
2024-03-24T20:50:00-05:00,2024-03-25 01:50:00+00:00,-269.184,623.325,354.142
2024-03-24T20:55:00-05:00,2024-03-25 01:55:00+00:00,-149.822,634.051,484.229
2024-03-24T21:00:00-05:00,2024-03-25 02:00:00+00:00,-160.398,613.084,452.687
2024-03-24T21:05:00-05:00,2024-03-25 02:05:00+00:00,-228.785,612.947,384.162
2024-03-24T21:10:00-05:00,2024-03-25 02:10:00+00:00,-100.478,830.643,730.165
2024-03-24T21:15:00-05:00,2024-03-25 02:15:00+00:00,-43.093,984.589,941.496
2024-03-24T21:20:00-05:00,2024-03-25 02:20:00+00:00,-98.524,906.071,807.547
2024-03-24T21:25:00-05:00,2024-03-25 02:25:00+00:00,-205.929,739.628,533.699
2024-03-24T21:30:00-05:00,2024-03-25 02:30:00+00:00,-205.298,699.208,493.91
2024-03-24T21:35:00-05:00,2024-03-25 02:35:00+00:00,-50.778,586.056,535.279
2024-03-24T21:40:00-05:00,2024-03-25 02:40:00+00:00,-154.232,478.038,323.806
2024-03-24T21:45:00-05:00,2024-03-25 02:45:00+00:00,-206.932,339.643,132.711
2024-03-24T21:50:00-05:00,2024-03-25 02:50:00+00:00,-170.508,192.972,22.465
2024-03-24T21:55:00-05:00,2024-03-25 02:55:00+00:00,-143.208,167.509,24.301
2024-03-24T22:00:00-05:00,2024-03-25 03:00:00+00:00,-86.199,184.706,98.507
2024-03-24T22:05:00-05:00,2024-03-25 03:05:00+00:00,-73.695,208.557,134.862
2024-03-24T22:10:00-05:00,2024-03-25 03:10:00+00:00,-144.909,102.269,-42.64
2024-03-24T22:15:00-05:00,2024-03-25 03:15:00+00:00,-293.058,71.05,-222.008
2024-03-24T22:20:00-05:00,2024-03-25 03:20:00+00:00,-233.156,43.414,-189.742
2024-03-24T22:25:00-05:00,2024-03-25 03:25:00+00:00,-124.917,36.845,-88.072
2024-03-24T22:30:00-05:00,2024-03-25 03:30:00+00:00,-152.389,47.821,-104.568
2024-03-24T22:35:00-05:00,2024-03-25 03:35:00+00:00,-163.649,75.677,-87.972
2024-03-24T22:40:00-05:00,2024-03-25 03:40:00+00:00,-96.316,96.671,0.355
2024-03-24T22:45:00-05:00,2024-03-25 03:45:00+00:00,-70.642,126.603,55.961
2024-03-24T22:50:00-05:00,2024-03-25 03:50:00+00:00,-37.89,219.745,181.855
2024-03-24T22:55:00-05:00,2024-03-25 03:55:00+00:00,-65.15,133.923,68.773
2024-03-24T23:00:00-05:00,2024-03-25 04:00:00+00:00,-202.431,50.367,-152.065
2024-03-24T23:05:00-05:00,2024-03-25 04:05:00+00:00,-98.42,138.28,39.86
2024-03-24T23:10:00-05:00,2024-03-25 04:10:00+00:00,-109.735,243.326,133.591
2024-03-24T23:15:00-05:00,2024-03-25 04:15:00+00:00,-187.632,98.976,-88.656
2024-03-24T23:20:00-05:00,2024-03-25 04:20:00+00:00,-354.982,48.235,-306.748
2024-03-24T23:25:00-05:00,2024-03-25 04:25:00+00:00,-389.412,33.131,-356.281
2024-03-24T23:30:00-05:00,2024-03-25 04:30:00+00:00,-233.744,23.226,-210.518
2024-03-24T23:35:00-05:00,2024-03-25 04:35:00+00:00,-237.996,18.623,-219.373
2024-03-24T23:40:00-05:00,2024-03-25 04:40:00+00:00,-323.689,13.781,-309.908
2024-03-24T23:45:00-05:00,2024-03-25 04:45:00+00:00,-170.512,10.583,-159.929
2024-03-24T23:50:00-05:00,2024-03-25 04:50:00+00:00,-103.583,87.612,-15.971
2024-03-24T23:55:00-05:00,2024-03-25 04:55:00+00:00,-109.391,68.716,-40.675
2024-03-25T00:00:00-05:00,2024-03-25 05:00:00+00:00,-260.536,23.521,-237.015
2024-03-25T00:05:00-05:00,2024-03-25 05:05:00+00:00,-100.817,122.004,21.186
2024-03-25T00:10:00-05:00,2024-03-25 05:10:00+00:00,-54.772,228.35,173.578
2024-03-25T00:15:00-05:00,2024-03-25 05:15:00+00:00,-86.481,109.155,22.674
2024-03-25T00:20:00-05:00,2024-03-25 05:20:00+00:00,-78.769,118.968,40.199
2024-03-25T00:25:00-05:00,2024-03-25 05:25:00+00:00,-65.139,80.178,15.038
2024-03-25T00:30:00-05:00,2024-03-25 05:30:00+00:00,-85.732,58.742,-26.99
2024-03-25T00:35:00-05:00,2024-03-25 05:35:00+00:00,-160.649,40.431,-120.218
2024-03-25T00:40:00-05:00,2024-03-25 05:40:00+00:00,-123.109,42.176,-80.933
2024-03-25T00:45:00-05:00,2024-03-25 05:45:00+00:00,-76.377,54.891,-21.486
2024-03-25T00:50:00-05:00,2024-03-25 05:50:00+00:00,-193.787,36.732,-157.055
2024-03-25T00:55:00-05:00,2024-03-25 05:55:00+00:00,-66.845,99.565,32.72
2024-03-25T01:00:00-05:00,2024-03-25 06:00:00+00:00,-41.198,214.235,173.036
2024-03-25T01:05:00-05:00,2024-03-25 06:05:00+00:00,-38.373,159.906,121.533
2024-03-25T01:10:00-05:00,2024-03-25 06:10:00+00:00,-72.612,35.074,-37.538
2024-03-25T01:15:00-05:00,2024-03-25 06:15:00+00:00,-183.224,13.345,-169.879
2024-03-25T01:20:00-05:00,2024-03-25 06:20:00+00:00,-205.89,17.267,-188.624
2024-03-25T01:25:00-05:00,2024-03-25 06:25:00+00:00,-75.661,20.311,-55.35
2024-03-25T01:30:00-05:00,2024-03-25 06:30:00+00:00,-184.119,9.388,-174.731
2024-03-25T01:35:00-05:00,2024-03-25 06:35:00+00:00,-98.979,117.176,18.196
2024-03-25T01:40:00-05:00,2024-03-25 06:40:00+00:00,-34.334,315.763,281.429
2024-03-25T01:45:00-05:00,2024-03-25 06:45:00+00:00,-42.629,282.452,239.823
2024-03-25T01:50:00-05:00,2024-03-25 06:50:00+00:00,-106.671,66.385,-40.286
2024-03-25T01:55:00-05:00,2024-03-25 06:55:00+00:00,-112.821,59.103,-53.718
2024-03-25T02:00:00-05:00,2024-03-25 07:00:00+00:00,-35.005,213.023,178.018
2024-03-25T02:05:00-05:00,2024-03-25 07:05:00+00:00,-36.451,176.192,139.741
2024-03-25T02:10:00-05:00,2024-03-25 07:10:00+00:00,-197.038,81.91,-115.129
2024-03-25T02:15:00-05:00,2024-03-25 07:15:00+00:00,-282.369,86.089,-196.28
2024-03-25T02:20:00-05:00,2024-03-25 07:20:00+00:00,-254.259,145.837,-108.422
2024-03-25T02:25:00-05:00,2024-03-25 07:25:00+00:00,-386.827,86.424,-300.403
2024-03-25T02:30:00-05:00,2024-03-25 07:30:00+00:00,-465.098,35.072,-430.026
2024-03-25T02:35:00-05:00,2024-03-25 07:35:00+00:00,-323.588,24.916,-298.673
2024-03-25T02:40:00-05:00,2024-03-25 07:40:00+00:00,-131.385,89.653,-41.733
2024-03-25T02:45:00-05:00,2024-03-25 07:45:00+00:00,-95.717,68.797,-26.92
2024-03-25T02:50:00-05:00,2024-03-25 07:50:00+00:00,-118.655,57.936,-60.719
2024-03-25T02:55:00-05:00,2024-03-25 07:55:00+00:00,-38.956,250.756,211.801
2024-03-25T03:00:00-05:00,2024-03-25 08:00:00+00:00,-31.795,361.249,329.454
2024-03-25T03:05:00-05:00,2024-03-25 08:05:00+00:00,-66.685,238.674,171.989
2024-03-25T03:10:00-05:00,2024-03-25 08:10:00+00:00,-264.913,92.692,-172.22
2024-03-25T03:15:00-05:00,2024-03-25 08:15:00+00:00,-291.673,24.039,-267.635
2024-03-25T03:20:00-05:00,2024-03-25 08:20:00+00:00,-454.228,6.849,-447.379
2024-03-25T03:25:00-05:00,2024-03-25 08:25:00+00:00,-420.431,13.532,-406.899
2024-03-25T03:30:00-05:00,2024-03-25 08:30:00+00:00,-280.024,164.455,-115.569
2024-03-25T03:35:00-05:00,2024-03-25 08:35:00+00:00,-347.821,89.84,-257.981
2024-03-25T03:40:00-05:00,2024-03-25 08:40:00+00:00,-518.035,5.927,-512.108
2024-03-25T03:45:00-05:00,2024-03-25 08:45:00+00:00,-394.011,18.887,-375.124
2024-03-25T03:50:00-05:00,2024-03-25 08:50:00+00:00,-299.004,36.704,-262.299
2024-03-25T03:55:00-05:00,2024-03-25 08:55:00+00:00,-290.216,147.816,-142.4
2024-03-25T04:00:00-05:00,2024-03-25 09:00:00+00:00,-242.305,117.639,-124.666
2024-03-25T04:05:00-05:00,2024-03-25 09:05:00+00:00,-259.203,37.685,-221.518
2024-03-25T04:10:00-05:00,2024-03-25 09:10:00+00:00,-377.077,9.763,-367.314
2024-03-25T04:15:00-05:00,2024-03-25 09:15:00+00:00,-479.495,10.382,-469.113
2024-03-25T04:20:00-05:00,2024-03-25 09:20:00+00:00,-290.049,126.909,-163.14
2024-03-25T04:25:00-05:00,2024-03-25 09:25:00+00:00,-253.549,231.375,-22.173
2024-03-25T04:30:00-05:00,2024-03-25 09:30:00+00:00,-260.69,133.552,-127.138
2024-03-25T04:35:00-05:00,2024-03-25 09:35:00+00:00,-283.813,51.409,-232.404
2024-03-25T04:40:00-05:00,2024-03-25 09:40:00+00:00,-374.584,10.765,-363.819
2024-03-25T04:45:00-05:00,2024-03-25 09:45:00+00:00,-428.328,7.678,-420.651
2024-03-25T04:50:00-05:00,2024-03-25 09:50:00+00:00,-344.755,10.329,-334.426
2024-03-25T04:55:00-05:00,2024-03-25 09:55:00+00:00,-304.52,116.557,-187.963
2024-03-25T05:00:00-05:00,2024-03-25 10:00:00+00:00,-240.775,207.354,-33.422
2024-03-25T05:05:00-05:00,2024-03-25 10:05:00+00:00,-313.732,86.749,-226.983
2024-03-25T05:10:00-05:00,2024-03-25 10:10:00+00:00,-472.052,36.547,-435.505
2024-03-25T05:15:00-05:00,2024-03-25 10:15:00+00:00,-504.142,10.875,-493.267
2024-03-25T05:20:00-05:00,2024-03-25 10:20:00+00:00,-410.154,24.503,-385.651
2024-03-25T05:25:00-05:00,2024-03-25 10:25:00+00:00,-314.779,49.475,-265.304
2024-03-25T05:30:00-05:00,2024-03-25 10:30:00+00:00,-298.409,25.599,-272.81
2024-03-25T05:35:00-05:00,2024-03-25 10:35:00+00:00,-324.214,43.405,-280.809
2024-03-25T05:40:00-05:00,2024-03-25 10:40:00+00:00,-147.468,198.614,51.146
2024-03-25T05:45:00-05:00,2024-03-25 10:45:00+00:00,-79.491,221.54,142.049
2024-03-25T05:50:00-05:00,2024-03-25 10:50:00+00:00,-153.863,87.489,-66.375
2024-03-25T05:55:00-05:00,2024-03-25 10:55:00+00:00,-232.018,135.056,-96.962
2024-03-25T06:00:00-05:00,2024-03-25 11:00:00+00:00,-232.545,38.299,-194.246
2024-03-25T06:05:00-05:00,2024-03-25 11:05:00+00:00,-158.524,93.826,-64.698
2024-03-25T06:10:00-05:00,2024-03-25 11:10:00+00:00,-18.408,433.059,414.651
2024-03-25T06:15:00-05:00,2024-03-25 11:15:00+00:00,-19.756,489.403,469.648
2024-03-25T06:20:00-05:00,2024-03-25 11:20:00+00:00,-9.994,406.292,396.298
2024-03-25T06:25:00-05:00,2024-03-25 11:25:00+00:00,-7.045,691.381,684.336
2024-03-25T06:30:00-05:00,2024-03-25 11:30:00+00:00,-16.476,757.908,741.433
2024-03-25T06:35:00-05:00,2024-03-25 11:35:00+00:00,-57.011,570.265,513.253
2024-03-25T06:40:00-05:00,2024-03-25 11:40:00+00:00,-161.407,374.81,213.403
2024-03-25T06:45:00-05:00,2024-03-25 11:45:00+00:00,-356.586,209.748,-146.837
2024-03-25T06:50:00-05:00,2024-03-25 11:50:00+00:00,-338.13,170.479,-167.651
2024-03-25T06:55:00-05:00,2024-03-25 11:55:00+00:00,-265.633,164.662,-100.972
2024-03-25T07:00:00-05:00,2024-03-25 12:00:00+00:00,-181.272,176.723,-4.549
2024-03-25T07:05:00-05:00,2024-03-25 12:05:00+00:00,-141.313,251.79,110.477
2024-03-25T07:10:00-05:00,2024-03-25 12:10:00+00:00,-71.337,408.632,337.296
2024-03-25T07:15:00-05:00,2024-03-25 12:15:00+00:00,-70.023,476.868,406.844
2024-03-25T07:20:00-05:00,2024-03-25 12:20:00+00:00,-81.603,518.979,437.375
2024-03-25T07:25:00-05:00,2024-03-25 12:25:00+00:00,-179.85,434.916,255.066
2024-03-25T07:30:00-05:00,2024-03-25 12:30:00+00:00,-266.002,396.333,130.331
2024-03-25T07:35:00-05:00,2024-03-25 12:35:00+00:00,-108.62,669.343,560.724
2024-03-25T07:40:00-05:00,2024-03-25 12:40:00+00:00,-61.575,974.377,912.802
2024-03-25T07:45:00-05:00,2024-03-25 12:45:00+00:00,-29.151,801.627,772.476
2024-03-25T07:50:00-05:00,2024-03-25 12:50:00+00:00,-58.03,644.808,586.778
2024-03-25T07:55:00-05:00,2024-03-25 12:55:00+00:00,-99.701,564.862,465.161
2024-03-25T08:00:00-05:00,2024-03-25 13:00:00+00:00,-103.031,740.789,637.758
2024-03-25T08:05:00-05:00,2024-03-25 13:05:00+00:00,-52.662,745.779,693.118
2024-03-25T08:10:00-05:00,2024-03-25 13:10:00+00:00,-17.653,749.69,732.038
2024-03-25T08:15:00-05:00,2024-03-25 13:15:00+00:00,-24.16,585.693,561.533
2024-03-25T08:20:00-05:00,2024-03-25 13:20:00+00:00,-25.711,457.398,431.687
2024-03-25T08:25:00-05:00,2024-03-25 13:25:00+00:00,-80.836,249.945,169.109
2024-03-25T08:30:00-05:00,2024-03-25 13:30:00+00:00,-275.774,121.146,-154.628
2024-03-25T08:35:00-05:00,2024-03-25 13:35:00+00:00,-410.185,53.84,-356.345
2024-03-25T08:40:00-05:00,2024-03-25 13:40:00+00:00,-573.27,33.456,-539.814
2024-03-25T08:45:00-05:00,2024-03-25 13:45:00+00:00,-551.528,54.364,-497.163
2024-03-25T08:50:00-05:00,2024-03-25 13:50:00+00:00,-262.403,150.074,-112.329
2024-03-25T08:55:00-05:00,2024-03-25 13:55:00+00:00,-330.772,107.776,-222.996
2024-03-25T09:00:00-05:00,2024-03-25 14:00:00+00:00,-310.03,158.099,-151.931
2024-03-25T09:05:00-05:00,2024-03-25 14:05:00+00:00,-465.635,194.708,-270.927
2024-03-25T09:10:00-05:00,2024-03-25 14:10:00+00:00,-705.271,34.198,-671.073
2024-03-25T09:15:00-05:00,2024-03-25 14:15:00+00:00,-449.454,66.821,-382.633
2024-03-25T09:20:00-05:00,2024-03-25 14:20:00+00:00,-443.929,48.061,-395.868
2024-03-25T09:25:00-05:00,2024-03-25 14:25:00+00:00,-565.38,36.231,-529.149
2024-03-25T09:30:00-05:00,2024-03-25 14:30:00+00:00,-532.645,46.542,-486.103
2024-03-25T09:35:00-05:00,2024-03-25 14:35:00+00:00,-570.272,70.578,-499.694
2024-03-25T09:40:00-05:00,2024-03-25 14:40:00+00:00,-443.413,74.961,-368.452
2024-03-25T09:45:00-05:00,2024-03-25 14:45:00+00:00,-399.078,69.953,-329.125
2024-03-25T09:50:00-05:00,2024-03-25 14:50:00+00:00,-416.988,31.484,-385.504
2024-03-25T09:55:00-05:00,2024-03-25 14:55:00+00:00,-460.599,25.033,-435.566
2024-03-25T10:00:00-05:00,2024-03-25 15:00:00+00:00,-374.288,25.125,-349.163
2024-03-25T10:05:00-05:00,2024-03-25 15:05:00+00:00,-225.366,220.498,-4.868
2024-03-25T10:10:00-05:00,2024-03-25 15:10:00+00:00,-169.039,344.387,175.348
2024-03-25T10:15:00-05:00,2024-03-25 15:15:00+00:00,-204.598,218.153,13.555
2024-03-25T10:20:00-05:00,2024-03-25 15:20:00+00:00,-364.063,17.602,-346.461
2024-03-25T10:25:00-05:00,2024-03-25 15:25:00+00:00,-645.313,7.999,-637.314
2024-03-25T10:30:00-05:00,2024-03-25 15:30:00+00:00,-633.29,14.946,-618.344
2024-03-25T10:35:00-05:00,2024-03-25 15:35:00+00:00,-424.443,26.075,-398.369
2024-03-25T10:40:00-05:00,2024-03-25 15:40:00+00:00,-412.994,27.767,-385.228
2024-03-25T10:45:00-05:00,2024-03-25 15:45:00+00:00,-615.098,8.71,-606.389
2024-03-25T10:50:00-05:00,2024-03-25 15:50:00+00:00,-564.515,73.329,-491.186
2024-03-25T10:55:00-05:00,2024-03-25 15:55:00+00:00,-418.152,318.711,-99.441
2024-03-25T11:00:00-05:00,2024-03-25 16:00:00+00:00,-339.663,174.938,-164.725
2024-03-25T11:05:00-05:00,2024-03-25 16:05:00+00:00,-474.214,121.801,-352.413
2024-03-25T11:10:00-05:00,2024-03-25 16:10:00+00:00,-491.974,128.08,-363.895
2024-03-25T11:15:00-05:00,2024-03-25 16:15:00+00:00,-254.108,223.937,-30.171
2024-03-25T11:20:00-05:00,2024-03-25 16:20:00+00:00,-139.102,543.148,404.046
2024-03-25T11:25:00-05:00,2024-03-25 16:25:00+00:00,-196.181,391.765,195.584
2024-03-25T11:30:00-05:00,2024-03-25 16:30:00+00:00,-179.635,338.967,159.332
2024-03-25T11:35:00-05:00,2024-03-25 16:35:00+00:00,-216.926,336.299,119.373
2024-03-25T11:40:00-05:00,2024-03-25 16:40:00+00:00,-328.44,148.169,-180.271
2024-03-25T11:45:00-05:00,2024-03-25 16:45:00+00:00,-597.773,113.431,-484.342
2024-03-25T11:50:00-05:00,2024-03-25 16:50:00+00:00,-766.193,111.943,-654.25
2024-03-25T11:55:00-05:00,2024-03-25 16:55:00+00:00,-761.411,178.691,-582.72
2024-03-25T12:00:00-05:00,2024-03-25 17:00:00+00:00,-535.229,104.914,-430.315
2024-03-25T12:05:00-05:00,2024-03-25 17:05:00+00:00,-488.581,50.754,-437.827
2024-03-25T12:10:00-05:00,2024-03-25 17:10:00+00:00,-322.217,137.456,-184.761
2024-03-25T12:15:00-05:00,2024-03-25 17:15:00+00:00,-319.083,117.899,-201.184
2024-03-25T12:20:00-05:00,2024-03-25 17:20:00+00:00,-391.208,101.291,-289.917
2024-03-25T12:25:00-05:00,2024-03-25 17:25:00+00:00,-640.207,11.967,-628.24
2024-03-25T12:30:00-05:00,2024-03-25 17:30:00+00:00,-453.239,319.398,-133.841
2024-03-25T12:35:00-05:00,2024-03-25 17:35:00+00:00,-399.101,437.435,38.334
2024-03-25T12:40:00-05:00,2024-03-25 17:40:00+00:00,-607.504,155.632,-451.873
2024-03-25T12:45:00-05:00,2024-03-25 17:45:00+00:00,-783.037,31.862,-751.175
2024-03-25T12:50:00-05:00,2024-03-25 17:50:00+00:00,-1067.441,5.338,-1062.102
2024-03-25T12:55:00-05:00,2024-03-25 17:55:00+00:00,-1029.955,2.467,-1027.488
2024-03-25T13:00:00-05:00,2024-03-25 18:00:00+00:00,-1005.551,12.488,-993.063
2024-03-25T13:05:00-05:00,2024-03-25 18:05:00+00:00,-912.641,5.928,-906.714
2024-03-25T13:10:00-05:00,2024-03-25 18:10:00+00:00,-607.848,107.69,-500.158
2024-03-25T13:15:00-05:00,2024-03-25 18:15:00+00:00,-473.273,133.302,-339.971
2024-03-25T13:20:00-05:00,2024-03-25 18:20:00+00:00,-663.158,65.236,-597.922
2024-03-25T13:25:00-05:00,2024-03-25 18:25:00+00:00,-718.08,49.291,-668.789
2024-03-25T13:30:00-05:00,2024-03-25 18:30:00+00:00,-722.85,8.07,-714.78
2024-03-25T13:35:00-05:00,2024-03-25 18:35:00+00:00,-701.629,12.317,-689.312
2024-03-25T13:40:00-05:00,2024-03-25 18:40:00+00:00,-665.798,50.023,-615.775
2024-03-25T13:45:00-05:00,2024-03-25 18:45:00+00:00,-459.981,263.486,-196.495
2024-03-25T13:50:00-05:00,2024-03-25 18:50:00+00:00,-374.247,573.977,199.731
2024-03-25T13:55:00-05:00,2024-03-25 18:55:00+00:00,-407.817,287.783,-120.034
2024-03-25T14:00:00-05:00,2024-03-25 19:00:00+00:00,-578.044,70.191,-507.852
2024-03-25T14:05:00-05:00,2024-03-25 19:05:00+00:00,-697.163,24.325,-672.837
2024-03-25T14:10:00-05:00,2024-03-25 19:10:00+00:00,-800.364,28.508,-771.855
2024-03-25T14:15:00-05:00,2024-03-25 19:15:00+00:00,-825.245,22.177,-803.068
2024-03-25T14:20:00-05:00,2024-03-25 19:20:00+00:00,-782.519,62.549,-719.97
2024-03-25T14:25:00-05:00,2024-03-25 19:25:00+00:00,-622.062,65.48,-556.581
2024-03-25T14:30:00-05:00,2024-03-25 19:30:00+00:00,-486.464,67.502,-418.962
2024-03-25T14:35:00-05:00,2024-03-25 19:35:00+00:00,-445.503,68.714,-376.788
2024-03-25T14:40:00-05:00,2024-03-25 19:40:00+00:00,-395.964,68.6,-327.364
2024-03-25T14:45:00-05:00,2024-03-25 19:45:00+00:00,-384.556,80.605,-303.951
2024-03-25T14:50:00-05:00,2024-03-25 19:50:00+00:00,-443.361,48.487,-394.874
2024-03-25T14:55:00-05:00,2024-03-25 19:55:00+00:00,-429.808,59.328,-370.48
2024-03-25T15:00:00-05:00,2024-03-25 20:00:00+00:00,-385.949,42.908,-343.041
2024-03-25T15:05:00-05:00,2024-03-25 20:05:00+00:00,-485.356,43.484,-441.872
2024-03-25T15:10:00-05:00,2024-03-25 20:10:00+00:00,-430.131,118.218,-311.913
2024-03-25T15:15:00-05:00,2024-03-25 20:15:00+00:00,-573.937,67.762,-506.175
2024-03-25T15:20:00-05:00,2024-03-25 20:20:00+00:00,-591.161,54.127,-537.034
2024-03-25T15:25:00-05:00,2024-03-25 20:25:00+00:00,-516.83,49.538,-467.292
2024-03-25T15:30:00-05:00,2024-03-25 20:30:00+00:00,-432.264,67.717,-364.547
2024-03-25T15:35:00-05:00,2024-03-25 20:35:00+00:00,-292.244,267.201,-25.043
2024-03-25T15:40:00-05:00,2024-03-25 20:40:00+00:00,-274.717,252.313,-22.404
2024-03-25T15:45:00-05:00,2024-03-25 20:45:00+00:00,-389.21,97.091,-292.118
2024-03-25T15:50:00-05:00,2024-03-25 20:50:00+00:00,-504.177,160.267,-343.91
2024-03-25T15:55:00-05:00,2024-03-25 20:55:00+00:00,-378.008,231.574,-146.433
2024-03-25T16:00:00-05:00,2024-03-25 21:00:00+00:00,-360.811,263.4,-97.411
2024-03-25T16:05:00-05:00,2024-03-25 21:05:00+00:00,-393.272,213.249,-180.023
2024-03-25T16:10:00-05:00,2024-03-25 21:10:00+00:00,-440.712,170.002,-270.71
2024-03-25T16:15:00-05:00,2024-03-25 21:15:00+00:00,-451.838,149.184,-302.654
2024-03-25T16:20:00-05:00,2024-03-25 21:20:00+00:00,-412.373,181.322,-231.052
2024-03-25T16:25:00-05:00,2024-03-25 21:25:00+00:00,-288.16,320.884,32.723
2024-03-25T16:30:00-05:00,2024-03-25 21:30:00+00:00,-328.004,157.27,-170.734
2024-03-25T16:35:00-05:00,2024-03-25 21:35:00+00:00,-517.412,123.5,-393.912
2024-03-25T16:40:00-05:00,2024-03-25 21:40:00+00:00,-468.952,129.211,-339.74
2024-03-25T16:45:00-05:00,2024-03-25 21:45:00+00:00,-413.762,123.535,-290.227
2024-03-25T16:50:00-05:00,2024-03-25 21:50:00+00:00,-321.439,113.235,-208.204
2024-03-25T16:55:00-05:00,2024-03-25 21:55:00+00:00,-257.404,112.745,-144.659
2024-03-25T17:00:00-05:00,2024-03-25 22:00:00+00:00,-168.306,114.161,-54.145
2024-03-25T17:05:00-05:00,2024-03-25 22:05:00+00:00,-192.753,119.09,-73.663
2024-03-25T17:10:00-05:00,2024-03-25 22:10:00+00:00,-139.263,121.31,-17.953
2024-03-25T17:15:00-05:00,2024-03-25 22:15:00+00:00,-97.115,130.038,32.922
2024-03-25T17:20:00-05:00,2024-03-25 22:20:00+00:00,-85.652,126.64,40.987
2024-03-25T17:25:00-05:00,2024-03-25 22:25:00+00:00,-71.467,199.144,127.676
2024-03-25T17:30:00-05:00,2024-03-25 22:30:00+00:00,-94.551,230.186,135.635
2024-03-25T17:35:00-05:00,2024-03-25 22:35:00+00:00,-78.991,356.697,277.706
2024-03-25T17:40:00-05:00,2024-03-25 22:40:00+00:00,-49.5,447.831,398.331
2024-03-25T17:45:00-05:00,2024-03-25 22:45:00+00:00,-186.507,185.708,-0.799
2024-03-25T17:50:00-05:00,2024-03-25 22:50:00+00:00,-484.939,99.199,-385.74
2024-03-25T17:55:00-05:00,2024-03-25 22:55:00+00:00,-404.731,66.662,-338.069
2024-03-25T18:00:00-05:00,2024-03-25 23:00:00+00:00,-89.056,143.213,54.158
2024-03-25T18:05:00-05:00,2024-03-25 23:05:00+00:00,-63.085,198.958,135.873
2024-03-25T18:10:00-05:00,2024-03-25 23:10:00+00:00,-29.815,418.259,388.444
2024-03-25T18:15:00-05:00,2024-03-25 23:15:00+00:00,-38.787,621.683,582.896
2024-03-25T18:20:00-05:00,2024-03-25 23:20:00+00:00,-82.642,252.519,169.877
2024-03-25T18:25:00-05:00,2024-03-25 23:25:00+00:00,-313.814,32.581,-281.232
2024-03-25T18:30:00-05:00,2024-03-25 23:30:00+00:00,-368.661,74.354,-294.306
2024-03-25T18:35:00-05:00,2024-03-25 23:35:00+00:00,-160.482,204.305,43.824
2024-03-25T18:40:00-05:00,2024-03-25 23:40:00+00:00,-167.576,252.506,84.93
2024-03-25T18:45:00-05:00,2024-03-25 23:45:00+00:00,-182.646,158.574,-24.072
2024-03-25T18:50:00-05:00,2024-03-25 23:50:00+00:00,-123.348,194.772,71.424
2024-03-25T18:55:00-05:00,2024-03-25 23:55:00+00:00,-119.43,410.722,291.291
2024-03-25T19:00:00-05:00,2024-03-26 00:00:00+00:00,-120.113,338.31,218.197
2024-03-25T19:05:00-05:00,2024-03-26 00:05:00+00:00,-145.693,487.296,341.603
2024-03-25T19:10:00-05:00,2024-03-26 00:10:00+00:00,-154.061,610.083,456.022
2024-03-25T19:15:00-05:00,2024-03-26 00:15:00+00:00,-115.332,441.328,325.997
2024-03-25T19:20:00-05:00,2024-03-26 00:20:00+00:00,-142.688,273.893,131.205
2024-03-25T19:25:00-05:00,2024-03-26 00:25:00+00:00,-195.068,326.141,131.072
2024-03-25T19:30:00-05:00,2024-03-26 00:30:00+00:00,-327.681,302.976,-24.705
2024-03-25T19:35:00-05:00,2024-03-26 00:35:00+00:00,-288.028,246.007,-42.022
2024-03-25T19:40:00-05:00,2024-03-26 00:40:00+00:00,-86.345,344.169,257.824
2024-03-25T19:45:00-05:00,2024-03-26 00:45:00+00:00,-87.02,460.134,373.114
2024-03-25T19:50:00-05:00,2024-03-26 00:50:00+00:00,-132.188,504.554,372.366
2024-03-25T19:55:00-05:00,2024-03-26 00:55:00+00:00,-280.071,497.41,217.339
2024-03-25T20:00:00-05:00,2024-03-26 01:00:00+00:00,-313.314,358.69,45.376
2024-03-25T20:05:00-05:00,2024-03-26 01:05:00+00:00,-172.027,316.203,144.176
2024-03-25T20:10:00-05:00,2024-03-26 01:10:00+00:00,-119.939,460.794,340.855
2024-03-25T20:15:00-05:00,2024-03-26 01:15:00+00:00,-108.677,509.323,400.646
2024-03-25T20:20:00-05:00,2024-03-26 01:20:00+00:00,-105.344,422.903,317.558
2024-03-25T20:25:00-05:00,2024-03-26 01:25:00+00:00,-118.606,357.857,239.251
2024-03-25T20:30:00-05:00,2024-03-26 01:30:00+00:00,-138.599,324.801,186.203
2024-03-25T20:35:00-05:00,2024-03-26 01:35:00+00:00,-126.123,314.097,187.975
2024-03-25T20:40:00-05:00,2024-03-26 01:40:00+00:00,-183.681,385.798,202.117
2024-03-25T20:45:00-05:00,2024-03-26 01:45:00+00:00,-154.623,392.301,237.679
2024-03-25T20:50:00-05:00,2024-03-26 01:50:00+00:00,-105.457,375.782,270.325
2024-03-25T20:55:00-05:00,2024-03-26 01:55:00+00:00,-97.511,386.63,289.119
2024-03-25T21:00:00-05:00,2024-03-26 02:00:00+00:00,-103.321,368.531,265.211
2024-03-25T21:05:00-05:00,2024-03-26 02:05:00+00:00,-61.248,479.183,417.935
2024-03-25T21:10:00-05:00,2024-03-26 02:10:00+00:00,-50.716,531.974,481.258
2024-03-25T21:15:00-05:00,2024-03-26 02:15:00+00:00,-79.964,396.101,316.137
2024-03-25T21:20:00-05:00,2024-03-26 02:20:00+00:00,-134.265,285.894,151.628
2024-03-25T21:25:00-05:00,2024-03-26 02:25:00+00:00,-197.012,218.184,21.172
2024-03-25T21:30:00-05:00,2024-03-26 02:30:00+00:00,-168.06,207.84,39.78
2024-03-25T21:35:00-05:00,2024-03-26 02:35:00+00:00,-141.464,228.478,87.014
2024-03-25T21:40:00-05:00,2024-03-26 02:40:00+00:00,-245.559,143.191,-102.368
2024-03-25T21:45:00-05:00,2024-03-26 02:45:00+00:00,-278.525,111.43,-167.096
2024-03-25T21:50:00-05:00,2024-03-26 02:50:00+00:00,-246.615,226.273,-20.342
2024-03-25T21:55:00-05:00,2024-03-26 02:55:00+00:00,-202.184,221.956,19.773
2024-03-25T22:00:00-05:00,2024-03-26 03:00:00+00:00,-84.101,262.053,177.953
2024-03-25T22:05:00-05:00,2024-03-26 03:05:00+00:00,-80.805,218.174,137.369
2024-03-25T22:10:00-05:00,2024-03-26 03:10:00+00:00,-151.571,110.699,-40.872
2024-03-25T22:15:00-05:00,2024-03-26 03:15:00+00:00,-179.029,102.745,-76.284
2024-03-25T22:20:00-05:00,2024-03-26 03:20:00+00:00,-112.16,146.401,34.241
2024-03-25T22:25:00-05:00,2024-03-26 03:25:00+00:00,-197.663,154.688,-42.976
2024-03-25T22:30:00-05:00,2024-03-26 03:30:00+00:00,-248.857,86.408,-162.449
2024-03-25T22:35:00-05:00,2024-03-26 03:35:00+00:00,-156.192,146.684,-9.508
2024-03-25T22:40:00-05:00,2024-03-26 03:40:00+00:00,-101.161,146.12,44.958
2024-03-25T22:45:00-05:00,2024-03-26 03:45:00+00:00,-224.718,9.021,-215.697
2024-03-25T22:50:00-05:00,2024-03-26 03:50:00+00:00,-371.851,3.905,-367.945
2024-03-25T22:55:00-05:00,2024-03-26 03:55:00+00:00,-248.878,7.782,-241.095
2024-03-25T23:00:00-05:00,2024-03-26 04:00:00+00:00,-122.719,20.714,-102.004
2024-03-25T23:05:00-05:00,2024-03-26 04:05:00+00:00,-203.269,9.529,-193.74
2024-03-25T23:10:00-05:00,2024-03-26 04:10:00+00:00,-297.237,6.793,-290.444
2024-03-25T23:15:00-05:00,2024-03-26 04:15:00+00:00,-269.18,21.518,-247.663
2024-03-25T23:20:00-05:00,2024-03-26 04:20:00+00:00,-274.41,28.013,-246.396
2024-03-25T23:25:00-05:00,2024-03-26 04:25:00+00:00,-226.213,38.289,-187.924
2024-03-25T23:30:00-05:00,2024-03-26 04:30:00+00:00,-318.702,36.421,-282.281
2024-03-25T23:35:00-05:00,2024-03-26 04:35:00+00:00,-421.663,42.558,-379.104
2024-03-25T23:40:00-05:00,2024-03-26 04:40:00+00:00,-400.418,52.4,-348.018
2024-03-25T23:45:00-05:00,2024-03-26 04:45:00+00:00,-345.121,72.706,-272.414
2024-03-25T23:50:00-05:00,2024-03-26 04:50:00+00:00,-283.257,72.634,-210.623
2024-03-25T23:55:00-05:00,2024-03-26 04:55:00+00:00,-282.162,68.08,-214.082
2024-03-26T00:00:00-05:00,2024-03-26 05:00:00+00:00,-344.797,46.803,-297.994
2024-03-26T00:05:00-05:00,2024-03-26 05:05:00+00:00,-444.855,29.534,-415.321
2024-03-26T00:10:00-05:00,2024-03-26 05:10:00+00:00,-394.712,45.415,-349.297
2024-03-26T00:15:00-05:00,2024-03-26 05:15:00+00:00,-338.301,100.812,-237.489
2024-03-26T00:20:00-05:00,2024-03-26 05:20:00+00:00,-319.285,75.237,-244.048
2024-03-26T00:25:00-05:00,2024-03-26 05:25:00+00:00,-270.653,88.914,-181.739
2024-03-26T00:30:00-05:00,2024-03-26 05:30:00+00:00,-211.411,222.38,10.969
2024-03-26T00:35:00-05:00,2024-03-26 05:35:00+00:00,-126.547,244.711,118.164
2024-03-26T00:40:00-05:00,2024-03-26 05:40:00+00:00,-197.019,89.564,-107.455
2024-03-26T00:45:00-05:00,2024-03-26 05:45:00+00:00,-296.522,88.413,-208.11
2024-03-26T00:50:00-05:00,2024-03-26 05:50:00+00:00,-242.449,89.624,-152.825
2024-03-26T00:55:00-05:00,2024-03-26 05:55:00+00:00,-150.82,171.886,21.066
2024-03-26T01:00:00-05:00,2024-03-26 06:00:00+00:00,-125.753,39.39,-86.363
2024-03-26T01:05:00-05:00,2024-03-26 06:05:00+00:00,-147.014,45.21,-101.803
2024-03-26T01:10:00-05:00,2024-03-26 06:10:00+00:00,-130.864,114.481,-16.383
2024-03-26T01:15:00-05:00,2024-03-26 06:15:00+00:00,-133.326,62.147,-71.179
2024-03-26T01:20:00-05:00,2024-03-26 06:20:00+00:00,-138.232,47.361,-90.87
2024-03-26T01:25:00-05:00,2024-03-26 06:25:00+00:00,-179.149,43.387,-135.762
2024-03-26T01:30:00-05:00,2024-03-26 06:30:00+00:00,-210.801,50.028,-160.773
2024-03-26T01:35:00-05:00,2024-03-26 06:35:00+00:00,-137.146,91.691,-45.455
2024-03-26T01:40:00-05:00,2024-03-26 06:40:00+00:00,-120.575,73.493,-47.082
2024-03-26T01:45:00-05:00,2024-03-26 06:45:00+00:00,-170.432,42.551,-127.881
2024-03-26T01:50:00-05:00,2024-03-26 06:50:00+00:00,-165.975,44.214,-121.761
2024-03-26T01:55:00-05:00,2024-03-26 06:55:00+00:00,-153.926,51.556,-102.369
2024-03-26T02:00:00-05:00,2024-03-26 07:00:00+00:00,-120.799,102.908,-17.891
2024-03-26T02:05:00-05:00,2024-03-26 07:05:00+00:00,-142.701,67.564,-75.136
2024-03-26T02:10:00-05:00,2024-03-26 07:10:00+00:00,-169.946,3.474,-166.473
2024-03-26T02:15:00-05:00,2024-03-26 07:15:00+00:00,-169.705,3.18,-166.526
2024-03-26T02:20:00-05:00,2024-03-26 07:20:00+00:00,-165.134,11.703,-153.431
2024-03-26T02:25:00-05:00,2024-03-26 07:25:00+00:00,-141.567,59.028,-82.539
2024-03-26T02:30:00-05:00,2024-03-26 07:30:00+00:00,-91.332,133.934,42.603
2024-03-26T02:35:00-05:00,2024-03-26 07:35:00+00:00,-96.237,115.803,19.566
2024-03-26T02:40:00-05:00,2024-03-26 07:40:00+00:00,-70.788,167.089,96.3
2024-03-26T02:45:00-05:00,2024-03-26 07:45:00+00:00,-29.694,288.122,258.428
2024-03-26T02:50:00-05:00,2024-03-26 07:50:00+00:00,-59.285,194.794,135.508
2024-03-26T02:55:00-05:00,2024-03-26 07:55:00+00:00,-77.955,199.447,121.492
2024-03-26T03:00:00-05:00,2024-03-26 08:00:00+00:00,-65.875,204.749,138.874
2024-03-26T03:05:00-05:00,2024-03-26 08:05:00+00:00,-36.738,264.028,227.291
2024-03-26T03:10:00-05:00,2024-03-26 08:10:00+00:00,-40.61,304.616,264.006
2024-03-26T03:15:00-05:00,2024-03-26 08:15:00+00:00,-101.614,251.134,149.52
2024-03-26T03:20:00-05:00,2024-03-26 08:20:00+00:00,-135.646,149.23,13.584
2024-03-26T03:25:00-05:00,2024-03-26 08:25:00+00:00,-81.908,89.305,7.397
2024-03-26T03:30:00-05:00,2024-03-26 08:30:00+00:00,-62.77,57.924,-4.846
2024-03-26T03:35:00-05:00,2024-03-26 08:35:00+00:00,-87.741,76.07,-11.67
2024-03-26T03:40:00-05:00,2024-03-26 08:40:00+00:00,-120.882,110.71,-10.172
2024-03-26T03:45:00-05:00,2024-03-26 08:45:00+00:00,-172.627,127.533,-45.094
2024-03-26T03:50:00-05:00,2024-03-26 08:50:00+00:00,-226.789,129.247,-97.542
2024-03-26T03:55:00-05:00,2024-03-26 08:55:00+00:00,-139.492,223.642,84.15
2024-03-26T04:00:00-05:00,2024-03-26 09:00:00+00:00,-63.95,237.438,173.488
2024-03-26T04:05:00-05:00,2024-03-26 09:05:00+00:00,-214.028,238.008,23.98
2024-03-26T04:10:00-05:00,2024-03-26 09:10:00+00:00,-365.692,125.216,-240.477
2024-03-26T04:15:00-05:00,2024-03-26 09:15:00+00:00,-309.295,67.809,-241.486
2024-03-26T04:20:00-05:00,2024-03-26 09:20:00+00:00,-182.355,116.936,-65.42
2024-03-26T04:25:00-05:00,2024-03-26 09:25:00+00:00,-245.316,117.846,-127.47
2024-03-26T04:30:00-05:00,2024-03-26 09:30:00+00:00,-331.42,59.016,-272.403
2024-03-26T04:35:00-05:00,2024-03-26 09:35:00+00:00,-315.636,115.882,-199.754
2024-03-26T04:40:00-05:00,2024-03-26 09:40:00+00:00,-150.699,246.401,95.702
2024-03-26T04:45:00-05:00,2024-03-26 09:45:00+00:00,-127.804,210.134,82.33
2024-03-26T04:50:00-05:00,2024-03-26 09:50:00+00:00,-261.109,154.522,-106.587
2024-03-26T04:55:00-05:00,2024-03-26 09:55:00+00:00,-262.989,113.209,-149.78
2024-03-26T05:00:00-05:00,2024-03-26 10:00:00+00:00,-164.264,103.345,-60.919
2024-03-26T05:05:00-05:00,2024-03-26 10:05:00+00:00,-106.114,225.642,119.528
2024-03-26T05:10:00-05:00,2024-03-26 10:10:00+00:00,-75.254,251.96,176.707
2024-03-26T05:15:00-05:00,2024-03-26 10:15:00+00:00,-67.051,215.444,148.393
2024-03-26T05:20:00-05:00,2024-03-26 10:20:00+00:00,-54.623,272.46,217.837
2024-03-26T05:25:00-05:00,2024-03-26 10:25:00+00:00,-109.779,177.615,67.836
2024-03-26T05:30:00-05:00,2024-03-26 10:30:00+00:00,-164.348,126.26,-38.088
2024-03-26T05:35:00-05:00,2024-03-26 10:35:00+00:00,-134.672,143.387,8.715
2024-03-26T05:40:00-05:00,2024-03-26 10:40:00+00:00,-84.863,334.035,249.172
2024-03-26T05:45:00-05:00,2024-03-26 10:45:00+00:00,-119.342,199.952,80.61
2024-03-26T05:50:00-05:00,2024-03-26 10:50:00+00:00,-164.534,181.127,16.592
2024-03-26T05:55:00-05:00,2024-03-26 10:55:00+00:00,-136.761,148.525,11.764
2024-03-26T06:00:00-05:00,2024-03-26 11:00:00+00:00,-92.524,173.566,81.042
2024-03-26T06:05:00-05:00,2024-03-26 11:05:00+00:00,-146.385,251.738,105.353
2024-03-26T06:10:00-05:00,2024-03-26 11:10:00+00:00,-174.224,314.831,140.606
2024-03-26T06:15:00-05:00,2024-03-26 11:15:00+00:00,-87.644,409.121,321.477
2024-03-26T06:20:00-05:00,2024-03-26 11:20:00+00:00,-161.82,436.114,274.294
2024-03-26T06:25:00-05:00,2024-03-26 11:25:00+00:00,-129.557,378.49,248.932
2024-03-26T06:30:00-05:00,2024-03-26 11:30:00+00:00,-49.79,474.715,424.925
2024-03-26T06:35:00-05:00,2024-03-26 11:35:00+00:00,-87.886,554.783,466.897
2024-03-26T06:40:00-05:00,2024-03-26 11:40:00+00:00,-102.114,714.057,611.943
2024-03-26T06:45:00-05:00,2024-03-26 11:45:00+00:00,-105.486,815.457,709.972
2024-03-26T06:50:00-05:00,2024-03-26 11:50:00+00:00,-141.004,761.146,620.141
2024-03-26T06:55:00-05:00,2024-03-26 11:55:00+00:00,-98.185,786.245,688.06
2024-03-26T07:00:00-05:00,2024-03-26 12:00:00+00:00,-113.346,771.179,657.833
2024-03-26T07:05:00-05:00,2024-03-26 12:05:00+00:00,-105.052,781.858,676.806
2024-03-26T07:10:00-05:00,2024-03-26 12:10:00+00:00,-137.134,767.543,630.409
2024-03-26T07:15:00-05:00,2024-03-26 12:15:00+00:00,-185.222,667.649,482.427
2024-03-26T07:20:00-05:00,2024-03-26 12:20:00+00:00,-169.527,590.938,421.411
2024-03-26T07:25:00-05:00,2024-03-26 12:25:00+00:00,-57.133,694.181,637.049
2024-03-26T07:30:00-05:00,2024-03-26 12:30:00+00:00,-83.374,616.7,533.326
2024-03-26T07:35:00-05:00,2024-03-26 12:35:00+00:00,-178.167,586.868,408.701
2024-03-26T07:40:00-05:00,2024-03-26 12:40:00+00:00,-173.276,556.787,383.511
2024-03-26T07:45:00-05:00,2024-03-26 12:45:00+00:00,-148.686,586.64,437.953
2024-03-26T07:50:00-05:00,2024-03-26 12:50:00+00:00,-186.105,546.79,360.685
2024-03-26T07:55:00-05:00,2024-03-26 12:55:00+00:00,-138.255,555.789,417.534
2024-03-26T08:00:00-05:00,2024-03-26 13:00:00+00:00,-99.09,581.793,482.704
2024-03-26T08:05:00-05:00,2024-03-26 13:05:00+00:00,-97.655,640.95,543.295
2024-03-26T08:10:00-05:00,2024-03-26 13:10:00+00:00,-66.237,651.152,584.915
2024-03-26T08:15:00-05:00,2024-03-26 13:15:00+00:00,-116.65,457.817,341.166
2024-03-26T08:20:00-05:00,2024-03-26 13:20:00+00:00,-215.965,240.485,24.52
2024-03-26T08:25:00-05:00,2024-03-26 13:25:00+00:00,-328.896,149.917,-178.979
2024-03-26T08:30:00-05:00,2024-03-26 13:30:00+00:00,-163.265,308.771,145.505
2024-03-26T08:35:00-05:00,2024-03-26 13:35:00+00:00,-107.023,313.811,206.788
2024-03-26T08:40:00-05:00,2024-03-26 13:40:00+00:00,-232.465,124.722,-107.744
2024-03-26T08:45:00-05:00,2024-03-26 13:45:00+00:00,-361.682,26.045,-335.637
2024-03-26T08:50:00-05:00,2024-03-26 13:50:00+00:00,-378.091,29.639,-348.451
2024-03-26T08:55:00-05:00,2024-03-26 13:55:00+00:00,-442.932,27.973,-414.959
2024-03-26T09:00:00-05:00,2024-03-26 14:00:00+00:00,-503.94,20.688,-483.253
2024-03-26T09:05:00-05:00,2024-03-26 14:05:00+00:00,-519.221,51.131,-468.089
2024-03-26T09:10:00-05:00,2024-03-26 14:10:00+00:00,-539.076,59.402,-479.674
2024-03-26T09:15:00-05:00,2024-03-26 14:15:00+00:00,-495.857,60.02,-435.838
2024-03-26T09:20:00-05:00,2024-03-26 14:20:00+00:00,-566.109,70.33,-495.779
2024-03-26T09:25:00-05:00,2024-03-26 14:25:00+00:00,-601.458,58.407,-543.051
2024-03-26T09:30:00-05:00,2024-03-26 14:30:00+00:00,-642.954,51.71,-591.244
2024-03-26T09:35:00-05:00,2024-03-26 14:35:00+00:00,-695.137,69.376,-625.761
2024-03-26T09:40:00-05:00,2024-03-26 14:40:00+00:00,-689.46,84.324,-605.136
2024-03-26T09:45:00-05:00,2024-03-26 14:45:00+00:00,-711.403,44.799,-666.604
2024-03-26T09:50:00-05:00,2024-03-26 14:50:00+00:00,-633.447,103.848,-529.599
2024-03-26T09:55:00-05:00,2024-03-26 14:55:00+00:00,-637.498,125.885,-511.613
2024-03-26T10:00:00-05:00,2024-03-26 15:00:00+00:00,-734.084,37.936,-696.148
2024-03-26T10:05:00-05:00,2024-03-26 15:05:00+00:00,-718.434,42.306,-676.128
2024-03-26T10:10:00-05:00,2024-03-26 15:10:00+00:00,-485.167,76.262,-408.906
2024-03-26T10:15:00-05:00,2024-03-26 15:15:00+00:00,-485.792,124.24,-361.552
2024-03-26T10:20:00-05:00,2024-03-26 15:20:00+00:00,-496.115,238.861,-257.254
2024-03-26T10:25:00-05:00,2024-03-26 15:25:00+00:00,-481.711,240.963,-240.747
2024-03-26T10:30:00-05:00,2024-03-26 15:30:00+00:00,-415.824,240.566,-175.257
2024-03-26T10:35:00-05:00,2024-03-26 15:35:00+00:00,-403.004,227.877,-175.128
2024-03-26T10:40:00-05:00,2024-03-26 15:40:00+00:00,-420.843,135.349,-285.494
2024-03-26T10:45:00-05:00,2024-03-26 15:45:00+00:00,-475.85,44.723,-431.127
2024-03-26T10:50:00-05:00,2024-03-26 15:50:00+00:00,-513.393,35.039,-478.353
2024-03-26T10:55:00-05:00,2024-03-26 15:55:00+00:00,-548.325,47.05,-501.275
2024-03-26T11:00:00-05:00,2024-03-26 16:00:00+00:00,-412.029,62.443,-349.586
2024-03-26T11:05:00-05:00,2024-03-26 16:05:00+00:00,-413.425,96.788,-316.637
2024-03-26T11:10:00-05:00,2024-03-26 16:10:00+00:00,-417.558,85.361,-332.197
2024-03-26T11:15:00-05:00,2024-03-26 16:15:00+00:00,-461.314,66.776,-394.538
2024-03-26T11:20:00-05:00,2024-03-26 16:20:00+00:00,-550.273,202.301,-347.972
2024-03-26T11:25:00-05:00,2024-03-26 16:25:00+00:00,-528.01,236.485,-291.525
2024-03-26T11:30:00-05:00,2024-03-26 16:30:00+00:00,-412.502,206.442,-206.06
2024-03-26T11:35:00-05:00,2024-03-26 16:35:00+00:00,-494.239,177.025,-317.214
2024-03-26T11:40:00-05:00,2024-03-26 16:40:00+00:00,-507.235,155.807,-351.429
2024-03-26T11:45:00-05:00,2024-03-26 16:45:00+00:00,-362.009,176.707,-185.302
2024-03-26T11:50:00-05:00,2024-03-26 16:50:00+00:00,-268.935,319.594,50.659
2024-03-26T11:55:00-05:00,2024-03-26 16:55:00+00:00,-293.322,245.929,-47.394
2024-03-26T12:00:00-05:00,2024-03-26 17:00:00+00:00,-383.107,155.574,-227.533
2024-03-26T12:05:00-05:00,2024-03-26 17:05:00+00:00,-330.545,209.32,-121.225
2024-03-26T12:10:00-05:00,2024-03-26 17:10:00+00:00,-347.764,175.069,-172.695
2024-03-26T12:15:00-05:00,2024-03-26 17:15:00+00:00,-408.62,137.684,-270.936
2024-03-26T12:20:00-05:00,2024-03-26 17:20:00+00:00,-440.189,179.691,-260.499
2024-03-26T12:25:00-05:00,2024-03-26 17:25:00+00:00,-407.879,258.945,-148.935
2024-03-26T12:30:00-05:00,2024-03-26 17:30:00+00:00,-386.566,316.606,-69.96
2024-03-26T12:35:00-05:00,2024-03-26 17:35:00+00:00,-450.981,139.952,-311.029
2024-03-26T12:40:00-05:00,2024-03-26 17:40:00+00:00,-390.134,99.66,-290.474
2024-03-26T12:45:00-05:00,2024-03-26 17:45:00+00:00,-364.399,96.102,-268.297
2024-03-26T12:50:00-05:00,2024-03-26 17:50:00+00:00,-383.526,78.126,-305.4
2024-03-26T12:55:00-05:00,2024-03-26 17:55:00+00:00,-399.588,83.91,-315.678
2024-03-26T13:00:00-05:00,2024-03-26 18:00:00+00:00,-439.123,47.92,-391.203
2024-03-26T13:05:00-05:00,2024-03-26 18:05:00+00:00,-334.337,84.019,-250.318
2024-03-26T13:10:00-05:00,2024-03-26 18:10:00+00:00,-276.43,102.573,-173.857
2024-03-26T13:15:00-05:00,2024-03-26 18:15:00+00:00,-268.093,106.774,-161.319
2024-03-26T13:20:00-05:00,2024-03-26 18:20:00+00:00,-349.883,95.266,-254.617
2024-03-26T13:25:00-05:00,2024-03-26 18:25:00+00:00,-351.503,47.555,-303.948
2024-03-26T13:30:00-05:00,2024-03-26 18:30:00+00:00,-246.271,181.052,-65.219
2024-03-26T13:35:00-05:00,2024-03-26 18:35:00+00:00,-257.532,169.372,-88.16
2024-03-26T13:40:00-05:00,2024-03-26 18:40:00+00:00,-342.495,65.689,-276.806
2024-03-26T13:45:00-05:00,2024-03-26 18:45:00+00:00,-357.454,47.246,-310.208
2024-03-26T13:50:00-05:00,2024-03-26 18:50:00+00:00,-374.646,66.628,-308.018
2024-03-26T13:55:00-05:00,2024-03-26 18:55:00+00:00,-341.097,73.718,-267.38
2024-03-26T14:00:00-05:00,2024-03-26 19:00:00+00:00,-358.244,35.668,-322.577
2024-03-26T14:05:00-05:00,2024-03-26 19:05:00+00:00,-346.678,75.994,-270.684
2024-03-26T14:10:00-05:00,2024-03-26 19:10:00+00:00,-337.663,107.905,-229.758
2024-03-26T14:15:00-05:00,2024-03-26 19:15:00+00:00,-341.965,84.042,-257.923
2024-03-26T14:20:00-05:00,2024-03-26 19:20:00+00:00,-273.311,94.369,-178.942
2024-03-26T14:25:00-05:00,2024-03-26 19:25:00+00:00,-364.28,48.892,-315.388
2024-03-26T14:30:00-05:00,2024-03-26 19:30:00+00:00,-273.055,68.594,-204.461
2024-03-26T14:35:00-05:00,2024-03-26 19:35:00+00:00,-222.427,175.77,-46.657
2024-03-26T14:40:00-05:00,2024-03-26 19:40:00+00:00,-323.586,43.515,-280.071
2024-03-26T14:45:00-05:00,2024-03-26 19:45:00+00:00,-381.723,16.594,-365.128
2024-03-26T14:50:00-05:00,2024-03-26 19:50:00+00:00,-325.173,38.964,-286.209
2024-03-26T14:55:00-05:00,2024-03-26 19:55:00+00:00,-319.633,30.348,-289.285
2024-03-26T15:00:00-05:00,2024-03-26 20:00:00+00:00,-254.213,50.585,-203.628
2024-03-26T15:05:00-05:00,2024-03-26 20:05:00+00:00,-220.98,86.426,-134.554
2024-03-26T15:10:00-05:00,2024-03-26 20:10:00+00:00,-192.539,134.92,-57.619
2024-03-26T15:15:00-05:00,2024-03-26 20:15:00+00:00,-170.729,144.507,-26.222
2024-03-26T15:20:00-05:00,2024-03-26 20:20:00+00:00,-295.877,25.568,-270.308
2024-03-26T15:25:00-05:00,2024-03-26 20:25:00+00:00,-427.946,0.904,-427.042
2024-03-26T15:30:00-05:00,2024-03-26 20:30:00+00:00,-396.937,14.143,-382.794
2024-03-26T15:35:00-05:00,2024-03-26 20:35:00+00:00,-233.037,104.612,-128.426
2024-03-26T15:40:00-05:00,2024-03-26 20:40:00+00:00,-177.91,310.936,133.026
2024-03-26T15:45:00-05:00,2024-03-26 20:45:00+00:00,-182.852,178.387,-4.465
2024-03-26T15:50:00-05:00,2024-03-26 20:50:00+00:00,-350.163,33.095,-317.067
2024-03-26T15:55:00-05:00,2024-03-26 20:55:00+00:00,-516.194,0.898,-515.295
2024-03-26T16:00:00-05:00,2024-03-26 21:00:00+00:00,-417.875,1.276,-416.6
2024-03-26T16:05:00-05:00,2024-03-26 21:05:00+00:00,-353.508,10.995,-342.512
2024-03-26T16:10:00-05:00,2024-03-26 21:10:00+00:00,-370.415,6.879,-363.537
2024-03-26T16:15:00-05:00,2024-03-26 21:15:00+00:00,-316.425,11.76,-304.665
2024-03-26T16:20:00-05:00,2024-03-26 21:20:00+00:00,-181.642,32.012,-149.63
2024-03-26T16:25:00-05:00,2024-03-26 21:25:00+00:00,-118.422,48.584,-69.838
2024-03-26T16:30:00-05:00,2024-03-26 21:30:00+00:00,-109.098,36.693,-72.405
2024-03-26T16:35:00-05:00,2024-03-26 21:35:00+00:00,-85.993,44.294,-41.699
2024-03-26T16:40:00-05:00,2024-03-26 21:40:00+00:00,-111.637,49.452,-62.185
2024-03-26T16:45:00-05:00,2024-03-26 21:45:00+00:00,-123.572,34.905,-88.668
2024-03-26T16:50:00-05:00,2024-03-26 21:50:00+00:00,-93.323,95.916,2.594
2024-03-26T16:55:00-05:00,2024-03-26 21:55:00+00:00,-82.469,154.831,72.362
2024-03-26T17:00:00-05:00,2024-03-26 22:00:00+00:00,-89.295,68.215,-21.08
2024-03-26T17:05:00-05:00,2024-03-26 22:05:00+00:00,-208.239,21.504,-186.735
2024-03-26T17:10:00-05:00,2024-03-26 22:10:00+00:00,-219.405,47.028,-172.378
2024-03-26T17:15:00-05:00,2024-03-26 22:15:00+00:00,-244.901,25.112,-219.789
2024-03-26T17:20:00-05:00,2024-03-26 22:20:00+00:00,-199.584,41.32,-158.264
2024-03-26T17:25:00-05:00,2024-03-26 22:25:00+00:00,-93.779,98.5,4.721
2024-03-26T17:30:00-05:00,2024-03-26 22:30:00+00:00,-96.254,76.856,-19.398
2024-03-26T17:35:00-05:00,2024-03-26 22:35:00+00:00,-153.102,44.641,-108.461
2024-03-26T17:40:00-05:00,2024-03-26 22:40:00+00:00,-280.977,12.766,-268.211
2024-03-26T17:45:00-05:00,2024-03-26 22:45:00+00:00,-264.685,12.046,-252.639
2024-03-26T17:50:00-05:00,2024-03-26 22:50:00+00:00,-150.927,51.93,-98.998
2024-03-26T17:55:00-05:00,2024-03-26 22:55:00+00:00,-132.431,49.912,-82.519
2024-03-26T18:00:00-05:00,2024-03-26 23:00:00+00:00,-152.447,48.092,-104.354
2024-03-26T18:05:00-05:00,2024-03-26 23:05:00+00:00,-103.225,64.754,-38.47
2024-03-26T18:10:00-05:00,2024-03-26 23:10:00+00:00,-115.454,13.048,-102.406
2024-03-26T18:15:00-05:00,2024-03-26 23:15:00+00:00,-102.314,14.145,-88.169
2024-03-26T18:20:00-05:00,2024-03-26 23:20:00+00:00,-152.287,7.954,-144.333
2024-03-26T18:25:00-05:00,2024-03-26 23:25:00+00:00,-68.284,194.581,126.296
2024-03-26T18:30:00-05:00,2024-03-26 23:30:00+00:00,-49.282,758.277,708.994
2024-03-26T18:35:00-05:00,2024-03-26 23:35:00+00:00,-72.959,465.013,392.053
2024-03-26T18:40:00-05:00,2024-03-26 23:40:00+00:00,-160.818,144.056,-16.762
2024-03-26T18:45:00-05:00,2024-03-26 23:45:00+00:00,-343.033,73.026,-270.008
2024-03-26T18:50:00-05:00,2024-03-26 23:50:00+00:00,-171.68,189.231,17.552
2024-03-26T18:55:00-05:00,2024-03-26 23:55:00+00:00,-44.425,735.99,691.565
2024-03-26T19:00:00-05:00,2024-03-27 00:00:00+00:00,-56.447,981.393,924.945
2024-03-26T19:05:00-05:00,2024-03-27 00:05:00+00:00,-95.233,668.759,573.526
2024-03-26T19:10:00-05:00,2024-03-27 00:10:00+00:00,-151.358,517.657,366.299
2024-03-26T19:15:00-05:00,2024-03-27 00:15:00+00:00,-107.234,751.03,643.796
2024-03-26T19:20:00-05:00,2024-03-27 00:20:00+00:00,-59.01,960.745,901.735
2024-03-26T19:25:00-05:00,2024-03-27 00:25:00+00:00,-52.458,1127.688,1075.23
2024-03-26T19:30:00-05:00,2024-03-27 00:30:00+00:00,-103.748,987.587,883.839
2024-03-26T19:35:00-05:00,2024-03-27 00:35:00+00:00,-342.813,826.303,483.49
2024-03-26T19:40:00-05:00,2024-03-27 00:40:00+00:00,-467.864,708.604,240.74
2024-03-26T19:45:00-05:00,2024-03-27 00:45:00+00:00,-384.223,546.183,161.96
2024-03-26T19:50:00-05:00,2024-03-27 00:50:00+00:00,-184.784,453.985,269.201
2024-03-26T19:55:00-05:00,2024-03-27 00:55:00+00:00,-122.676,500.431,377.756
2024-03-26T20:00:00-05:00,2024-03-27 01:00:00+00:00,-117.518,682.774,565.256
2024-03-26T20:05:00-05:00,2024-03-27 01:05:00+00:00,-150.305,622.484,472.179
2024-03-26T20:10:00-05:00,2024-03-27 01:10:00+00:00,-160.016,583.963,423.947
2024-03-26T20:15:00-05:00,2024-03-27 01:15:00+00:00,-157.714,740.01,582.296
2024-03-26T20:20:00-05:00,2024-03-27 01:20:00+00:00,-158.899,809.979,651.08
2024-03-26T20:25:00-05:00,2024-03-27 01:25:00+00:00,-172.497,765.448,592.951
2024-03-26T20:30:00-05:00,2024-03-27 01:30:00+00:00,-177.682,646.286,468.604
2024-03-26T20:35:00-05:00,2024-03-27 01:35:00+00:00,-196.458,535.157,338.699
2024-03-26T20:40:00-05:00,2024-03-27 01:40:00+00:00,-229.057,620.365,391.309
2024-03-26T20:45:00-05:00,2024-03-27 01:45:00+00:00,-302.224,594.969,292.745
2024-03-26T20:50:00-05:00,2024-03-27 01:50:00+00:00,-218.568,619.498,400.93
2024-03-26T20:55:00-05:00,2024-03-27 01:55:00+00:00,-140.412,675.952,535.54
2024-03-26T21:00:00-05:00,2024-03-27 02:00:00+00:00,-167.143,552.599,385.455
2024-03-26T21:05:00-05:00,2024-03-27 02:05:00+00:00,-212.589,588.152,375.563
2024-03-26T21:10:00-05:00,2024-03-27 02:10:00+00:00,-213.397,569.674,356.277
2024-03-26T21:15:00-05:00,2024-03-27 02:15:00+00:00,-142.725,544.49,401.765
2024-03-26T21:20:00-05:00,2024-03-27 02:20:00+00:00,-142.054,474.738,332.684
2024-03-26T21:25:00-05:00,2024-03-27 02:25:00+00:00,-131.433,346.948,215.516
2024-03-26T21:30:00-05:00,2024-03-27 02:30:00+00:00,-132.226,221.847,89.62
2024-03-26T21:35:00-05:00,2024-03-27 02:35:00+00:00,-178.165,189.612,11.448
2024-03-26T21:40:00-05:00,2024-03-27 02:40:00+00:00,-166.983,301.81,134.827
2024-03-26T21:45:00-05:00,2024-03-27 02:45:00+00:00,-177.119,388.619,211.5
2024-03-26T21:50:00-05:00,2024-03-27 02:50:00+00:00,-113.191,382.048,268.857
2024-03-26T21:55:00-05:00,2024-03-27 02:55:00+00:00,-60.815,433.863,373.047
2024-03-26T22:00:00-05:00,2024-03-27 03:00:00+00:00,-54.613,423.491,368.878
2024-03-26T22:05:00-05:00,2024-03-27 03:05:00+00:00,-45.264,372.085,326.821
2024-03-26T22:10:00-05:00,2024-03-27 03:10:00+00:00,-110.247,229.273,119.026
2024-03-26T22:15:00-05:00,2024-03-27 03:15:00+00:00,-183.29,210.424,27.134
2024-03-26T22:20:00-05:00,2024-03-27 03:20:00+00:00,-82.839,184.784,101.944
2024-03-26T22:25:00-05:00,2024-03-27 03:25:00+00:00,-76.525,177.876,101.351
2024-03-26T22:30:00-05:00,2024-03-27 03:30:00+00:00,-100.84,152.732,51.892
2024-03-26T22:35:00-05:00,2024-03-27 03:35:00+00:00,-144.412,62.513,-81.899
2024-03-26T22:40:00-05:00,2024-03-27 03:40:00+00:00,-134.707,18.677,-116.03
2024-03-26T22:45:00-05:00,2024-03-27 03:45:00+00:00,-112.396,29.01,-83.386
2024-03-26T22:50:00-05:00,2024-03-27 03:50:00+00:00,-125.684,47.137,-78.548
2024-03-26T22:55:00-05:00,2024-03-27 03:55:00+00:00,-104.994,114.668,9.674
2024-03-26T23:00:00-05:00,2024-03-27 04:00:00+00:00,-130.855,127.284,-3.571
2024-03-26T23:05:00-05:00,2024-03-27 04:05:00+00:00,-315.966,62.783,-253.183
2024-03-26T23:10:00-05:00,2024-03-27 04:10:00+00:00,-280.286,64.407,-215.879
2024-03-26T23:15:00-05:00,2024-03-27 04:15:00+00:00,-162.298,209.363,47.064
2024-03-26T23:20:00-05:00,2024-03-27 04:20:00+00:00,-169.955,169.649,-0.306
2024-03-26T23:25:00-05:00,2024-03-27 04:25:00+00:00,-176.206,115.589,-60.617
2024-03-26T23:30:00-05:00,2024-03-27 04:30:00+00:00,-112.341,159.766,47.425
2024-03-26T23:35:00-05:00,2024-03-27 04:35:00+00:00,-83.136,163.545,80.409
2024-03-26T23:40:00-05:00,2024-03-27 04:40:00+00:00,-217.307,69.184,-148.124
2024-03-26T23:45:00-05:00,2024-03-27 04:45:00+00:00,-312.046,8.895,-303.151
2024-03-26T23:50:00-05:00,2024-03-27 04:50:00+00:00,-261.42,19.064,-242.356
2024-03-26T23:55:00-05:00,2024-03-27 04:55:00+00:00,-237.74,45.545,-192.195
2024-03-27T00:00:00-05:00,2024-03-27 05:00:00+00:00,-197.828,101.025,-96.803
2024-03-27T00:05:00-05:00,2024-03-27 05:05:00+00:00,-189.954,77.6,-112.354
2024-03-27T00:10:00-05:00,2024-03-27 05:10:00+00:00,-164.601,45.576,-119.025
2024-03-27T00:15:00-05:00,2024-03-27 05:15:00+00:00,-132.949,74.118,-58.831
2024-03-27T00:20:00-05:00,2024-03-27 05:20:00+00:00,-130.362,140.078,9.716
2024-03-27T00:25:00-05:00,2024-03-27 05:25:00+00:00,-175.705,71.462,-104.243
2024-03-27T00:30:00-05:00,2024-03-27 05:30:00+00:00,-173.367,18.959,-154.408
2024-03-27T00:35:00-05:00,2024-03-27 05:35:00+00:00,-219.349,26.153,-193.197
2024-03-27T00:40:00-05:00,2024-03-27 05:40:00+00:00,-286.62,49.326,-237.294
2024-03-27T00:45:00-05:00,2024-03-27 05:45:00+00:00,-252.17,117.663,-134.507
2024-03-27T00:50:00-05:00,2024-03-27 05:50:00+00:00,-257.198,81.253,-175.944
2024-03-27T00:55:00-05:00,2024-03-27 05:55:00+00:00,-316.869,16.719,-300.151
2024-03-27T01:00:00-05:00,2024-03-27 06:00:00+00:00,-392.841,8.902,-383.939
2024-03-27T01:05:00-05:00,2024-03-27 06:05:00+00:00,-398.881,17.973,-380.908
2024-03-27T01:10:00-05:00,2024-03-27 06:10:00+00:00,-377.006,56.203,-320.803
2024-03-27T01:15:00-05:00,2024-03-27 06:15:00+00:00,-390.857,59.699,-331.158
2024-03-27T01:20:00-05:00,2024-03-27 06:20:00+00:00,-363.543,50.061,-313.482
2024-03-27T01:25:00-05:00,2024-03-27 06:25:00+00:00,-393.509,51.777,-341.732
2024-03-27T01:30:00-05:00,2024-03-27 06:30:00+00:00,-319.427,24.232,-295.196
2024-03-27T01:35:00-05:00,2024-03-27 06:35:00+00:00,-288.075,8.373,-279.702
2024-03-27T01:40:00-05:00,2024-03-27 06:40:00+00:00,-248.114,17.706,-230.408
2024-03-27T01:45:00-05:00,2024-03-27 06:45:00+00:00,-258.487,29.394,-229.093
2024-03-27T01:50:00-05:00,2024-03-27 06:50:00+00:00,-243.267,31.678,-211.588
2024-03-27T01:55:00-05:00,2024-03-27 06:55:00+00:00,-137.077,68.795,-68.282
2024-03-27T02:00:00-05:00,2024-03-27 07:00:00+00:00,-64.146,79.357,15.211
2024-03-27T02:05:00-05:00,2024-03-27 07:05:00+00:00,-61.776,33.788,-27.989
2024-03-27T02:10:00-05:00,2024-03-27 07:10:00+00:00,-96.046,37.708,-58.338
2024-03-27T02:15:00-05:00,2024-03-27 07:15:00+00:00,-126.624,14.82,-111.804
2024-03-27T02:20:00-05:00,2024-03-27 07:20:00+00:00,-131.194,0.97,-130.223
2024-03-27T02:25:00-05:00,2024-03-27 07:25:00+00:00,-99.741,5.672,-94.069
2024-03-27T02:30:00-05:00,2024-03-27 07:30:00+00:00,-68.59,17.324,-51.266
2024-03-27T02:35:00-05:00,2024-03-27 07:35:00+00:00,-76.402,17.138,-59.264
2024-03-27T02:40:00-05:00,2024-03-27 07:40:00+00:00,-109.424,15.46,-93.964
2024-03-27T02:45:00-05:00,2024-03-27 07:45:00+00:00,-64.554,98.48,33.926
2024-03-27T02:50:00-05:00,2024-03-27 07:50:00+00:00,-56.736,231.695,174.959
2024-03-27T02:55:00-05:00,2024-03-27 07:55:00+00:00,-153.882,132.956,-20.927
2024-03-27T03:00:00-05:00,2024-03-27 08:00:00+00:00,-188.593,16.34,-172.253
2024-03-27T03:05:00-05:00,2024-03-27 08:05:00+00:00,-179.773,7.603,-172.17
2024-03-27T03:10:00-05:00,2024-03-27 08:10:00+00:00,-110.715,36.06,-74.655
2024-03-27T03:15:00-05:00,2024-03-27 08:15:00+00:00,-52.405,79.265,26.86
2024-03-27T03:20:00-05:00,2024-03-27 08:20:00+00:00,-106.972,34.212,-72.76
2024-03-27T03:25:00-05:00,2024-03-27 08:25:00+00:00,-174.225,2.062,-172.163
2024-03-27T03:30:00-05:00,2024-03-27 08:30:00+00:00,-135.007,9.802,-125.205
2024-03-27T03:35:00-05:00,2024-03-27 08:35:00+00:00,-104.195,43.064,-61.131
2024-03-27T03:40:00-05:00,2024-03-27 08:40:00+00:00,-79.092,27.485,-51.607
2024-03-27T03:45:00-05:00,2024-03-27 08:45:00+00:00,-47.924,31.833,-16.092
2024-03-27T03:50:00-05:00,2024-03-27 08:50:00+00:00,-61.173,57.509,-3.664
2024-03-27T03:55:00-05:00,2024-03-27 08:55:00+00:00,-92.618,60.966,-31.652
2024-03-27T04:00:00-05:00,2024-03-27 09:00:00+00:00,-77.159,66.108,-11.052
2024-03-27T04:05:00-05:00,2024-03-27 09:05:00+00:00,-38.717,224.443,185.726
2024-03-27T04:10:00-05:00,2024-03-27 09:10:00+00:00,-95.115,210.061,114.945
2024-03-27T04:15:00-05:00,2024-03-27 09:15:00+00:00,-86.593,104.576,17.983
2024-03-27T04:20:00-05:00,2024-03-27 09:20:00+00:00,-79.147,53.282,-25.865
2024-03-27T04:25:00-05:00,2024-03-27 09:25:00+00:00,-103.837,26.231,-77.606
2024-03-27T04:30:00-05:00,2024-03-27 09:30:00+00:00,-138.617,8.078,-130.539
2024-03-27T04:35:00-05:00,2024-03-27 09:35:00+00:00,-79.889,147.987,68.099
2024-03-27T04:40:00-05:00,2024-03-27 09:40:00+00:00,-54.806,169.179,114.373
2024-03-27T04:45:00-05:00,2024-03-27 09:45:00+00:00,-96.511,85.793,-10.718
2024-03-27T04:50:00-05:00,2024-03-27 09:50:00+00:00,-114.685,90.347,-24.338
2024-03-27T04:55:00-05:00,2024-03-27 09:55:00+00:00,-109.9,101.787,-8.113
2024-03-27T05:00:00-05:00,2024-03-27 10:00:00+00:00,-114.726,72.968,-41.758
2024-03-27T05:05:00-05:00,2024-03-27 10:05:00+00:00,-121.242,205.21,83.968
2024-03-27T05:10:00-05:00,2024-03-27 10:10:00+00:00,-24.709,297.346,272.637
2024-03-27T05:15:00-05:00,2024-03-27 10:15:00+00:00,-82.866,196.407,113.541
2024-03-27T05:20:00-05:00,2024-03-27 10:20:00+00:00,-101.43,147.942,46.512
2024-03-27T05:25:00-05:00,2024-03-27 10:25:00+00:00,-57.052,106.236,49.184
2024-03-27T05:30:00-05:00,2024-03-27 10:30:00+00:00,-24.635,139.752,115.116
2024-03-27T05:35:00-05:00,2024-03-27 10:35:00+00:00,-139.8,110.328,-29.472
2024-03-27T05:40:00-05:00,2024-03-27 10:40:00+00:00,-184.201,124.26,-59.942
2024-03-27T05:45:00-05:00,2024-03-27 10:45:00+00:00,-83.723,123.691,39.967
2024-03-27T05:50:00-05:00,2024-03-27 10:50:00+00:00,-50.308,203.484,153.176
2024-03-27T05:55:00-05:00,2024-03-27 10:55:00+00:00,-88.033,176.618,88.585
2024-03-27T06:00:00-05:00,2024-03-27 11:00:00+00:00,-199.92,232.724,32.803
2024-03-27T06:05:00-05:00,2024-03-27 11:05:00+00:00,-162.105,375.673,213.568
2024-03-27T06:10:00-05:00,2024-03-27 11:10:00+00:00,-61.562,491.805,430.243
2024-03-27T06:15:00-05:00,2024-03-27 11:15:00+00:00,-111.339,585.715,474.376
2024-03-27T06:20:00-05:00,2024-03-27 11:20:00+00:00,-172.97,571.76,398.79
2024-03-27T06:25:00-05:00,2024-03-27 11:25:00+00:00,-113.06,412.149,299.09
2024-03-27T06:30:00-05:00,2024-03-27 11:30:00+00:00,-113.522,406.311,292.789
2024-03-27T06:35:00-05:00,2024-03-27 11:35:00+00:00,-121.08,392.541,271.461
2024-03-27T06:40:00-05:00,2024-03-27 11:40:00+00:00,-91.765,446.513,354.748
2024-03-27T06:45:00-05:00,2024-03-27 11:45:00+00:00,-48.798,505.427,456.629
2024-03-27T06:50:00-05:00,2024-03-27 11:50:00+00:00,-79.081,552.312,473.231
2024-03-27T06:55:00-05:00,2024-03-27 11:55:00+00:00,-99.465,552.11,452.645
2024-03-27T07:00:00-05:00,2024-03-27 12:00:00+00:00,-42.847,630.714,587.866
2024-03-27T07:05:00-05:00,2024-03-27 12:05:00+00:00,-28.788,777.074,748.286
2024-03-27T07:10:00-05:00,2024-03-27 12:10:00+00:00,-18.225,915.811,897.587
2024-03-27T07:15:00-05:00,2024-03-27 12:15:00+00:00,-20.652,1032.695,1012.042
2024-03-27T07:20:00-05:00,2024-03-27 12:20:00+00:00,-28.804,1046.129,1017.325
2024-03-27T07:25:00-05:00,2024-03-27 12:25:00+00:00,-31.735,960.417,928.682
2024-03-27T07:30:00-05:00,2024-03-27 12:30:00+00:00,-36.468,843.866,807.397
2024-03-27T07:35:00-05:00,2024-03-27 12:35:00+00:00,-41.488,762.877,721.39
2024-03-27T07:40:00-05:00,2024-03-27 12:40:00+00:00,-81.313,588.844,507.531
2024-03-27T07:45:00-05:00,2024-03-27 12:45:00+00:00,-82.721,431.288,348.567
2024-03-27T07:50:00-05:00,2024-03-27 12:50:00+00:00,-58.019,380.882,322.863
2024-03-27T07:55:00-05:00,2024-03-27 12:55:00+00:00,-64.886,525.652,460.766
2024-03-27T08:00:00-05:00,2024-03-27 13:00:00+00:00,-87.268,408.562,321.295
2024-03-27T08:05:00-05:00,2024-03-27 13:05:00+00:00,-115.671,215.277,99.605
2024-03-27T08:10:00-05:00,2024-03-27 13:10:00+00:00,-143.876,151.184,7.308
2024-03-27T08:15:00-05:00,2024-03-27 13:15:00+00:00,-217.215,105.697,-111.518
2024-03-27T08:20:00-05:00,2024-03-27 13:20:00+00:00,-171.179,85.096,-86.082
2024-03-27T08:25:00-05:00,2024-03-27 13:25:00+00:00,-189.954,61.992,-127.962
2024-03-27T08:30:00-05:00,2024-03-27 13:30:00+00:00,-162.332,75.551,-86.782
2024-03-27T08:35:00-05:00,2024-03-27 13:35:00+00:00,-102.065,140.387,38.322
2024-03-27T08:40:00-05:00,2024-03-27 13:40:00+00:00,-100.898,66.501,-34.397
2024-03-27T08:45:00-05:00,2024-03-27 13:45:00+00:00,-272.117,17.246,-254.871
2024-03-27T08:50:00-05:00,2024-03-27 13:50:00+00:00,-353.162,26.352,-326.81
2024-03-27T08:55:00-05:00,2024-03-27 13:55:00+00:00,-196.583,67.194,-129.39
2024-03-27T09:00:00-05:00,2024-03-27 14:00:00+00:00,-334.492,21.451,-313.042
2024-03-27T09:05:00-05:00,2024-03-27 14:05:00+00:00,-408.396,30.551,-377.845
2024-03-27T09:10:00-05:00,2024-03-27 14:10:00+00:00,-441.759,10.261,-431.498
2024-03-27T09:15:00-05:00,2024-03-27 14:15:00+00:00,-501.241,16.126,-485.115
2024-03-27T09:20:00-05:00,2024-03-27 14:20:00+00:00,-556.625,21.535,-535.091
2024-03-27T09:25:00-05:00,2024-03-27 14:25:00+00:00,-525.729,55.622,-470.107
2024-03-27T09:30:00-05:00,2024-03-27 14:30:00+00:00,-387.993,50.139,-337.854
2024-03-27T09:35:00-05:00,2024-03-27 14:35:00+00:00,-493.361,16.227,-477.134
2024-03-27T09:40:00-05:00,2024-03-27 14:40:00+00:00,-603.772,15.996,-587.776
2024-03-27T09:45:00-05:00,2024-03-27 14:45:00+00:00,-627.043,36.388,-590.655
2024-03-27T09:50:00-05:00,2024-03-27 14:50:00+00:00,-469.594,52.656,-416.938
2024-03-27T09:55:00-05:00,2024-03-27 14:55:00+00:00,-444.808,70.775,-374.033
2024-03-27T10:00:00-05:00,2024-03-27 15:00:00+00:00,-541.869,36.633,-505.236
2024-03-27T10:05:00-05:00,2024-03-27 15:05:00+00:00,-578.246,29.361,-548.885
2024-03-27T10:10:00-05:00,2024-03-27 15:10:00+00:00,-512.579,66.073,-446.506
2024-03-27T10:15:00-05:00,2024-03-27 15:15:00+00:00,-410.775,81.695,-329.08
2024-03-27T10:20:00-05:00,2024-03-27 15:20:00+00:00,-357.032,182.775,-174.256
2024-03-27T10:25:00-05:00,2024-03-27 15:25:00+00:00,-316.341,159.666,-156.675
2024-03-27T10:30:00-05:00,2024-03-27 15:30:00+00:00,-390.597,96.344,-294.252
2024-03-27T10:35:00-05:00,2024-03-27 15:35:00+00:00,-482.589,89.523,-393.067
2024-03-27T10:40:00-05:00,2024-03-27 15:40:00+00:00,-342.271,152.159,-190.112
2024-03-27T10:45:00-05:00,2024-03-27 15:45:00+00:00,-288.713,218.564,-70.149
2024-03-27T10:50:00-05:00,2024-03-27 15:50:00+00:00,-343.748,316.495,-27.253
2024-03-27T10:55:00-05:00,2024-03-27 15:55:00+00:00,-322.75,248.051,-74.698
2024-03-27T11:00:00-05:00,2024-03-27 16:00:00+00:00,-338.876,335.916,-2.96
2024-03-27T11:05:00-05:00,2024-03-27 16:05:00+00:00,-362.845,215.592,-147.252
2024-03-27T11:10:00-05:00,2024-03-27 16:10:00+00:00,-389.978,245.45,-144.528
2024-03-27T11:15:00-05:00,2024-03-27 16:15:00+00:00,-296.335,330.667,34.331
2024-03-27T11:20:00-05:00,2024-03-27 16:20:00+00:00,-346.8,374.564,27.763
2024-03-27T11:25:00-05:00,2024-03-27 16:25:00+00:00,-393.935,295.411,-98.525
2024-03-27T11:30:00-05:00,2024-03-27 16:30:00+00:00,-336.219,306.166,-30.052
2024-03-27T11:35:00-05:00,2024-03-27 16:35:00+00:00,-315.312,306.987,-8.325
2024-03-27T11:40:00-05:00,2024-03-27 16:40:00+00:00,-372.223,286.574,-85.648
2024-03-27T11:45:00-05:00,2024-03-27 16:45:00+00:00,-413.439,283.794,-129.645
2024-03-27T11:50:00-05:00,2024-03-27 16:50:00+00:00,-404.613,290.334,-114.279
2024-03-27T11:55:00-05:00,2024-03-27 16:55:00+00:00,-402.567,305.727,-96.84
2024-03-27T12:00:00-05:00,2024-03-27 17:00:00+00:00,-463.057,192.613,-270.444
2024-03-27T12:05:00-05:00,2024-03-27 17:05:00+00:00,-462.6,86.125,-376.475
2024-03-27T12:10:00-05:00,2024-03-27 17:10:00+00:00,-336.986,110.985,-226.001
2024-03-27T12:15:00-05:00,2024-03-27 17:15:00+00:00,-370.768,82.342,-288.425
2024-03-27T12:20:00-05:00,2024-03-27 17:20:00+00:00,-308.478,87.989,-220.489
2024-03-27T12:25:00-05:00,2024-03-27 17:25:00+00:00,-286.824,94.982,-191.843
2024-03-27T12:30:00-05:00,2024-03-27 17:30:00+00:00,-408.83,96.447,-312.383
2024-03-27T12:35:00-05:00,2024-03-27 17:35:00+00:00,-605.549,81.944,-523.605
2024-03-27T12:40:00-05:00,2024-03-27 17:40:00+00:00,-706.888,94.224,-612.664
2024-03-27T12:45:00-05:00,2024-03-27 17:45:00+00:00,-652.401,106.81,-545.591
2024-03-27T12:50:00-05:00,2024-03-27 17:50:00+00:00,-622.497,114.901,-507.596
2024-03-27T12:55:00-05:00,2024-03-27 17:55:00+00:00,-523.222,201.172,-322.05
2024-03-27T13:00:00-05:00,2024-03-27 18:00:00+00:00,-535.217,229.601,-305.615
2024-03-27T13:05:00-05:00,2024-03-27 18:05:00+00:00,-650.077,109.734,-540.343
2024-03-27T13:10:00-05:00,2024-03-27 18:10:00+00:00,-717.317,81.41,-635.907
2024-03-27T13:15:00-05:00,2024-03-27 18:15:00+00:00,-672.356,109.781,-562.575
2024-03-27T13:20:00-05:00,2024-03-27 18:20:00+00:00,-609.545,95.688,-513.857
2024-03-27T13:25:00-05:00,2024-03-27 18:25:00+00:00,-656.241,19.372,-636.868
2024-03-27T13:30:00-05:00,2024-03-27 18:30:00+00:00,-715.259,5.393,-709.867
2024-03-27T13:35:00-05:00,2024-03-27 18:35:00+00:00,-788.393,3.685,-784.708
2024-03-27T13:40:00-05:00,2024-03-27 18:40:00+00:00,-704.442,2.999,-701.444
2024-03-27T13:45:00-05:00,2024-03-27 18:45:00+00:00,-695.95,19.07,-676.88
2024-03-27T13:50:00-05:00,2024-03-27 18:50:00+00:00,-696.764,16.666,-680.098
2024-03-27T13:55:00-05:00,2024-03-27 18:55:00+00:00,-710.414,21.293,-689.121
2024-03-27T14:00:00-05:00,2024-03-27 19:00:00+00:00,-629.269,47.812,-581.457
2024-03-27T14:05:00-05:00,2024-03-27 19:05:00+00:00,-639.501,43.601,-595.9
2024-03-27T14:10:00-05:00,2024-03-27 19:10:00+00:00,-678.462,12.254,-666.209
2024-03-27T14:15:00-05:00,2024-03-27 19:15:00+00:00,-593.971,66.968,-527.003
2024-03-27T14:20:00-05:00,2024-03-27 19:20:00+00:00,-520.542,212.785,-307.757
2024-03-27T14:25:00-05:00,2024-03-27 19:25:00+00:00,-543.995,203.865,-340.13
2024-03-27T14:30:00-05:00,2024-03-27 19:30:00+00:00,-632.114,42.939,-589.176
2024-03-27T14:35:00-05:00,2024-03-27 19:35:00+00:00,-516.29,125.453,-390.837
2024-03-27T14:40:00-05:00,2024-03-27 19:40:00+00:00,-519.314,209.279,-310.035
2024-03-27T14:45:00-05:00,2024-03-27 19:45:00+00:00,-508.733,108.065,-400.668
2024-03-27T14:50:00-05:00,2024-03-27 19:50:00+00:00,-551.498,166.517,-384.981
2024-03-27T14:55:00-05:00,2024-03-27 19:55:00+00:00,-644.669,14.711,-629.958
2024-03-27T15:00:00-05:00,2024-03-27 20:00:00+00:00,-783.336,4.653,-778.683
2024-03-27T15:05:00-05:00,2024-03-27 20:05:00+00:00,-482.149,61.93,-420.219
2024-03-27T15:10:00-05:00,2024-03-27 20:10:00+00:00,-283.091,33.443,-249.648
2024-03-27T15:15:00-05:00,2024-03-27 20:15:00+00:00,-238.744,108.759,-129.985
2024-03-27T15:20:00-05:00,2024-03-27 20:20:00+00:00,-165.76,419.943,254.183
2024-03-27T15:25:00-05:00,2024-03-27 20:25:00+00:00,-234.168,170.594,-63.574
2024-03-27T15:30:00-05:00,2024-03-27 20:30:00+00:00,-304.441,14.263,-290.178
2024-03-27T15:35:00-05:00,2024-03-27 20:35:00+00:00,-502.814,1.607,-501.207
2024-03-27T15:40:00-05:00,2024-03-27 20:40:00+00:00,-577.469,0.551,-576.918
2024-03-27T15:45:00-05:00,2024-03-27 20:45:00+00:00,-480.941,33.175,-447.766
2024-03-27T15:50:00-05:00,2024-03-27 20:50:00+00:00,-223.072,82.616,-140.456
2024-03-27T15:55:00-05:00,2024-03-27 20:55:00+00:00,-312.245,45.018,-267.227
2024-03-27T16:00:00-05:00,2024-03-27 21:00:00+00:00,-383.609,37.931,-345.678
2024-03-27T16:05:00-05:00,2024-03-27 21:05:00+00:00,-144.867,338.98,194.112
2024-03-27T16:10:00-05:00,2024-03-27 21:10:00+00:00,-260.819,115.979,-144.839
2024-03-27T16:15:00-05:00,2024-03-27 21:15:00+00:00,-539.856,16.987,-522.869
2024-03-27T16:20:00-05:00,2024-03-27 21:20:00+00:00,-664.952,23.454,-641.498
2024-03-27T16:25:00-05:00,2024-03-27 21:25:00+00:00,-424.727,133.425,-291.302
2024-03-27T16:30:00-05:00,2024-03-27 21:30:00+00:00,-217.855,347.489,129.634
2024-03-27T16:35:00-05:00,2024-03-27 21:35:00+00:00,-163.707,511.012,347.305
2024-03-27T16:40:00-05:00,2024-03-27 21:40:00+00:00,-135.355,443.746,308.391
2024-03-27T16:45:00-05:00,2024-03-27 21:45:00+00:00,-199.918,108.373,-91.545
2024-03-27T16:50:00-05:00,2024-03-27 21:50:00+00:00,-364.189,35.065,-329.124
2024-03-27T16:55:00-05:00,2024-03-27 21:55:00+00:00,-142.773,222.256,79.483
2024-03-27T17:00:00-05:00,2024-03-27 22:00:00+00:00,-138.325,289.247,150.923
2024-03-27T17:05:00-05:00,2024-03-27 22:05:00+00:00,-306.12,27.526,-278.594
2024-03-27T17:10:00-05:00,2024-03-27 22:10:00+00:00,-569.98,6.959,-563.021
2024-03-27T17:15:00-05:00,2024-03-27 22:15:00+00:00,-622.817,41.671,-581.146
2024-03-27T17:20:00-05:00,2024-03-27 22:20:00+00:00,-310.76,52.303,-258.457
2024-03-27T17:25:00-05:00,2024-03-27 22:25:00+00:00,-322.736,10.493,-312.243
2024-03-27T17:30:00-05:00,2024-03-27 22:30:00+00:00,-349.335,39.988,-309.347
2024-03-27T17:35:00-05:00,2024-03-27 22:35:00+00:00,-238.526,83.002,-155.525
2024-03-27T17:40:00-05:00,2024-03-27 22:40:00+00:00,-294.037,21.977,-272.06
2024-03-27T17:45:00-05:00,2024-03-27 22:45:00+00:00,-320.592,1.48,-319.112
2024-03-27T17:50:00-05:00,2024-03-27 22:50:00+00:00,-306.276,32.34,-273.937
2024-03-27T17:55:00-05:00,2024-03-27 22:55:00+00:00,-265.713,73.924,-191.789
2024-03-27T18:00:00-05:00,2024-03-27 23:00:00+00:00,-181.634,116.563,-65.071
2024-03-27T18:05:00-05:00,2024-03-27 23:05:00+00:00,-170.078,125.296,-44.782
2024-03-27T18:10:00-05:00,2024-03-27 23:10:00+00:00,-226.052,65.293,-160.758
2024-03-27T18:15:00-05:00,2024-03-27 23:15:00+00:00,-281.565,33.674,-247.891
2024-03-27T18:20:00-05:00,2024-03-27 23:20:00+00:00,-240.293,30.441,-209.852
2024-03-27T18:25:00-05:00,2024-03-27 23:25:00+00:00,-113.756,85.277,-28.479
2024-03-27T18:30:00-05:00,2024-03-27 23:30:00+00:00,-61.087,299.047,237.96
2024-03-27T18:35:00-05:00,2024-03-27 23:35:00+00:00,-67.674,485.131,417.457
2024-03-27T18:40:00-05:00,2024-03-27 23:40:00+00:00,-77.935,269.472,191.537
2024-03-27T18:45:00-05:00,2024-03-27 23:45:00+00:00,-82.26,493.839,411.578
2024-03-27T18:50:00-05:00,2024-03-27 23:50:00+00:00,-90.738,583.551,492.813
2024-03-27T18:55:00-05:00,2024-03-27 23:55:00+00:00,-152.412,290.465,138.053
2024-03-27T19:00:00-05:00,2024-03-28 00:00:00+00:00,-249.15,54.848,-194.302
2024-03-27T19:05:00-05:00,2024-03-28 00:05:00+00:00,-303.195,8.763,-294.431
2024-03-27T19:10:00-05:00,2024-03-28 00:10:00+00:00,-93.121,260.193,167.072
2024-03-27T19:15:00-05:00,2024-03-28 00:15:00+00:00,-69.773,451.353,381.58
2024-03-27T19:20:00-05:00,2024-03-28 00:20:00+00:00,-45.613,709.589,663.976
2024-03-27T19:25:00-05:00,2024-03-28 00:25:00+00:00,-72.744,794.246,721.502
2024-03-27T19:30:00-05:00,2024-03-28 00:30:00+00:00,-89.109,818.157,729.048
2024-03-27T19:35:00-05:00,2024-03-28 00:35:00+00:00,-72.547,846.092,773.545
2024-03-27T19:40:00-05:00,2024-03-28 00:40:00+00:00,-72.386,886.965,814.579
2024-03-27T19:45:00-05:00,2024-03-28 00:45:00+00:00,-108.436,720.623,612.186
2024-03-27T19:50:00-05:00,2024-03-28 00:50:00+00:00,-171.663,586.195,414.532
2024-03-27T19:55:00-05:00,2024-03-28 00:55:00+00:00,-130.353,564.096,433.743
2024-03-27T20:00:00-05:00,2024-03-28 01:00:00+00:00,-149.158,433.236,284.079
2024-03-27T20:05:00-05:00,2024-03-28 01:05:00+00:00,-229.255,201.09,-28.165
2024-03-27T20:10:00-05:00,2024-03-28 01:10:00+00:00,-199.684,36.52,-163.164
2024-03-27T20:15:00-05:00,2024-03-28 01:15:00+00:00,-193.711,63.039,-130.673
2024-03-27T20:20:00-05:00,2024-03-28 01:20:00+00:00,-131.314,173.555,42.241
2024-03-27T20:25:00-05:00,2024-03-28 01:25:00+00:00,-103.106,147.204,44.097
2024-03-27T20:30:00-05:00,2024-03-28 01:30:00+00:00,-218.409,166.291,-52.118
2024-03-27T20:35:00-05:00,2024-03-28 01:35:00+00:00,-190.787,183.618,-7.169
2024-03-27T20:40:00-05:00,2024-03-28 01:40:00+00:00,-67.848,196.127,128.279
2024-03-27T20:45:00-05:00,2024-03-28 01:45:00+00:00,-156.096,134.588,-21.508
2024-03-27T20:50:00-05:00,2024-03-28 01:50:00+00:00,-217.502,135.196,-82.306
2024-03-27T20:55:00-05:00,2024-03-28 01:55:00+00:00,-140.102,141.094,0.992
2024-03-27T21:00:00-05:00,2024-03-28 02:00:00+00:00,-143.797,167.568,23.771
2024-03-27T21:05:00-05:00,2024-03-28 02:05:00+00:00,-212.701,316.423,103.722
2024-03-27T21:10:00-05:00,2024-03-28 02:10:00+00:00,-237.864,301.37,63.507
2024-03-27T21:15:00-05:00,2024-03-28 02:15:00+00:00,-265.557,250.588,-14.969
2024-03-27T21:20:00-05:00,2024-03-28 02:20:00+00:00,-231.233,332.886,101.653
2024-03-27T21:25:00-05:00,2024-03-28 02:25:00+00:00,-272.943,332.122,59.179
2024-03-27T21:30:00-05:00,2024-03-28 02:30:00+00:00,-254.227,330.699,76.472
2024-03-27T21:35:00-05:00,2024-03-28 02:35:00+00:00,-198.074,412.037,213.963
2024-03-27T21:40:00-05:00,2024-03-28 02:40:00+00:00,-211.915,410.346,198.432
2024-03-27T21:45:00-05:00,2024-03-28 02:45:00+00:00,-200.146,392.575,192.429
2024-03-27T21:50:00-05:00,2024-03-28 02:50:00+00:00,-199.631,504.969,305.338
2024-03-27T21:55:00-05:00,2024-03-28 02:55:00+00:00,-218.445,415.739,197.294
2024-03-27T22:00:00-05:00,2024-03-28 03:00:00+00:00,-230.583,360.264,129.682
2024-03-27T22:05:00-05:00,2024-03-28 03:05:00+00:00,-224.887,369.46,144.573
2024-03-27T22:10:00-05:00,2024-03-28 03:10:00+00:00,-185.626,220.977,35.351
2024-03-27T22:15:00-05:00,2024-03-28 03:15:00+00:00,-136.872,141.411,4.539
2024-03-27T22:20:00-05:00,2024-03-28 03:20:00+00:00,-111.863,184.598,72.736
2024-03-27T22:25:00-05:00,2024-03-28 03:25:00+00:00,-87.697,266.741,179.045
2024-03-27T22:30:00-05:00,2024-03-28 03:30:00+00:00,-135.003,145.935,10.932
2024-03-27T22:35:00-05:00,2024-03-28 03:35:00+00:00,-128.742,116.737,-12.004
2024-03-27T22:40:00-05:00,2024-03-28 03:40:00+00:00,-109.591,157.437,47.846
2024-03-27T22:45:00-05:00,2024-03-28 03:45:00+00:00,-149.859,205.442,55.582
2024-03-27T22:50:00-05:00,2024-03-28 03:50:00+00:00,-125.951,150.606,24.655
2024-03-27T22:55:00-05:00,2024-03-28 03:55:00+00:00,-154.239,96.03,-58.21
2024-03-27T23:00:00-05:00,2024-03-28 04:00:00+00:00,-193.022,31.433,-161.589
2024-03-27T23:05:00-05:00,2024-03-28 04:05:00+00:00,-292.684,20.449,-272.235
2024-03-27T23:10:00-05:00,2024-03-28 04:10:00+00:00,-284.898,18.261,-266.636
2024-03-27T23:15:00-05:00,2024-03-28 04:15:00+00:00,-120.078,31.117,-88.962
2024-03-27T23:20:00-05:00,2024-03-28 04:20:00+00:00,-85.812,60.177,-25.636
2024-03-27T23:25:00-05:00,2024-03-28 04:25:00+00:00,-120.561,35.698,-84.863
2024-03-27T23:30:00-05:00,2024-03-28 04:30:00+00:00,-114.296,17.287,-97.009
2024-03-27T23:35:00-05:00,2024-03-28 04:35:00+00:00,-39.34,35.127,-4.213
2024-03-27T23:40:00-05:00,2024-03-28 04:40:00+00:00,-26.191,58.023,31.832
2024-03-27T23:45:00-05:00,2024-03-28 04:45:00+00:00,-45.373,14.82,-30.552
2024-03-27T23:50:00-05:00,2024-03-28 04:50:00+00:00,-29.499,28.118,-1.38
2024-03-27T23:55:00-05:00,2024-03-28 04:55:00+00:00,-60.508,14.378,-46.13
2024-03-28T00:00:00-05:00,2024-03-28 05:00:00+00:00,-26.058,50.614,24.556
2024-03-28T00:05:00-05:00,2024-03-28 05:05:00+00:00,-56.696,50.355,-6.341
2024-03-28T00:10:00-05:00,2024-03-28 05:10:00+00:00,-63.046,48.384,-14.662
2024-03-28T00:15:00-05:00,2024-03-28 05:15:00+00:00,-69.896,33.649,-36.247
2024-03-28T00:20:00-05:00,2024-03-28 05:20:00+00:00,-21.655,156.163,134.508
2024-03-28T00:25:00-05:00,2024-03-28 05:25:00+00:00,-26.137,140.227,114.09
2024-03-28T00:30:00-05:00,2024-03-28 05:30:00+00:00,-46.192,115.208,69.016
2024-03-28T00:35:00-05:00,2024-03-28 05:35:00+00:00,-50.561,189.431,138.87
2024-03-28T00:40:00-05:00,2024-03-28 05:40:00+00:00,-61.59,99.498,37.908
2024-03-28T00:45:00-05:00,2024-03-28 05:45:00+00:00,-60.687,57.086,-3.601
2024-03-28T00:50:00-05:00,2024-03-28 05:50:00+00:00,-30.27,123.989,93.719
2024-03-28T00:55:00-05:00,2024-03-28 05:55:00+00:00,-44.727,42.458,-2.268
2024-03-28T01:00:00-05:00,2024-03-28 06:00:00+00:00,-126.351,70.409,-55.943
2024-03-28T01:05:00-05:00,2024-03-28 06:05:00+00:00,-207.721,114.553,-93.168
2024-03-28T01:10:00-05:00,2024-03-28 06:10:00+00:00,-233.61,19.979,-213.632
2024-03-28T01:15:00-05:00,2024-03-28 06:15:00+00:00,-272.803,14.347,-258.455
2024-03-28T01:20:00-05:00,2024-03-28 06:20:00+00:00,-190.902,61.787,-129.115
2024-03-28T01:25:00-05:00,2024-03-28 06:25:00+00:00,-138.074,65.133,-72.942
2024-03-28T01:30:00-05:00,2024-03-28 06:30:00+00:00,-131.694,32.513,-99.18
2024-03-28T01:35:00-05:00,2024-03-28 06:35:00+00:00,-116.638,39.581,-77.057
2024-03-28T01:40:00-05:00,2024-03-28 06:40:00+00:00,-120.414,73.58,-46.834
2024-03-28T01:45:00-05:00,2024-03-28 06:45:00+00:00,-171.415,10.716,-160.699
2024-03-28T01:50:00-05:00,2024-03-28 06:50:00+00:00,-252.457,70.024,-182.433
2024-03-28T01:55:00-05:00,2024-03-28 06:55:00+00:00,-359.263,228.109,-131.154
2024-03-28T02:00:00-05:00,2024-03-28 07:00:00+00:00,-347.769,116.309,-231.46
2024-03-28T02:05:00-05:00,2024-03-28 07:05:00+00:00,-203.141,98.31,-104.831
2024-03-28T02:10:00-05:00,2024-03-28 07:10:00+00:00,-114.035,78.721,-35.314
2024-03-28T02:15:00-05:00,2024-03-28 07:15:00+00:00,-180.663,12.752,-167.911
2024-03-28T02:20:00-05:00,2024-03-28 07:20:00+00:00,-171.364,30.171,-141.193
2024-03-28T02:25:00-05:00,2024-03-28 07:25:00+00:00,-114.229,38.575,-75.653
2024-03-28T02:30:00-05:00,2024-03-28 07:30:00+00:00,-65.627,90.119,24.492
2024-03-28T02:35:00-05:00,2024-03-28 07:35:00+00:00,-71.779,63.041,-8.738
2024-03-28T02:40:00-05:00,2024-03-28 07:40:00+00:00,-85.268,59.66,-25.609
2024-03-28T02:45:00-05:00,2024-03-28 07:45:00+00:00,-129.076,59.969,-69.107
2024-03-28T02:50:00-05:00,2024-03-28 07:50:00+00:00,-121.022,90.227,-30.795
2024-03-28T02:55:00-05:00,2024-03-28 07:55:00+00:00,-73.908,90.098,16.189
2024-03-28T03:00:00-05:00,2024-03-28 08:00:00+00:00,-81.09,119.957,38.868
2024-03-28T03:05:00-05:00,2024-03-28 08:05:00+00:00,-163.376,114.882,-48.494
2024-03-28T03:10:00-05:00,2024-03-28 08:10:00+00:00,-287.817,135.576,-152.241
2024-03-28T03:15:00-05:00,2024-03-28 08:15:00+00:00,-243.944,107.818,-136.126
2024-03-28T03:20:00-05:00,2024-03-28 08:20:00+00:00,-155.788,32.34,-123.448
2024-03-28T03:25:00-05:00,2024-03-28 08:25:00+00:00,-60.752,37.617,-23.135
2024-03-28T03:30:00-05:00,2024-03-28 08:30:00+00:00,-19.201,130.386,111.186
2024-03-28T03:35:00-05:00,2024-03-28 08:35:00+00:00,-23.349,154.96,131.611
2024-03-28T03:40:00-05:00,2024-03-28 08:40:00+00:00,-65.551,48.097,-17.454
2024-03-28T03:45:00-05:00,2024-03-28 08:45:00+00:00,-35.775,40.769,4.993
2024-03-28T03:50:00-05:00,2024-03-28 08:50:00+00:00,-50.593,79.566,28.973
2024-03-28T03:55:00-05:00,2024-03-28 08:55:00+00:00,-94.497,94.323,-0.174
2024-03-28T04:00:00-05:00,2024-03-28 09:00:00+00:00,-105.205,111.31,6.105
2024-03-28T04:05:00-05:00,2024-03-28 09:05:00+00:00,-85.123,137.469,52.346
2024-03-28T04:10:00-05:00,2024-03-28 09:10:00+00:00,-75.804,74.516,-1.288
2024-03-28T04:15:00-05:00,2024-03-28 09:15:00+00:00,-223.6,83.795,-139.805
2024-03-28T04:20:00-05:00,2024-03-28 09:20:00+00:00,-361.417,114.026,-247.391
2024-03-28T04:25:00-05:00,2024-03-28 09:25:00+00:00,-365.758,74.553,-291.205
2024-03-28T04:30:00-05:00,2024-03-28 09:30:00+00:00,-247.146,112.083,-135.062
2024-03-28T04:35:00-05:00,2024-03-28 09:35:00+00:00,-188.536,130.341,-58.195
2024-03-28T04:40:00-05:00,2024-03-28 09:40:00+00:00,-171.496,56.845,-114.651
2024-03-28T04:45:00-05:00,2024-03-28 09:45:00+00:00,-143.235,22.068,-121.167
2024-03-28T04:50:00-05:00,2024-03-28 09:50:00+00:00,-139.371,34.454,-104.917
2024-03-28T04:55:00-05:00,2024-03-28 09:55:00+00:00,-79.862,73.806,-6.056
2024-03-28T05:00:00-05:00,2024-03-28 10:00:00+00:00,-81.455,59.47,-21.985
2024-03-28T05:05:00-05:00,2024-03-28 10:05:00+00:00,-69.701,141.967,72.265
2024-03-28T05:10:00-05:00,2024-03-28 10:10:00+00:00,-26.308,213.654,187.346
2024-03-28T05:15:00-05:00,2024-03-28 10:15:00+00:00,-56.676,137.189,80.513
2024-03-28T05:20:00-05:00,2024-03-28 10:20:00+00:00,-106.519,118.594,12.075
2024-03-28T05:25:00-05:00,2024-03-28 10:25:00+00:00,-69.744,206.465,136.721
2024-03-28T05:30:00-05:00,2024-03-28 10:30:00+00:00,-30.143,244.515,214.372
2024-03-28T05:35:00-05:00,2024-03-28 10:35:00+00:00,-30.607,308.289,277.682
2024-03-28T05:40:00-05:00,2024-03-28 10:40:00+00:00,-71.972,316.759,244.787
2024-03-28T05:45:00-05:00,2024-03-28 10:45:00+00:00,-72.456,215.4,142.944
2024-03-28T05:50:00-05:00,2024-03-28 10:50:00+00:00,-82.39,146.752,64.363
2024-03-28T05:55:00-05:00,2024-03-28 10:55:00+00:00,-97.202,150.334,53.132
2024-03-28T06:00:00-05:00,2024-03-28 11:00:00+00:00,-39.216,212.914,173.697
2024-03-28T06:05:00-05:00,2024-03-28 11:05:00+00:00,-45.801,384.913,339.112
2024-03-28T06:10:00-05:00,2024-03-28 11:10:00+00:00,-64.515,744.674,680.159
2024-03-28T06:15:00-05:00,2024-03-28 11:15:00+00:00,-162.072,734.654,572.581
2024-03-28T06:20:00-05:00,2024-03-28 11:20:00+00:00,-78.732,855.387,776.655
2024-03-28T06:25:00-05:00,2024-03-28 11:25:00+00:00,-89.126,862.327,773.202
2024-03-28T06:30:00-05:00,2024-03-28 11:30:00+00:00,-44.561,890.522,845.96
2024-03-28T06:35:00-05:00,2024-03-28 11:35:00+00:00,-31.472,1001.589,970.118
2024-03-28T06:40:00-05:00,2024-03-28 11:40:00+00:00,-55.557,930.735,875.177
2024-03-28T06:45:00-05:00,2024-03-28 11:45:00+00:00,-83.902,874.644,790.742
2024-03-28T06:50:00-05:00,2024-03-28 11:50:00+00:00,-71.869,941.688,869.819
2024-03-28T06:55:00-05:00,2024-03-28 11:55:00+00:00,-152.198,927.244,775.046
2024-03-28T07:00:00-05:00,2024-03-28 12:00:00+00:00,-90.81,986.676,895.866
2024-03-28T07:05:00-05:00,2024-03-28 12:05:00+00:00,-51.789,1087.012,1035.223
2024-03-28T07:10:00-05:00,2024-03-28 12:10:00+00:00,-40.214,1056.814,1016.601
2024-03-28T07:15:00-05:00,2024-03-28 12:15:00+00:00,-88.691,1040.486,951.795
2024-03-28T07:20:00-05:00,2024-03-28 12:20:00+00:00,-24.337,1011.631,987.293
2024-03-28T07:25:00-05:00,2024-03-28 12:25:00+00:00,-11.982,1040.976,1028.994
2024-03-28T07:30:00-05:00,2024-03-28 12:30:00+00:00,-16.017,981.825,965.808
2024-03-28T07:35:00-05:00,2024-03-28 12:35:00+00:00,-23.948,920.251,896.303
2024-03-28T07:40:00-05:00,2024-03-28 12:40:00+00:00,-41.027,955.125,914.098
2024-03-28T07:45:00-05:00,2024-03-28 12:45:00+00:00,-59.936,783.263,723.327
2024-03-28T07:50:00-05:00,2024-03-28 12:50:00+00:00,-161.855,575.244,413.389
2024-03-28T07:55:00-05:00,2024-03-28 12:55:00+00:00,-251.931,345.307,93.376
2024-03-28T08:00:00-05:00,2024-03-28 13:00:00+00:00,-342.87,338.293,-4.577
2024-03-28T08:05:00-05:00,2024-03-28 13:05:00+00:00,-204.86,388.891,184.032
2024-03-28T08:10:00-05:00,2024-03-28 13:10:00+00:00,-166.191,338.791,172.6
2024-03-28T08:15:00-05:00,2024-03-28 13:15:00+00:00,-394.569,296.583,-97.986
2024-03-28T08:20:00-05:00,2024-03-28 13:20:00+00:00,-579.485,242.13,-337.356
2024-03-28T08:25:00-05:00,2024-03-28 13:25:00+00:00,-557.701,143.367,-414.334
2024-03-28T08:30:00-05:00,2024-03-28 13:30:00+00:00,-404.997,124.77,-280.227
2024-03-28T08:35:00-05:00,2024-03-28 13:35:00+00:00,-516.338,103.75,-412.587
2024-03-28T08:40:00-05:00,2024-03-28 13:40:00+00:00,-602.199,128.308,-473.891
2024-03-28T08:45:00-05:00,2024-03-28 13:45:00+00:00,-630.736,94.336,-536.4
2024-03-28T08:50:00-05:00,2024-03-28 13:50:00+00:00,-611.059,79.02,-532.039
2024-03-28T08:55:00-05:00,2024-03-28 13:55:00+00:00,-575.534,49.928,-525.607
2024-03-28T09:00:00-05:00,2024-03-28 14:00:00+00:00,-577.684,88.253,-489.431
2024-03-28T09:05:00-05:00,2024-03-28 14:05:00+00:00,-567.558,156.377,-411.181
2024-03-28T09:10:00-05:00,2024-03-28 14:10:00+00:00,-509.979,174.396,-335.583
2024-03-28T09:15:00-05:00,2024-03-28 14:15:00+00:00,-503.775,114.0,-389.775
2024-03-28T09:20:00-05:00,2024-03-28 14:20:00+00:00,-498.999,98.32,-400.679
2024-03-28T09:25:00-05:00,2024-03-28 14:25:00+00:00,-410.615,132.686,-277.93
2024-03-28T09:30:00-05:00,2024-03-28 14:30:00+00:00,-392.19,301.83,-90.36
2024-03-28T09:35:00-05:00,2024-03-28 14:35:00+00:00,-398.447,326.696,-71.751
2024-03-28T09:40:00-05:00,2024-03-28 14:40:00+00:00,-403.743,200.396,-203.347
2024-03-28T09:45:00-05:00,2024-03-28 14:45:00+00:00,-391.396,314.841,-76.555
2024-03-28T09:50:00-05:00,2024-03-28 14:50:00+00:00,-399.22,257.651,-141.569
2024-03-28T09:55:00-05:00,2024-03-28 14:55:00+00:00,-491.075,152.657,-338.418
2024-03-28T10:00:00-05:00,2024-03-28 15:00:00+00:00,-552.181,283.194,-268.986
2024-03-28T10:05:00-05:00,2024-03-28 15:05:00+00:00,-429.911,259.522,-170.389
2024-03-28T10:10:00-05:00,2024-03-28 15:10:00+00:00,-460.811,558.871,98.06
2024-03-28T10:15:00-05:00,2024-03-28 15:15:00+00:00,-444.311,388.048,-56.263
2024-03-28T10:20:00-05:00,2024-03-28 15:20:00+00:00,-496.407,258.44,-237.967
2024-03-28T10:25:00-05:00,2024-03-28 15:25:00+00:00,-469.668,261.179,-208.489
2024-03-28T10:30:00-05:00,2024-03-28 15:30:00+00:00,-518.475,249.364,-269.111
2024-03-28T10:35:00-05:00,2024-03-28 15:35:00+00:00,-550.218,242.813,-307.406
2024-03-28T10:40:00-05:00,2024-03-28 15:40:00+00:00,-456.324,254.684,-201.64
2024-03-28T10:45:00-05:00,2024-03-28 15:45:00+00:00,-386.787,256.904,-129.883
2024-03-28T10:50:00-05:00,2024-03-28 15:50:00+00:00,-358.442,266.507,-91.935
2024-03-28T10:55:00-05:00,2024-03-28 15:55:00+00:00,-389.056,275.231,-113.825
2024-03-28T11:00:00-05:00,2024-03-28 16:00:00+00:00,-485.576,260.411,-225.166
2024-03-28T11:05:00-05:00,2024-03-28 16:05:00+00:00,-466.334,205.019,-261.315
2024-03-28T11:10:00-05:00,2024-03-28 16:10:00+00:00,-261.92,304.731,42.811
2024-03-28T11:15:00-05:00,2024-03-28 16:15:00+00:00,-341.18,112.482,-228.698
2024-03-28T11:20:00-05:00,2024-03-28 16:20:00+00:00,-481.512,21.59,-459.922
2024-03-28T11:25:00-05:00,2024-03-28 16:25:00+00:00,-552.033,13.62,-538.413
2024-03-28T11:30:00-05:00,2024-03-28 16:30:00+00:00,-508.182,64.238,-443.944
2024-03-28T11:35:00-05:00,2024-03-28 16:35:00+00:00,-546.391,48.4,-497.992
2024-03-28T11:40:00-05:00,2024-03-28 16:40:00+00:00,-576.248,58.705,-517.543
2024-03-28T11:45:00-05:00,2024-03-28 16:45:00+00:00,-514.506,145.691,-368.815
2024-03-28T11:50:00-05:00,2024-03-28 16:50:00+00:00,-542.909,106.554,-436.355
2024-03-28T11:55:00-05:00,2024-03-28 16:55:00+00:00,-582.469,79.67,-502.8
2024-03-28T12:00:00-05:00,2024-03-28 17:00:00+00:00,-553.274,77.985,-475.289
2024-03-28T12:05:00-05:00,2024-03-28 17:05:00+00:00,-570.276,48.016,-522.26
2024-03-28T12:10:00-05:00,2024-03-28 17:10:00+00:00,-506.269,78.251,-428.018
2024-03-28T12:15:00-05:00,2024-03-28 17:15:00+00:00,-656.951,52.829,-604.122
2024-03-28T12:20:00-05:00,2024-03-28 17:20:00+00:00,-759.441,60.929,-698.512
2024-03-28T12:25:00-05:00,2024-03-28 17:25:00+00:00,-678.41,83.831,-594.579
2024-03-28T12:30:00-05:00,2024-03-28 17:30:00+00:00,-598.697,179.55,-419.147
2024-03-28T12:35:00-05:00,2024-03-28 17:35:00+00:00,-635.574,102.911,-532.663
2024-03-28T12:40:00-05:00,2024-03-28 17:40:00+00:00,-740.261,37.731,-702.53
2024-03-28T12:45:00-05:00,2024-03-28 17:45:00+00:00,-760.177,37.571,-722.606
2024-03-28T12:50:00-05:00,2024-03-28 17:50:00+00:00,-643.981,87.155,-556.826
2024-03-28T12:55:00-05:00,2024-03-28 17:55:00+00:00,-644.403,137.219,-507.185
2024-03-28T13:00:00-05:00,2024-03-28 18:00:00+00:00,-695.69,72.609,-623.082
2024-03-28T13:05:00-05:00,2024-03-28 18:05:00+00:00,-705.759,46.426,-659.333
2024-03-28T13:10:00-05:00,2024-03-28 18:10:00+00:00,-707.948,29.72,-678.228
2024-03-28T13:15:00-05:00,2024-03-28 18:15:00+00:00,-603.123,37.699,-565.424
2024-03-28T13:20:00-05:00,2024-03-28 18:20:00+00:00,-530.387,85.791,-444.596
2024-03-28T13:25:00-05:00,2024-03-28 18:25:00+00:00,-540.875,94.688,-446.187
2024-03-28T13:30:00-05:00,2024-03-28 18:30:00+00:00,-657.627,69.205,-588.421
2024-03-28T13:35:00-05:00,2024-03-28 18:35:00+00:00,-787.097,72.198,-714.899
2024-03-28T13:40:00-05:00,2024-03-28 18:40:00+00:00,-980.396,44.261,-936.135
2024-03-28T13:45:00-05:00,2024-03-28 18:45:00+00:00,-1047.804,13.369,-1034.434
2024-03-28T13:50:00-05:00,2024-03-28 18:50:00+00:00,-838.437,25.319,-813.118
2024-03-28T13:55:00-05:00,2024-03-28 18:55:00+00:00,-611.035,146.903,-464.131
2024-03-28T14:00:00-05:00,2024-03-28 19:00:00+00:00,-494.442,272.963,-221.479
2024-03-28T14:05:00-05:00,2024-03-28 19:05:00+00:00,-399.7,207.741,-191.959
2024-03-28T14:10:00-05:00,2024-03-28 19:10:00+00:00,-424.737,29.366,-395.371
2024-03-28T14:15:00-05:00,2024-03-28 19:15:00+00:00,-569.572,11.777,-557.795
2024-03-28T14:20:00-05:00,2024-03-28 19:20:00+00:00,-298.859,82.412,-216.447
2024-03-28T14:25:00-05:00,2024-03-28 19:25:00+00:00,-188.986,218.723,29.737
2024-03-28T14:30:00-05:00,2024-03-28 19:30:00+00:00,-156.516,237.018,80.502
2024-03-28T14:35:00-05:00,2024-03-28 19:35:00+00:00,-194.946,120.908,-74.038
2024-03-28T14:40:00-05:00,2024-03-28 19:40:00+00:00,-320.719,12.0,-308.72
2024-03-28T14:45:00-05:00,2024-03-28 19:45:00+00:00,-330.783,1.443,-329.34
2024-03-28T14:50:00-05:00,2024-03-28 19:50:00+00:00,-337.166,16.495,-320.671
2024-03-28T14:55:00-05:00,2024-03-28 19:55:00+00:00,-283.432,70.229,-213.203
2024-03-28T15:00:00-05:00,2024-03-28 20:00:00+00:00,-354.197,92.801,-261.396
2024-03-28T15:05:00-05:00,2024-03-28 20:05:00+00:00,-304.227,150.646,-153.581
2024-03-28T15:10:00-05:00,2024-03-28 20:10:00+00:00,-305.664,46.074,-259.591
2024-03-28T15:15:00-05:00,2024-03-28 20:15:00+00:00,-468.28,3.904,-464.376
2024-03-28T15:20:00-05:00,2024-03-28 20:20:00+00:00,-367.717,24.924,-342.793
2024-03-28T15:25:00-05:00,2024-03-28 20:25:00+00:00,-242.945,123.311,-119.634
2024-03-28T15:30:00-05:00,2024-03-28 20:30:00+00:00,-200.436,292.986,92.55
2024-03-28T15:35:00-05:00,2024-03-28 20:35:00+00:00,-227.551,236.308,8.757
2024-03-28T15:40:00-05:00,2024-03-28 20:40:00+00:00,-432.989,50.744,-382.245
2024-03-28T15:45:00-05:00,2024-03-28 20:45:00+00:00,-416.156,19.855,-396.301
2024-03-28T15:50:00-05:00,2024-03-28 20:50:00+00:00,-446.532,3.673,-442.859
2024-03-28T15:55:00-05:00,2024-03-28 20:55:00+00:00,-412.273,2.721,-409.552
2024-03-28T16:00:00-05:00,2024-03-28 21:00:00+00:00,-261.25,83.951,-177.298
2024-03-28T16:05:00-05:00,2024-03-28 21:05:00+00:00,-210.811,193.92,-16.891
2024-03-28T16:10:00-05:00,2024-03-28 21:10:00+00:00,-201.061,85.251,-115.81
2024-03-28T16:15:00-05:00,2024-03-28 21:15:00+00:00,-174.266,104.592,-69.674
2024-03-28T16:20:00-05:00,2024-03-28 21:20:00+00:00,-200.537,63.313,-137.225
2024-03-28T16:25:00-05:00,2024-03-28 21:25:00+00:00,-146.307,140.193,-6.114
2024-03-28T16:30:00-05:00,2024-03-28 21:30:00+00:00,-211.547,102.336,-109.212
2024-03-28T16:35:00-05:00,2024-03-28 21:35:00+00:00,-266.535,50.03,-216.505
2024-03-28T16:40:00-05:00,2024-03-28 21:40:00+00:00,-180.116,64.762,-115.354
2024-03-28T16:45:00-05:00,2024-03-28 21:45:00+00:00,-225.281,67.001,-158.28
2024-03-28T16:50:00-05:00,2024-03-28 21:50:00+00:00,-367.665,33.633,-334.032
2024-03-28T16:55:00-05:00,2024-03-28 21:55:00+00:00,-351.351,22.427,-328.924
2024-03-28T17:00:00-05:00,2024-03-28 22:00:00+00:00,-249.218,22.874,-226.344
2024-03-28T17:05:00-05:00,2024-03-28 22:05:00+00:00,-188.402,74.354,-114.048
2024-03-28T17:10:00-05:00,2024-03-28 22:10:00+00:00,-106.002,163.559,57.557
2024-03-28T17:15:00-05:00,2024-03-28 22:15:00+00:00,-108.445,162.405,53.961
2024-03-28T17:20:00-05:00,2024-03-28 22:20:00+00:00,-102.847,160.249,57.402
2024-03-28T17:25:00-05:00,2024-03-28 22:25:00+00:00,-149.75,53.864,-95.886
2024-03-28T17:30:00-05:00,2024-03-28 22:30:00+00:00,-110.298,87.473,-22.825
2024-03-28T17:35:00-05:00,2024-03-28 22:35:00+00:00,-139.12,58.991,-80.129
2024-03-28T17:40:00-05:00,2024-03-28 22:40:00+00:00,-279.822,23.568,-256.253
2024-03-28T17:45:00-05:00,2024-03-28 22:45:00+00:00,-265.528,16.538,-248.989
2024-03-28T17:50:00-05:00,2024-03-28 22:50:00+00:00,-136.47,113.248,-23.222
2024-03-28T17:55:00-05:00,2024-03-28 22:55:00+00:00,-78.966,171.169,92.203
2024-03-28T18:00:00-05:00,2024-03-28 23:00:00+00:00,-83.19,135.404,52.214
2024-03-28T18:05:00-05:00,2024-03-28 23:05:00+00:00,-187.67,36.055,-151.615
2024-03-28T18:10:00-05:00,2024-03-28 23:10:00+00:00,-110.541,70.759,-39.782
2024-03-28T18:15:00-05:00,2024-03-28 23:15:00+00:00,-58.234,151.654,93.42
2024-03-28T18:20:00-05:00,2024-03-28 23:20:00+00:00,-58.201,127.254,69.053
2024-03-28T18:25:00-05:00,2024-03-28 23:25:00+00:00,-106.242,77.178,-29.064
2024-03-28T18:30:00-05:00,2024-03-28 23:30:00+00:00,-76.123,148.806,72.683
2024-03-28T18:35:00-05:00,2024-03-28 23:35:00+00:00,-106.644,69.04,-37.604
2024-03-28T18:40:00-05:00,2024-03-28 23:40:00+00:00,-80.172,115.497,35.325
2024-03-28T18:45:00-05:00,2024-03-28 23:45:00+00:00,-106.741,68.638,-38.103
2024-03-28T18:50:00-05:00,2024-03-28 23:50:00+00:00,-83.446,150.458,67.013
2024-03-28T18:55:00-05:00,2024-03-28 23:55:00+00:00,-57.857,387.586,329.729
2024-03-28T19:00:00-05:00,2024-03-29 00:00:00+00:00,-65.458,430.941,365.483
2024-03-28T19:05:00-05:00,2024-03-29 00:05:00+00:00,-85.419,554.567,469.148
2024-03-28T19:10:00-05:00,2024-03-29 00:10:00+00:00,-73.329,580.668,507.339
2024-03-28T19:15:00-05:00,2024-03-29 00:15:00+00:00,-81.883,450.071,368.188
2024-03-28T19:20:00-05:00,2024-03-29 00:20:00+00:00,-120.34,281.089,160.75
2024-03-28T19:25:00-05:00,2024-03-29 00:25:00+00:00,-109.735,340.952,231.217
2024-03-28T19:30:00-05:00,2024-03-29 00:30:00+00:00,-60.759,595.052,534.292
2024-03-28T19:35:00-05:00,2024-03-29 00:35:00+00:00,-54.623,761.296,706.672
2024-03-28T19:40:00-05:00,2024-03-29 00:40:00+00:00,-59.811,704.516,644.705
2024-03-28T19:45:00-05:00,2024-03-29 00:45:00+00:00,-144.422,500.318,355.897
2024-03-28T19:50:00-05:00,2024-03-29 00:50:00+00:00,-257.889,451.705,193.816
2024-03-28T19:55:00-05:00,2024-03-29 00:55:00+00:00,-217.258,460.187,242.929
2024-03-28T20:00:00-05:00,2024-03-29 01:00:00+00:00,-176.96,465.735,288.776
2024-03-28T20:05:00-05:00,2024-03-29 01:05:00+00:00,-191.518,404.543,213.026
2024-03-28T20:10:00-05:00,2024-03-29 01:10:00+00:00,-245.374,357.293,111.918
2024-03-28T20:15:00-05:00,2024-03-29 01:15:00+00:00,-240.163,388.466,148.303
2024-03-28T20:20:00-05:00,2024-03-29 01:20:00+00:00,-219.849,377.308,157.459
2024-03-28T20:25:00-05:00,2024-03-29 01:25:00+00:00,-138.405,305.627,167.222
2024-03-28T20:30:00-05:00,2024-03-29 01:30:00+00:00,-105.527,196.871,91.344
2024-03-28T20:35:00-05:00,2024-03-29 01:35:00+00:00,-126.651,109.407,-17.244
2024-03-28T20:40:00-05:00,2024-03-29 01:40:00+00:00,-152.984,56.214,-96.77
2024-03-28T20:45:00-05:00,2024-03-29 01:45:00+00:00,-148.215,64.027,-84.187
2024-03-28T20:50:00-05:00,2024-03-29 01:50:00+00:00,-138.547,135.385,-3.163
2024-03-28T20:55:00-05:00,2024-03-29 01:55:00+00:00,-110.363,200.571,90.207
2024-03-28T21:00:00-05:00,2024-03-29 02:00:00+00:00,-59.946,175.623,115.677
2024-03-28T21:05:00-05:00,2024-03-29 02:05:00+00:00,-28.017,210.721,182.705
2024-03-28T21:10:00-05:00,2024-03-29 02:10:00+00:00,-58.524,192.336,133.812
2024-03-28T21:15:00-05:00,2024-03-29 02:15:00+00:00,-134.587,110.066,-24.521
2024-03-28T21:20:00-05:00,2024-03-29 02:20:00+00:00,-102.995,124.796,21.802
2024-03-28T21:25:00-05:00,2024-03-29 02:25:00+00:00,-35.819,219.843,184.024
2024-03-28T21:30:00-05:00,2024-03-29 02:30:00+00:00,-59.335,214.504,155.17
2024-03-28T21:35:00-05:00,2024-03-29 02:35:00+00:00,-84.825,105.164,20.339
2024-03-28T21:40:00-05:00,2024-03-29 02:40:00+00:00,-102.117,77.51,-24.607
2024-03-28T21:45:00-05:00,2024-03-29 02:45:00+00:00,-49.326,150.849,101.523
2024-03-28T21:50:00-05:00,2024-03-29 02:50:00+00:00,-98.716,154.901,56.186
2024-03-28T21:55:00-05:00,2024-03-29 02:55:00+00:00,-209.538,57.277,-152.261
2024-03-28T22:00:00-05:00,2024-03-29 03:00:00+00:00,-161.074,89.888,-71.186
2024-03-28T22:05:00-05:00,2024-03-29 03:05:00+00:00,-134.699,214.335,79.636
2024-03-28T22:10:00-05:00,2024-03-29 03:10:00+00:00,-91.342,336.082,244.74
2024-03-28T22:15:00-05:00,2024-03-29 03:15:00+00:00,-70.268,408.618,338.349
2024-03-28T22:20:00-05:00,2024-03-29 03:20:00+00:00,-96.377,221.174,124.796
2024-03-28T22:25:00-05:00,2024-03-29 03:25:00+00:00,-196.561,110.769,-85.792
2024-03-28T22:30:00-05:00,2024-03-29 03:30:00+00:00,-327.308,106.14,-221.168
2024-03-28T22:35:00-05:00,2024-03-29 03:35:00+00:00,-248.303,128.332,-119.97
2024-03-28T22:40:00-05:00,2024-03-29 03:40:00+00:00,-71.965,333.802,261.837
2024-03-28T22:45:00-05:00,2024-03-29 03:45:00+00:00,-68.534,454.119,385.585
2024-03-28T22:50:00-05:00,2024-03-29 03:50:00+00:00,-79.859,354.558,274.699
2024-03-28T22:55:00-05:00,2024-03-29 03:55:00+00:00,-106.859,239.564,132.704
2024-03-28T23:00:00-05:00,2024-03-29 04:00:00+00:00,-93.934,178.216,84.281
2024-03-28T23:05:00-05:00,2024-03-29 04:05:00+00:00,-118.037,113.038,-4.999
2024-03-28T23:10:00-05:00,2024-03-29 04:10:00+00:00,-162.856,145.371,-17.485
2024-03-28T23:15:00-05:00,2024-03-29 04:15:00+00:00,-83.64,288.316,204.676
2024-03-28T23:20:00-05:00,2024-03-29 04:20:00+00:00,-91.677,193.572,101.895
2024-03-28T23:25:00-05:00,2024-03-29 04:25:00+00:00,-124.305,73.025,-51.28
2024-03-28T23:30:00-05:00,2024-03-29 04:30:00+00:00,-104.501,93.982,-10.519
2024-03-28T23:35:00-05:00,2024-03-29 04:35:00+00:00,-74.95,139.874,64.923
2024-03-28T23:40:00-05:00,2024-03-29 04:40:00+00:00,-100.969,75.13,-25.838
2024-03-28T23:45:00-05:00,2024-03-29 04:45:00+00:00,-141.577,58.013,-83.564
2024-03-28T23:50:00-05:00,2024-03-29 04:50:00+00:00,-120.253,161.475,41.222
2024-03-28T23:55:00-05:00,2024-03-29 04:55:00+00:00,-111.447,60.327,-51.12
2024-03-29T00:00:00-05:00,2024-03-29 05:00:00+00:00,-248.719,15.605,-233.115
2024-03-29T00:05:00-05:00,2024-03-29 05:05:00+00:00,-172.942,34.938,-138.005
2024-03-29T00:10:00-05:00,2024-03-29 05:10:00+00:00,-156.6,122.445,-34.155
2024-03-29T00:15:00-05:00,2024-03-29 05:15:00+00:00,-202.794,154.415,-48.379
2024-03-29T00:20:00-05:00,2024-03-29 05:20:00+00:00,-361.902,54.632,-307.27
2024-03-29T00:25:00-05:00,2024-03-29 05:25:00+00:00,-455.151,45.272,-409.879
2024-03-29T00:30:00-05:00,2024-03-29 05:30:00+00:00,-422.522,71.848,-350.673
2024-03-29T00:35:00-05:00,2024-03-29 05:35:00+00:00,-330.267,57.485,-272.782
2024-03-29T00:40:00-05:00,2024-03-29 05:40:00+00:00,-281.808,70.835,-210.973
2024-03-29T00:45:00-05:00,2024-03-29 05:45:00+00:00,-185.373,131.843,-53.53
2024-03-29T00:50:00-05:00,2024-03-29 05:50:00+00:00,-178.994,139.516,-39.478
2024-03-29T00:55:00-05:00,2024-03-29 05:55:00+00:00,-130.133,153.926,23.793
2024-03-29T01:00:00-05:00,2024-03-29 06:00:00+00:00,-134.926,114.73,-20.196
2024-03-29T01:05:00-05:00,2024-03-29 06:05:00+00:00,-223.9,80.308,-143.591
2024-03-29T01:10:00-05:00,2024-03-29 06:10:00+00:00,-292.48,100.763,-191.716
2024-03-29T01:15:00-05:00,2024-03-29 06:15:00+00:00,-276.651,138.836,-137.814
2024-03-29T01:20:00-05:00,2024-03-29 06:20:00+00:00,-384.834,69.433,-315.401
2024-03-29T01:25:00-05:00,2024-03-29 06:25:00+00:00,-366.041,106.373,-259.668
2024-03-29T01:30:00-05:00,2024-03-29 06:30:00+00:00,-284.595,125.528,-159.068
2024-03-29T01:35:00-05:00,2024-03-29 06:35:00+00:00,-166.456,191.68,25.224
2024-03-29T01:40:00-05:00,2024-03-29 06:40:00+00:00,-212.483,111.853,-100.631
2024-03-29T01:45:00-05:00,2024-03-29 06:45:00+00:00,-211.204,101.273,-109.932
2024-03-29T01:50:00-05:00,2024-03-29 06:50:00+00:00,-222.756,94.833,-127.923
2024-03-29T01:55:00-05:00,2024-03-29 06:55:00+00:00,-362.18,52.925,-309.256
2024-03-29T02:00:00-05:00,2024-03-29 07:00:00+00:00,-425.725,61.823,-363.902
2024-03-29T02:05:00-05:00,2024-03-29 07:05:00+00:00,-342.42,128.825,-213.595
2024-03-29T02:10:00-05:00,2024-03-29 07:10:00+00:00,-227.014,190.87,-36.143
2024-03-29T02:15:00-05:00,2024-03-29 07:15:00+00:00,-403.24,178.332,-224.909
2024-03-29T02:20:00-05:00,2024-03-29 07:20:00+00:00,-505.608,88.354,-417.254
2024-03-29T02:25:00-05:00,2024-03-29 07:25:00+00:00,-483.704,53.675,-430.029
2024-03-29T02:30:00-05:00,2024-03-29 07:30:00+00:00,-288.971,63.821,-225.149
2024-03-29T02:35:00-05:00,2024-03-29 07:35:00+00:00,-201.453,147.197,-54.255
2024-03-29T02:40:00-05:00,2024-03-29 07:40:00+00:00,-154.362,111.41,-42.952
2024-03-29T02:45:00-05:00,2024-03-29 07:45:00+00:00,-252.456,100.937,-151.52
2024-03-29T02:50:00-05:00,2024-03-29 07:50:00+00:00,-234.304,116.596,-117.708
2024-03-29T02:55:00-05:00,2024-03-29 07:55:00+00:00,-145.128,180.698,35.571
2024-03-29T03:00:00-05:00,2024-03-29 08:00:00+00:00,-131.218,175.015,43.797
2024-03-29T03:05:00-05:00,2024-03-29 08:05:00+00:00,-241.575,71.252,-170.323
2024-03-29T03:10:00-05:00,2024-03-29 08:10:00+00:00,-321.999,57.554,-264.445
2024-03-29T03:15:00-05:00,2024-03-29 08:15:00+00:00,-332.195,65.529,-266.666
2024-03-29T03:20:00-05:00,2024-03-29 08:20:00+00:00,-311.62,92.268,-219.352
2024-03-29T03:25:00-05:00,2024-03-29 08:25:00+00:00,-218.493,129.996,-88.497
2024-03-29T03:30:00-05:00,2024-03-29 08:30:00+00:00,-147.779,287.617,139.837
2024-03-29T03:35:00-05:00,2024-03-29 08:35:00+00:00,-92.89,281.55,188.66
2024-03-29T03:40:00-05:00,2024-03-29 08:40:00+00:00,-100.836,72.134,-28.702
2024-03-29T03:45:00-05:00,2024-03-29 08:45:00+00:00,-184.919,49.201,-135.718
2024-03-29T03:50:00-05:00,2024-03-29 08:50:00+00:00,-268.036,44.253,-223.783
2024-03-29T03:55:00-05:00,2024-03-29 08:55:00+00:00,-167.292,52.244,-115.048
2024-03-29T04:00:00-05:00,2024-03-29 09:00:00+00:00,-62.14,137.232,75.093
2024-03-29T04:05:00-05:00,2024-03-29 09:05:00+00:00,-46.242,167.161,120.919
2024-03-29T04:10:00-05:00,2024-03-29 09:10:00+00:00,-24.119,242.317,218.197
2024-03-29T04:15:00-05:00,2024-03-29 09:15:00+00:00,-112.034,86.105,-25.929
2024-03-29T04:20:00-05:00,2024-03-29 09:20:00+00:00,-238.23,55.848,-182.382
2024-03-29T04:25:00-05:00,2024-03-29 09:25:00+00:00,-229.131,37.046,-192.085
2024-03-29T04:30:00-05:00,2024-03-29 09:30:00+00:00,-201.172,40.563,-160.608
2024-03-29T04:35:00-05:00,2024-03-29 09:35:00+00:00,-57.183,133.817,76.634
2024-03-29T04:40:00-05:00,2024-03-29 09:40:00+00:00,-27.564,207.462,179.898
2024-03-29T04:45:00-05:00,2024-03-29 09:45:00+00:00,-102.26,95.895,-6.366
2024-03-29T04:50:00-05:00,2024-03-29 09:50:00+00:00,-162.224,55.511,-106.713
2024-03-29T04:55:00-05:00,2024-03-29 09:55:00+00:00,-43.748,77.808,34.059
2024-03-29T05:00:00-05:00,2024-03-29 10:00:00+00:00,-81.471,88.436,6.966
2024-03-29T05:05:00-05:00,2024-03-29 10:05:00+00:00,-117.839,84.643,-33.196
2024-03-29T05:10:00-05:00,2024-03-29 10:10:00+00:00,-31.541,131.666,100.125
2024-03-29T05:15:00-05:00,2024-03-29 10:15:00+00:00,-19.186,185.953,166.767
2024-03-29T05:20:00-05:00,2024-03-29 10:20:00+00:00,-120.449,78.788,-41.661
2024-03-29T05:25:00-05:00,2024-03-29 10:25:00+00:00,-212.289,40.184,-172.105
2024-03-29T05:30:00-05:00,2024-03-29 10:30:00+00:00,-194.958,38.954,-156.003
2024-03-29T05:35:00-05:00,2024-03-29 10:35:00+00:00,-150.674,53.157,-97.517
2024-03-29T05:40:00-05:00,2024-03-29 10:40:00+00:00,-79.431,107.863,28.432
2024-03-29T05:45:00-05:00,2024-03-29 10:45:00+00:00,-24.937,139.227,114.29
2024-03-29T05:50:00-05:00,2024-03-29 10:50:00+00:00,-47.996,74.272,26.276
2024-03-29T05:55:00-05:00,2024-03-29 10:55:00+00:00,-61.251,75.088,13.837
2024-03-29T06:00:00-05:00,2024-03-29 11:00:00+00:00,-179.67,53.807,-125.863
2024-03-29T06:05:00-05:00,2024-03-29 11:05:00+00:00,-141.287,103.379,-37.908
2024-03-29T06:10:00-05:00,2024-03-29 11:10:00+00:00,-208.46,101.789,-106.67
2024-03-29T06:15:00-05:00,2024-03-29 11:15:00+00:00,-181.893,108.283,-73.61
2024-03-29T06:20:00-05:00,2024-03-29 11:20:00+00:00,-76.494,134.005,57.511
2024-03-29T06:25:00-05:00,2024-03-29 11:25:00+00:00,-73.478,103.188,29.71
2024-03-29T06:30:00-05:00,2024-03-29 11:30:00+00:00,-136.472,70.385,-66.087
2024-03-29T06:35:00-05:00,2024-03-29 11:35:00+00:00,-83.314,107.402,24.088
2024-03-29T06:40:00-05:00,2024-03-29 11:40:00+00:00,-64.159,119.657,55.497
2024-03-29T06:45:00-05:00,2024-03-29 11:45:00+00:00,-96.408,110.378,13.969
2024-03-29T06:50:00-05:00,2024-03-29 11:50:00+00:00,-68.714,129.016,60.301
2024-03-29T06:55:00-05:00,2024-03-29 11:55:00+00:00,-46.738,172.354,125.617
2024-03-29T07:00:00-05:00,2024-03-29 12:00:00+00:00,-48.691,133.221,84.53
2024-03-29T07:05:00-05:00,2024-03-29 12:05:00+00:00,-45.212,199.439,154.227
2024-03-29T07:10:00-05:00,2024-03-29 12:10:00+00:00,-21.496,483.713,462.217
2024-03-29T07:15:00-05:00,2024-03-29 12:15:00+00:00,-62.631,417.246,354.615
2024-03-29T07:20:00-05:00,2024-03-29 12:20:00+00:00,-117.498,307.297,189.798
2024-03-29T07:25:00-05:00,2024-03-29 12:25:00+00:00,-46.721,406.026,359.305
2024-03-29T07:30:00-05:00,2024-03-29 12:30:00+00:00,-25.838,456.423,430.585
2024-03-29T07:35:00-05:00,2024-03-29 12:35:00+00:00,-32.157,498.013,465.856
2024-03-29T07:40:00-05:00,2024-03-29 12:40:00+00:00,-49.838,453.95,404.112
2024-03-29T07:45:00-05:00,2024-03-29 12:45:00+00:00,-44.298,525.864,481.566
2024-03-29T07:50:00-05:00,2024-03-29 12:50:00+00:00,-67.479,389.279,321.8
2024-03-29T07:55:00-05:00,2024-03-29 12:55:00+00:00,-184.626,213.225,28.599
2024-03-29T08:00:00-05:00,2024-03-29 13:00:00+00:00,-339.217,201.764,-137.453
2024-03-29T08:05:00-05:00,2024-03-29 13:05:00+00:00,-131.606,234.368,102.762
2024-03-29T08:10:00-05:00,2024-03-29 13:10:00+00:00,-28.558,322.166,293.608
2024-03-29T08:15:00-05:00,2024-03-29 13:15:00+00:00,-72.709,166.19,93.48
2024-03-29T08:20:00-05:00,2024-03-29 13:20:00+00:00,-180.969,59.678,-121.292
2024-03-29T08:25:00-05:00,2024-03-29 13:25:00+00:00,-99.939,116.52,16.581
2024-03-29T08:30:00-05:00,2024-03-29 13:30:00+00:00,-111.988,97.785,-14.203
2024-03-29T08:35:00-05:00,2024-03-29 13:35:00+00:00,-317.635,20.171,-297.464
2024-03-29T08:40:00-05:00,2024-03-29 13:40:00+00:00,-246.559,73.171,-173.388
2024-03-29T08:45:00-05:00,2024-03-29 13:45:00+00:00,-90.506,196.699,106.193
2024-03-29T08:50:00-05:00,2024-03-29 13:50:00+00:00,-78.681,368.806,290.126
2024-03-29T08:55:00-05:00,2024-03-29 13:55:00+00:00,-65.622,363.79,298.168
2024-03-29T09:00:00-05:00,2024-03-29 14:00:00+00:00,-58.851,315.12,256.269
2024-03-29T09:05:00-05:00,2024-03-29 14:05:00+00:00,-111.526,171.257,59.731
2024-03-29T09:10:00-05:00,2024-03-29 14:10:00+00:00,-201.726,92.214,-109.513
2024-03-29T09:15:00-05:00,2024-03-29 14:15:00+00:00,-288.929,31.439,-257.49
2024-03-29T09:20:00-05:00,2024-03-29 14:20:00+00:00,-250.823,25.031,-225.792
2024-03-29T09:25:00-05:00,2024-03-29 14:25:00+00:00,-104.08,242.345,138.265
2024-03-29T09:30:00-05:00,2024-03-29 14:30:00+00:00,-113.886,322.05,208.164
2024-03-29T09:35:00-05:00,2024-03-29 14:35:00+00:00,-209.795,143.853,-65.943
2024-03-29T09:40:00-05:00,2024-03-29 14:40:00+00:00,-255.565,56.502,-199.063
2024-03-29T09:45:00-05:00,2024-03-29 14:45:00+00:00,-240.752,86.219,-154.533
2024-03-29T09:50:00-05:00,2024-03-29 14:50:00+00:00,-407.383,27.089,-380.294
2024-03-29T09:55:00-05:00,2024-03-29 14:55:00+00:00,-540.461,22.036,-518.425
2024-03-29T10:00:00-05:00,2024-03-29 15:00:00+00:00,-251.739,63.916,-187.823
2024-03-29T10:05:00-05:00,2024-03-29 15:05:00+00:00,-212.532,83.173,-129.358
2024-03-29T10:10:00-05:00,2024-03-29 15:10:00+00:00,-212.535,153.764,-58.771
2024-03-29T10:15:00-05:00,2024-03-29 15:15:00+00:00,-217.18,25.884,-191.296
2024-03-29T10:20:00-05:00,2024-03-29 15:20:00+00:00,-302.997,12.523,-290.474
2024-03-29T10:25:00-05:00,2024-03-29 15:25:00+00:00,-560.057,11.252,-548.805
2024-03-29T10:30:00-05:00,2024-03-29 15:30:00+00:00,-372.315,18.377,-353.938
2024-03-29T10:35:00-05:00,2024-03-29 15:35:00+00:00,-410.429,5.24,-405.189
2024-03-29T10:40:00-05:00,2024-03-29 15:40:00+00:00,-346.514,33.732,-312.782
2024-03-29T10:45:00-05:00,2024-03-29 15:45:00+00:00,-239.689,45.856,-193.833
2024-03-29T10:50:00-05:00,2024-03-29 15:50:00+00:00,-419.965,29.19,-390.775
2024-03-29T10:55:00-05:00,2024-03-29 15:55:00+00:00,-333.699,82.462,-251.237
2024-03-29T11:00:00-05:00,2024-03-29 16:00:00+00:00,-324.282,140.922,-183.361
2024-03-29T11:05:00-05:00,2024-03-29 16:05:00+00:00,-279.94,116.974,-162.966
2024-03-29T11:10:00-05:00,2024-03-29 16:10:00+00:00,-188.153,169.263,-18.891
2024-03-29T11:15:00-05:00,2024-03-29 16:15:00+00:00,-358.196,50.101,-308.095
2024-03-29T11:20:00-05:00,2024-03-29 16:20:00+00:00,-428.837,45.965,-382.872
2024-03-29T11:25:00-05:00,2024-03-29 16:25:00+00:00,-329.573,211.558,-118.015
2024-03-29T11:30:00-05:00,2024-03-29 16:30:00+00:00,-353.976,141.969,-212.007
2024-03-29T11:35:00-05:00,2024-03-29 16:35:00+00:00,-308.442,40.787,-267.654
2024-03-29T11:40:00-05:00,2024-03-29 16:40:00+00:00,-220.909,40.71,-180.198
2024-03-29T11:45:00-05:00,2024-03-29 16:45:00+00:00,-115.544,258.143,142.599
2024-03-29T11:50:00-05:00,2024-03-29 16:50:00+00:00,-123.749,256.685,132.936
2024-03-29T11:55:00-05:00,2024-03-29 16:55:00+00:00,-199.473,58.541,-140.932
2024-03-29T12:00:00-05:00,2024-03-29 17:00:00+00:00,-293.849,25.859,-267.99
2024-03-29T12:05:00-05:00,2024-03-29 17:05:00+00:00,-233.544,22.662,-210.882
2024-03-29T12:10:00-05:00,2024-03-29 17:10:00+00:00,-184.272,34.853,-149.419
2024-03-29T12:15:00-05:00,2024-03-29 17:15:00+00:00,-160.463,65.421,-95.041
2024-03-29T12:20:00-05:00,2024-03-29 17:20:00+00:00,-235.291,23.229,-212.062
2024-03-29T12:25:00-05:00,2024-03-29 17:25:00+00:00,-497.656,5.347,-492.31
2024-03-29T12:30:00-05:00,2024-03-29 17:30:00+00:00,-511.599,19.551,-492.048
2024-03-29T12:35:00-05:00,2024-03-29 17:35:00+00:00,-231.937,67.377,-164.56
2024-03-29T12:40:00-05:00,2024-03-29 17:40:00+00:00,-241.022,82.505,-158.517
2024-03-29T12:45:00-05:00,2024-03-29 17:45:00+00:00,-194.35,106.63,-87.721
2024-03-29T12:50:00-05:00,2024-03-29 17:50:00+00:00,-146.842,169.384,22.541
2024-03-29T12:55:00-05:00,2024-03-29 17:55:00+00:00,-138.603,252.59,113.987
2024-03-29T13:00:00-05:00,2024-03-29 18:00:00+00:00,-244.805,45.161,-199.644
2024-03-29T13:05:00-05:00,2024-03-29 18:05:00+00:00,-451.804,7.44,-444.364
2024-03-29T13:10:00-05:00,2024-03-29 18:10:00+00:00,-158.041,55.48,-102.561
2024-03-29T13:15:00-05:00,2024-03-29 18:15:00+00:00,-90.55,144.29,53.741
2024-03-29T13:20:00-05:00,2024-03-29 18:20:00+00:00,-138.416,169.913,31.497
2024-03-29T13:25:00-05:00,2024-03-29 18:25:00+00:00,-183.153,173.002,-10.151
2024-03-29T13:30:00-05:00,2024-03-29 18:30:00+00:00,-203.919,212.252,8.333
2024-03-29T13:35:00-05:00,2024-03-29 18:35:00+00:00,-294.913,35.455,-259.458
2024-03-29T13:40:00-05:00,2024-03-29 18:40:00+00:00,-355.696,8.915,-346.781
2024-03-29T13:45:00-05:00,2024-03-29 18:45:00+00:00,-306.816,68.155,-238.661
2024-03-29T13:50:00-05:00,2024-03-29 18:50:00+00:00,-309.408,75.035,-234.373
2024-03-29T13:55:00-05:00,2024-03-29 18:55:00+00:00,-300.62,171.804,-128.816
2024-03-29T14:00:00-05:00,2024-03-29 19:00:00+00:00,-307.386,163.032,-144.354
2024-03-29T14:05:00-05:00,2024-03-29 19:05:00+00:00,-244.007,58.441,-185.566
2024-03-29T14:10:00-05:00,2024-03-29 19:10:00+00:00,-120.979,156.981,36.002
2024-03-29T14:15:00-05:00,2024-03-29 19:15:00+00:00,-247.558,18.108,-229.449
2024-03-29T14:20:00-05:00,2024-03-29 19:20:00+00:00,-358.803,6.343,-352.46
2024-03-29T14:25:00-05:00,2024-03-29 19:25:00+00:00,-165.067,30.628,-134.439
2024-03-29T14:30:00-05:00,2024-03-29 19:30:00+00:00,-130.409,48.464,-81.945
2024-03-29T14:35:00-05:00,2024-03-29 19:35:00+00:00,-232.157,23.79,-208.367
2024-03-29T14:40:00-05:00,2024-03-29 19:40:00+00:00,-88.152,209.557,121.406
2024-03-29T14:45:00-05:00,2024-03-29 19:45:00+00:00,-140.049,66.919,-73.13
2024-03-29T14:50:00-05:00,2024-03-29 19:50:00+00:00,-418.701,5.493,-413.208
2024-03-29T14:55:00-05:00,2024-03-29 19:55:00+00:00,-525.138,3.199,-521.94
2024-03-29T15:00:00-05:00,2024-03-29 20:00:00+00:00,-462.114,11.888,-450.226
2024-03-29T15:05:00-05:00,2024-03-29 20:05:00+00:00,-141.309,170.678,29.369
2024-03-29T15:10:00-05:00,2024-03-29 20:10:00+00:00,-60.523,396.213,335.69
2024-03-29T15:15:00-05:00,2024-03-29 20:15:00+00:00,-88.348,173.984,85.635
2024-03-29T15:20:00-05:00,2024-03-29 20:20:00+00:00,-398.361,15.729,-382.631
2024-03-29T15:25:00-05:00,2024-03-29 20:25:00+00:00,-570.19,57.601,-512.589
2024-03-29T15:30:00-05:00,2024-03-29 20:30:00+00:00,-176.204,152.038,-24.166
2024-03-29T15:35:00-05:00,2024-03-29 20:35:00+00:00,-141.65,124.937,-16.713
2024-03-29T15:40:00-05:00,2024-03-29 20:40:00+00:00,-110.825,153.164,42.339
2024-03-29T15:45:00-05:00,2024-03-29 20:45:00+00:00,-90.534,189.487,98.953
2024-03-29T15:50:00-05:00,2024-03-29 20:50:00+00:00,-239.582,101.141,-138.441
2024-03-29T15:55:00-05:00,2024-03-29 20:55:00+00:00,-154.619,218.968,64.35
2024-03-29T16:00:00-05:00,2024-03-29 21:00:00+00:00,-148.356,321.933,173.578
2024-03-29T16:05:00-05:00,2024-03-29 21:05:00+00:00,-262.252,111.297,-150.955
2024-03-29T16:10:00-05:00,2024-03-29 21:10:00+00:00,-530.032,89.651,-440.381
2024-03-29T16:15:00-05:00,2024-03-29 21:15:00+00:00,-278.257,169.086,-109.171
2024-03-29T16:20:00-05:00,2024-03-29 21:20:00+00:00,-111.247,412.856,301.608
2024-03-29T16:25:00-05:00,2024-03-29 21:25:00+00:00,-144.719,181.407,36.688
2024-03-29T16:30:00-05:00,2024-03-29 21:30:00+00:00,-189.733,88.661,-101.071
2024-03-29T16:35:00-05:00,2024-03-29 21:35:00+00:00,-127.53,52.019,-75.511
2024-03-29T16:40:00-05:00,2024-03-29 21:40:00+00:00,-79.235,276.175,196.94
2024-03-29T16:45:00-05:00,2024-03-29 21:45:00+00:00,-134.418,425.8,291.382
2024-03-29T16:50:00-05:00,2024-03-29 21:50:00+00:00,-173.279,154.996,-18.283
2024-03-29T16:55:00-05:00,2024-03-29 21:55:00+00:00,-170.524,29.014,-141.51
2024-03-29T17:00:00-05:00,2024-03-29 22:00:00+00:00,-157.848,103.973,-53.874
2024-03-29T17:05:00-05:00,2024-03-29 22:05:00+00:00,-281.443,12.735,-268.708
2024-03-29T17:10:00-05:00,2024-03-29 22:10:00+00:00,-314.761,13.798,-300.963
2024-03-29T17:15:00-05:00,2024-03-29 22:15:00+00:00,-180.402,223.449,43.047
2024-03-29T17:20:00-05:00,2024-03-29 22:20:00+00:00,-153.895,338.398,184.503
2024-03-29T17:25:00-05:00,2024-03-29 22:25:00+00:00,-225.967,72.028,-153.939
2024-03-29T17:30:00-05:00,2024-03-29 22:30:00+00:00,-509.25,17.81,-491.439
2024-03-29T17:35:00-05:00,2024-03-29 22:35:00+00:00,-300.162,103.151,-197.011
2024-03-29T17:40:00-05:00,2024-03-29 22:40:00+00:00,-101.861,328.732,226.871
2024-03-29T17:45:00-05:00,2024-03-29 22:45:00+00:00,-132.495,194.947,62.453
2024-03-29T17:50:00-05:00,2024-03-29 22:50:00+00:00,-313.825,23.528,-290.297
2024-03-29T17:55:00-05:00,2024-03-29 22:55:00+00:00,-315.454,11.364,-304.09
2024-03-29T18:00:00-05:00,2024-03-29 23:00:00+00:00,-282.27,18.18,-264.091
2024-03-29T18:05:00-05:00,2024-03-29 23:05:00+00:00,-110.877,74.226,-36.65
2024-03-29T18:10:00-05:00,2024-03-29 23:10:00+00:00,-91.765,63.779,-27.986
2024-03-29T18:15:00-05:00,2024-03-29 23:15:00+00:00,-52.862,168.674,115.812
2024-03-29T18:20:00-05:00,2024-03-29 23:20:00+00:00,-31.039,300.85,269.811
2024-03-29T18:25:00-05:00,2024-03-29 23:25:00+00:00,-85.7,117.183,31.482
2024-03-29T18:30:00-05:00,2024-03-29 23:30:00+00:00,-282.965,17.653,-265.312
2024-03-29T18:35:00-05:00,2024-03-29 23:35:00+00:00,-270.175,25.938,-244.237
2024-03-29T18:40:00-05:00,2024-03-29 23:40:00+00:00,-115.179,95.496,-19.683
2024-03-29T18:45:00-05:00,2024-03-29 23:45:00+00:00,-49.583,150.697,101.115
2024-03-29T18:50:00-05:00,2024-03-29 23:50:00+00:00,-25.341,204.866,179.525
2024-03-29T18:55:00-05:00,2024-03-29 23:55:00+00:00,-138.931,38.061,-100.87
2024-03-29T19:00:00-05:00,2024-03-30 00:00:00+00:00,-401.683,8.931,-392.752
2024-03-29T19:05:00-05:00,2024-03-30 00:05:00+00:00,-392.907,20.983,-371.924
2024-03-29T19:10:00-05:00,2024-03-30 00:10:00+00:00,-96.703,95.833,-0.871
2024-03-29T19:15:00-05:00,2024-03-30 00:15:00+00:00,-14.929,389.159,374.23
2024-03-29T19:20:00-05:00,2024-03-30 00:20:00+00:00,-15.232,583.923,568.691
2024-03-29T19:25:00-05:00,2024-03-30 00:25:00+00:00,-24.987,274.494,249.507
2024-03-29T19:30:00-05:00,2024-03-30 00:30:00+00:00,-60.009,119.921,59.912
2024-03-29T19:35:00-05:00,2024-03-30 00:35:00+00:00,-28.745,193.4,164.656
2024-03-29T19:40:00-05:00,2024-03-30 00:40:00+00:00,-17.768,274.766,256.998
2024-03-29T19:45:00-05:00,2024-03-30 00:45:00+00:00,-47.022,107.126,60.105
2024-03-29T19:50:00-05:00,2024-03-30 00:50:00+00:00,-27.953,142.351,114.398
2024-03-29T19:55:00-05:00,2024-03-30 00:55:00+00:00,-24.239,222.47,198.231
2024-03-29T20:00:00-05:00,2024-03-30 01:00:00+00:00,-67.257,328.306,261.048
2024-03-29T20:05:00-05:00,2024-03-30 01:05:00+00:00,-92.409,316.017,223.608
2024-03-29T20:10:00-05:00,2024-03-30 01:10:00+00:00,-16.955,374.155,357.2
2024-03-29T20:15:00-05:00,2024-03-30 01:15:00+00:00,-18.931,314.068,295.136
2024-03-29T20:20:00-05:00,2024-03-30 01:20:00+00:00,-110.798,111.932,1.135
2024-03-29T20:25:00-05:00,2024-03-30 01:25:00+00:00,-258.021,66.583,-191.439
2024-03-29T20:30:00-05:00,2024-03-30 01:30:00+00:00,-221.217,44.447,-176.77
2024-03-29T20:35:00-05:00,2024-03-30 01:35:00+00:00,-72.368,50.956,-21.412
2024-03-29T20:40:00-05:00,2024-03-30 01:40:00+00:00,-77.144,29.729,-47.415
2024-03-29T20:45:00-05:00,2024-03-30 01:45:00+00:00,-115.109,15.994,-99.115
2024-03-29T20:50:00-05:00,2024-03-30 01:50:00+00:00,-19.136,70.231,51.095
2024-03-29T20:55:00-05:00,2024-03-30 01:55:00+00:00,-18.931,83.574,64.642
2024-03-29T21:00:00-05:00,2024-03-30 02:00:00+00:00,-80.211,19.281,-60.93
2024-03-29T21:05:00-05:00,2024-03-30 02:05:00+00:00,-91.242,67.152,-24.09
2024-03-29T21:10:00-05:00,2024-03-30 02:10:00+00:00,-13.951,191.53,177.579
2024-03-29T21:15:00-05:00,2024-03-30 02:15:00+00:00,-28.21,86.516,58.307
2024-03-29T21:20:00-05:00,2024-03-30 02:20:00+00:00,-104.539,10.905,-93.634
2024-03-29T21:25:00-05:00,2024-03-30 02:25:00+00:00,-95.999,16.995,-79.004
2024-03-29T21:30:00-05:00,2024-03-30 02:30:00+00:00,-48.822,112.741,63.918
2024-03-29T21:35:00-05:00,2024-03-30 02:35:00+00:00,-121.29,24.107,-97.182
2024-03-29T21:40:00-05:00,2024-03-30 02:40:00+00:00,-149.684,26.389,-123.295
2024-03-29T21:45:00-05:00,2024-03-30 02:45:00+00:00,-38.559,124.49,85.931
2024-03-29T21:50:00-05:00,2024-03-30 02:50:00+00:00,-41.779,153.857,112.078
2024-03-29T21:55:00-05:00,2024-03-30 02:55:00+00:00,-96.689,67.281,-29.407
2024-03-29T22:00:00-05:00,2024-03-30 03:00:00+00:00,-40.123,123.926,83.803
2024-03-29T22:05:00-05:00,2024-03-30 03:05:00+00:00,-37.979,111.594,73.615
2024-03-29T22:10:00-05:00,2024-03-30 03:10:00+00:00,-67.606,31.315,-36.291
2024-03-29T22:15:00-05:00,2024-03-30 03:15:00+00:00,-46.47,44.233,-2.237
2024-03-29T22:20:00-05:00,2024-03-30 03:20:00+00:00,-28.009,75.32,47.311
2024-03-29T22:25:00-05:00,2024-03-30 03:25:00+00:00,-50.209,44.828,-5.381
2024-03-29T22:30:00-05:00,2024-03-30 03:30:00+00:00,-149.38,23.099,-126.282
2024-03-29T22:35:00-05:00,2024-03-30 03:35:00+00:00,-247.208,23.575,-223.632
2024-03-29T22:40:00-05:00,2024-03-30 03:40:00+00:00,-291.748,38.615,-253.134
2024-03-29T22:45:00-05:00,2024-03-30 03:45:00+00:00,-76.897,167.254,90.357
2024-03-29T22:50:00-05:00,2024-03-30 03:50:00+00:00,-102.5,127.504,25.004
2024-03-29T22:55:00-05:00,2024-03-30 03:55:00+00:00,-102.441,96.51,-5.931
2024-03-29T23:00:00-05:00,2024-03-30 04:00:00+00:00,-83.728,177.441,93.713
2024-03-29T23:05:00-05:00,2024-03-30 04:05:00+00:00,-57.05,210.146,153.096
2024-03-29T23:10:00-05:00,2024-03-30 04:10:00+00:00,-23.091,159.943,136.852
2024-03-29T23:15:00-05:00,2024-03-30 04:15:00+00:00,-25.569,174.753,149.184
2024-03-29T23:20:00-05:00,2024-03-30 04:20:00+00:00,-32.718,103.197,70.479
2024-03-29T23:25:00-05:00,2024-03-30 04:25:00+00:00,-46.822,68.481,21.659
2024-03-29T23:30:00-05:00,2024-03-30 04:30:00+00:00,-72.039,57.6,-14.439
2024-03-29T23:35:00-05:00,2024-03-30 04:35:00+00:00,-169.961,49.611,-120.35
2024-03-29T23:40:00-05:00,2024-03-30 04:40:00+00:00,-143.364,61.032,-82.332
2024-03-29T23:45:00-05:00,2024-03-30 04:45:00+00:00,-92.563,87.79,-4.773
2024-03-29T23:50:00-05:00,2024-03-30 04:50:00+00:00,-99.068,112.38,13.312
2024-03-29T23:55:00-05:00,2024-03-30 04:55:00+00:00,-117.931,83.702,-34.229
2024-03-30T00:00:00-05:00,2024-03-30 05:00:00+00:00,-111.16,96.787,-14.374
2024-03-30T00:05:00-05:00,2024-03-30 05:05:00+00:00,-73.288,170.78,97.493
2024-03-30T00:10:00-05:00,2024-03-30 05:10:00+00:00,-11.202,277.688,266.486
2024-03-30T00:15:00-05:00,2024-03-30 05:15:00+00:00,-25.536,185.117,159.581
2024-03-30T00:20:00-05:00,2024-03-30 05:20:00+00:00,-23.291,143.623,120.332
2024-03-30T00:25:00-05:00,2024-03-30 05:25:00+00:00,-40.796,141.745,100.949
2024-03-30T00:30:00-05:00,2024-03-30 05:30:00+00:00,-90.206,64.098,-26.109
2024-03-30T00:35:00-05:00,2024-03-30 05:35:00+00:00,-78.849,117.072,38.223
2024-03-30T00:40:00-05:00,2024-03-30 05:40:00+00:00,-46.41,173.263,126.853
2024-03-30T00:45:00-05:00,2024-03-30 05:45:00+00:00,-165.612,57.842,-107.77
2024-03-30T00:50:00-05:00,2024-03-30 05:50:00+00:00,-209.091,55.235,-153.856
2024-03-30T00:55:00-05:00,2024-03-30 05:55:00+00:00,-55.735,135.235,79.5
2024-03-30T01:00:00-05:00,2024-03-30 06:00:00+00:00,-60.118,144.806,84.688
2024-03-30T01:05:00-05:00,2024-03-30 06:05:00+00:00,-169.74,38.493,-131.247
2024-03-30T01:10:00-05:00,2024-03-30 06:10:00+00:00,-191.13,109.117,-82.012
2024-03-30T01:15:00-05:00,2024-03-30 06:15:00+00:00,-147.687,141.554,-6.133
2024-03-30T01:20:00-05:00,2024-03-30 06:20:00+00:00,-210.197,24.978,-185.218
2024-03-30T01:25:00-05:00,2024-03-30 06:25:00+00:00,-306.717,8.976,-297.741
2024-03-30T01:30:00-05:00,2024-03-30 06:30:00+00:00,-117.636,50.806,-66.83
2024-03-30T01:35:00-05:00,2024-03-30 06:35:00+00:00,-65.622,56.547,-9.075
2024-03-30T01:40:00-05:00,2024-03-30 06:40:00+00:00,-110.158,33.79,-76.368
2024-03-30T01:45:00-05:00,2024-03-30 06:45:00+00:00,-154.931,19.314,-135.616
2024-03-30T01:50:00-05:00,2024-03-30 06:50:00+00:00,-66.112,48.696,-17.416
2024-03-30T01:55:00-05:00,2024-03-30 06:55:00+00:00,-37.788,160.466,122.678
2024-03-30T02:00:00-05:00,2024-03-30 07:00:00+00:00,-73.846,66.619,-7.227
2024-03-30T02:05:00-05:00,2024-03-30 07:05:00+00:00,-216.805,9.306,-207.499
2024-03-30T02:10:00-05:00,2024-03-30 07:10:00+00:00,-332.012,8.457,-323.555
2024-03-30T02:15:00-05:00,2024-03-30 07:15:00+00:00,-384.022,20.645,-363.377
2024-03-30T02:20:00-05:00,2024-03-30 07:20:00+00:00,-308.746,120.151,-188.595
2024-03-30T02:25:00-05:00,2024-03-30 07:25:00+00:00,-271.435,174.116,-97.319
2024-03-30T02:30:00-05:00,2024-03-30 07:30:00+00:00,-127.506,120.717,-6.79
2024-03-30T02:35:00-05:00,2024-03-30 07:35:00+00:00,-111.583,14.061,-97.522
2024-03-30T02:40:00-05:00,2024-03-30 07:40:00+00:00,-275.263,4.352,-270.911
2024-03-30T02:45:00-05:00,2024-03-30 07:45:00+00:00,-132.22,32.039,-100.181
2024-03-30T02:50:00-05:00,2024-03-30 07:50:00+00:00,-125.193,80.177,-45.016
2024-03-30T02:55:00-05:00,2024-03-30 07:55:00+00:00,-125.363,28.42,-96.942
2024-03-30T03:00:00-05:00,2024-03-30 08:00:00+00:00,-254.309,4.043,-250.266
2024-03-30T03:05:00-05:00,2024-03-30 08:05:00+00:00,-430.185,6.731,-423.454
2024-03-30T03:10:00-05:00,2024-03-30 08:10:00+00:00,-343.981,64.75,-279.231
2024-03-30T03:15:00-05:00,2024-03-30 08:15:00+00:00,-231.812,159.557,-72.255
2024-03-30T03:20:00-05:00,2024-03-30 08:20:00+00:00,-252.715,66.339,-186.376
2024-03-30T03:25:00-05:00,2024-03-30 08:25:00+00:00,-262.137,14.566,-247.571
2024-03-30T03:30:00-05:00,2024-03-30 08:30:00+00:00,-186.409,21.469,-164.94
2024-03-30T03:35:00-05:00,2024-03-30 08:35:00+00:00,-287.058,1.972,-285.086
2024-03-30T03:40:00-05:00,2024-03-30 08:40:00+00:00,-274.156,13.308,-260.848
2024-03-30T03:45:00-05:00,2024-03-30 08:45:00+00:00,-187.375,91.7,-95.675
2024-03-30T03:50:00-05:00,2024-03-30 08:50:00+00:00,-147.621,156.487,8.866
2024-03-30T03:55:00-05:00,2024-03-30 08:55:00+00:00,-147.692,132.221,-15.471
2024-03-30T04:00:00-05:00,2024-03-30 09:00:00+00:00,-238.856,24.274,-214.582
2024-03-30T04:05:00-05:00,2024-03-30 09:05:00+00:00,-250.502,1.783,-248.718
2024-03-30T04:10:00-05:00,2024-03-30 09:10:00+00:00,-109.764,69.703,-40.062
2024-03-30T04:15:00-05:00,2024-03-30 09:15:00+00:00,-65.144,157.083,91.939
2024-03-30T04:20:00-05:00,2024-03-30 09:20:00+00:00,-105.703,71.966,-33.737
2024-03-30T04:25:00-05:00,2024-03-30 09:25:00+00:00,-143.385,78.846,-64.54
2024-03-30T04:30:00-05:00,2024-03-30 09:30:00+00:00,-111.446,89.949,-21.497
2024-03-30T04:35:00-05:00,2024-03-30 09:35:00+00:00,-75.782,175.026,99.244
2024-03-30T04:40:00-05:00,2024-03-30 09:40:00+00:00,-131.285,51.891,-79.394
2024-03-30T04:45:00-05:00,2024-03-30 09:45:00+00:00,-188.239,23.202,-165.038
2024-03-30T04:50:00-05:00,2024-03-30 09:50:00+00:00,-159.928,62.123,-97.805
2024-03-30T04:55:00-05:00,2024-03-30 09:55:00+00:00,-95.14,215.462,120.322
2024-03-30T05:00:00-05:00,2024-03-30 10:00:00+00:00,-63.345,172.236,108.891
2024-03-30T05:05:00-05:00,2024-03-30 10:05:00+00:00,-60.572,230.656,170.084
2024-03-30T05:10:00-05:00,2024-03-30 10:10:00+00:00,-54.952,231.368,176.416
2024-03-30T05:15:00-05:00,2024-03-30 10:15:00+00:00,-83.638,67.529,-16.109
2024-03-30T05:20:00-05:00,2024-03-30 10:20:00+00:00,-135.189,6.468,-128.72
2024-03-30T05:25:00-05:00,2024-03-30 10:25:00+00:00,-108.537,4.891,-103.646
2024-03-30T05:30:00-05:00,2024-03-30 10:30:00+00:00,-132.75,3.155,-129.594
2024-03-30T05:35:00-05:00,2024-03-30 10:35:00+00:00,-134.786,25.446,-109.34
2024-03-30T05:40:00-05:00,2024-03-30 10:40:00+00:00,-71.497,19.261,-52.236
2024-03-30T05:45:00-05:00,2024-03-30 10:45:00+00:00,-112.386,5.6,-106.786
2024-03-30T05:50:00-05:00,2024-03-30 10:50:00+00:00,-48.814,57.826,9.012
2024-03-30T05:55:00-05:00,2024-03-30 10:55:00+00:00,-40.359,161.843,121.484
2024-03-30T06:00:00-05:00,2024-03-30 11:00:00+00:00,-35.986,217.903,181.917
2024-03-30T06:05:00-05:00,2024-03-30 11:05:00+00:00,-117.582,37.41,-80.172
2024-03-30T06:10:00-05:00,2024-03-30 11:10:00+00:00,-237.936,32.696,-205.24
2024-03-30T06:15:00-05:00,2024-03-30 11:15:00+00:00,-223.954,15.84,-208.113
2024-03-30T06:20:00-05:00,2024-03-30 11:20:00+00:00,-221.508,14.219,-207.29
2024-03-30T06:25:00-05:00,2024-03-30 11:25:00+00:00,-56.792,82.789,25.997
2024-03-30T06:30:00-05:00,2024-03-30 11:30:00+00:00,-24.549,82.766,58.217
2024-03-30T06:35:00-05:00,2024-03-30 11:35:00+00:00,-192.614,7.956,-184.658
2024-03-30T06:40:00-05:00,2024-03-30 11:40:00+00:00,-252.001,6.374,-245.627
2024-03-30T06:45:00-05:00,2024-03-30 11:45:00+00:00,-141.666,26.196,-115.47
2024-03-30T06:50:00-05:00,2024-03-30 11:50:00+00:00,-19.202,173.03,153.828
2024-03-30T06:55:00-05:00,2024-03-30 11:55:00+00:00,-24.691,229.732,205.041
2024-03-30T07:00:00-05:00,2024-03-30 12:00:00+00:00,-31.519,165.894,134.375
2024-03-30T07:05:00-05:00,2024-03-30 12:05:00+00:00,-51.456,113.53,62.075
2024-03-30T07:10:00-05:00,2024-03-30 12:10:00+00:00,-14.161,445.5,431.339
2024-03-30T07:15:00-05:00,2024-03-30 12:15:00+00:00,-17.543,436.902,419.359
2024-03-30T07:20:00-05:00,2024-03-30 12:20:00+00:00,-20.409,344.968,324.56
2024-03-30T07:25:00-05:00,2024-03-30 12:25:00+00:00,-16.937,303.543,286.606
2024-03-30T07:30:00-05:00,2024-03-30 12:30:00+00:00,-18.481,263.232,244.751
2024-03-30T07:35:00-05:00,2024-03-30 12:35:00+00:00,-12.566,225.892,213.327
2024-03-30T07:40:00-05:00,2024-03-30 12:40:00+00:00,-8.708,397.848,389.14
2024-03-30T07:45:00-05:00,2024-03-30 12:45:00+00:00,-7.401,476.12,468.719
2024-03-30T07:50:00-05:00,2024-03-30 12:50:00+00:00,-23.091,305.12,282.029
2024-03-30T07:55:00-05:00,2024-03-30 12:55:00+00:00,-97.476,124.67,27.194
2024-03-30T08:00:00-05:00,2024-03-30 13:00:00+00:00,-215.885,21.008,-194.877
2024-03-30T08:05:00-05:00,2024-03-30 13:05:00+00:00,-136.097,19.093,-117.004
2024-03-30T08:10:00-05:00,2024-03-30 13:10:00+00:00,-42.622,51.841,9.218
2024-03-30T08:15:00-05:00,2024-03-30 13:15:00+00:00,-57.271,52.571,-4.7
2024-03-30T08:20:00-05:00,2024-03-30 13:20:00+00:00,-96.329,39.513,-56.816
2024-03-30T08:25:00-05:00,2024-03-30 13:25:00+00:00,-194.393,26.098,-168.295
2024-03-30T08:30:00-05:00,2024-03-30 13:30:00+00:00,-151.414,51.515,-99.899
2024-03-30T08:35:00-05:00,2024-03-30 13:35:00+00:00,-51.908,116.306,64.398
2024-03-30T08:40:00-05:00,2024-03-30 13:40:00+00:00,-62.459,62.312,-0.147
2024-03-30T08:45:00-05:00,2024-03-30 13:45:00+00:00,-209.809,21.682,-188.127
2024-03-30T08:50:00-05:00,2024-03-30 13:50:00+00:00,-95.225,107.478,12.253
2024-03-30T08:55:00-05:00,2024-03-30 13:55:00+00:00,-60.417,281.065,220.648
2024-03-30T09:00:00-05:00,2024-03-30 14:00:00+00:00,-82.049,90.986,8.937
2024-03-30T09:05:00-05:00,2024-03-30 14:05:00+00:00,-96.691,107.123,10.432
2024-03-30T09:10:00-05:00,2024-03-30 14:10:00+00:00,-60.182,234.332,174.15
2024-03-30T09:15:00-05:00,2024-03-30 14:15:00+00:00,-215.966,27.096,-188.87
2024-03-30T09:20:00-05:00,2024-03-30 14:20:00+00:00,-508.857,11.298,-497.558
2024-03-30T09:25:00-05:00,2024-03-30 14:25:00+00:00,-642.411,13.016,-629.395
2024-03-30T09:30:00-05:00,2024-03-30 14:30:00+00:00,-353.323,96.508,-256.815
2024-03-30T09:35:00-05:00,2024-03-30 14:35:00+00:00,-96.508,390.948,294.44
2024-03-30T09:40:00-05:00,2024-03-30 14:40:00+00:00,-151.84,215.204,63.364
2024-03-30T09:45:00-05:00,2024-03-30 14:45:00+00:00,-346.159,26.541,-319.618
2024-03-30T09:50:00-05:00,2024-03-30 14:50:00+00:00,-457.646,23.318,-434.328
2024-03-30T09:55:00-05:00,2024-03-30 14:55:00+00:00,-587.597,30.796,-556.801
2024-03-30T10:00:00-05:00,2024-03-30 15:00:00+00:00,-433.817,318.729,-115.088
2024-03-30T10:05:00-05:00,2024-03-30 15:05:00+00:00,-263.22,534.57,271.349
2024-03-30T10:10:00-05:00,2024-03-30 15:10:00+00:00,-101.093,202.855,101.762
2024-03-30T10:15:00-05:00,2024-03-30 15:15:00+00:00,-305.749,26.723,-279.026
2024-03-30T10:20:00-05:00,2024-03-30 15:20:00+00:00,-396.524,20.227,-376.297
2024-03-30T10:25:00-05:00,2024-03-30 15:25:00+00:00,-166.752,139.088,-27.664
2024-03-30T10:30:00-05:00,2024-03-30 15:30:00+00:00,-139.493,175.917,36.424
2024-03-30T10:35:00-05:00,2024-03-30 15:35:00+00:00,-99.363,229.767,130.404
2024-03-30T10:40:00-05:00,2024-03-30 15:40:00+00:00,-110.182,49.179,-61.003
2024-03-30T10:45:00-05:00,2024-03-30 15:45:00+00:00,-66.517,255.179,188.663
2024-03-30T10:50:00-05:00,2024-03-30 15:50:00+00:00,-73.392,201.081,127.689
2024-03-30T10:55:00-05:00,2024-03-30 15:55:00+00:00,-43.569,431.84,388.271
2024-03-30T11:00:00-05:00,2024-03-30 16:00:00+00:00,-42.151,516.946,474.795
2024-03-30T11:05:00-05:00,2024-03-30 16:05:00+00:00,-123.061,139.003,15.941
2024-03-30T11:10:00-05:00,2024-03-30 16:10:00+00:00,-199.701,57.297,-142.403
2024-03-30T11:15:00-05:00,2024-03-30 16:15:00+00:00,-50.729,213.665,162.936
2024-03-30T11:20:00-05:00,2024-03-30 16:20:00+00:00,-100.849,86.734,-14.114
2024-03-30T11:25:00-05:00,2024-03-30 16:25:00+00:00,-165.175,24.242,-140.933
2024-03-30T11:30:00-05:00,2024-03-30 16:30:00+00:00,-164.236,15.394,-148.842
2024-03-30T11:35:00-05:00,2024-03-30 16:35:00+00:00,-84.486,102.355,17.869
2024-03-30T11:40:00-05:00,2024-03-30 16:40:00+00:00,-70.008,182.554,112.546
2024-03-30T11:45:00-05:00,2024-03-30 16:45:00+00:00,-116.648,120.031,3.384
2024-03-30T11:50:00-05:00,2024-03-30 16:50:00+00:00,-180.016,66.813,-113.203
2024-03-30T11:55:00-05:00,2024-03-30 16:55:00+00:00,-152.288,45.056,-107.232
2024-03-30T12:00:00-05:00,2024-03-30 17:00:00+00:00,-299.018,9.617,-289.4
2024-03-30T12:05:00-05:00,2024-03-30 17:05:00+00:00,-157.273,66.767,-90.507
2024-03-30T12:10:00-05:00,2024-03-30 17:10:00+00:00,-60.358,248.132,187.773
2024-03-30T12:15:00-05:00,2024-03-30 17:15:00+00:00,-41.772,251.798,210.027
2024-03-30T12:20:00-05:00,2024-03-30 17:20:00+00:00,-44.048,418.822,374.774
2024-03-30T12:25:00-05:00,2024-03-30 17:25:00+00:00,-73.517,313.146,239.629
2024-03-30T12:30:00-05:00,2024-03-30 17:30:00+00:00,-156.207,190.491,34.285
2024-03-30T12:35:00-05:00,2024-03-30 17:35:00+00:00,-319.059,80.751,-238.308
2024-03-30T12:40:00-05:00,2024-03-30 17:40:00+00:00,-268.512,13.147,-255.366
2024-03-30T12:45:00-05:00,2024-03-30 17:45:00+00:00,-75.416,163.311,87.894
2024-03-30T12:50:00-05:00,2024-03-30 17:50:00+00:00,-81.575,164.145,82.57
2024-03-30T12:55:00-05:00,2024-03-30 17:55:00+00:00,-156.675,78.995,-77.68
2024-03-30T13:00:00-05:00,2024-03-30 18:00:00+00:00,-141.064,117.995,-23.07
2024-03-30T13:05:00-05:00,2024-03-30 18:05:00+00:00,-69.69,285.638,215.948
2024-03-30T13:10:00-05:00,2024-03-30 18:10:00+00:00,-93.215,475.064,381.849
2024-03-30T13:15:00-05:00,2024-03-30 18:15:00+00:00,-170.506,475.529,305.024
2024-03-30T13:20:00-05:00,2024-03-30 18:20:00+00:00,-455.727,407.779,-47.948
2024-03-30T13:25:00-05:00,2024-03-30 18:25:00+00:00,-532.798,216.17,-316.628
2024-03-30T13:30:00-05:00,2024-03-30 18:30:00+00:00,-340.517,174.851,-165.667
2024-03-30T13:35:00-05:00,2024-03-30 18:35:00+00:00,-377.941,30.044,-347.897
2024-03-30T13:40:00-05:00,2024-03-30 18:40:00+00:00,-477.515,14.104,-463.412
2024-03-30T13:45:00-05:00,2024-03-30 18:45:00+00:00,-354.649,103.081,-251.568
2024-03-30T13:50:00-05:00,2024-03-30 18:50:00+00:00,-76.843,393.696,316.854
2024-03-30T13:55:00-05:00,2024-03-30 18:55:00+00:00,-100.446,283.171,182.726
2024-03-30T14:00:00-05:00,2024-03-30 19:00:00+00:00,-160.589,115.116,-45.473
2024-03-30T14:05:00-05:00,2024-03-30 19:05:00+00:00,-225.47,46.324,-179.147
2024-03-30T14:10:00-05:00,2024-03-30 19:10:00+00:00,-314.804,14.903,-299.901
2024-03-30T14:15:00-05:00,2024-03-30 19:15:00+00:00,-251.793,105.994,-145.799
2024-03-30T14:20:00-05:00,2024-03-30 19:20:00+00:00,-89.244,194.859,105.615
2024-03-30T14:25:00-05:00,2024-03-30 19:25:00+00:00,-44.142,183.574,139.432
2024-03-30T14:30:00-05:00,2024-03-30 19:30:00+00:00,-139.969,143.421,3.452
2024-03-30T14:35:00-05:00,2024-03-30 19:35:00+00:00,-120.554,125.704,5.15
2024-03-30T14:40:00-05:00,2024-03-30 19:40:00+00:00,-63.984,263.929,199.945
2024-03-30T14:45:00-05:00,2024-03-30 19:45:00+00:00,-98.945,127.285,28.34
2024-03-30T14:50:00-05:00,2024-03-30 19:50:00+00:00,-120.094,113.004,-7.09
2024-03-30T14:55:00-05:00,2024-03-30 19:55:00+00:00,-89.959,97.019,7.059
2024-03-30T15:00:00-05:00,2024-03-30 20:00:00+00:00,-194.622,113.992,-80.63
2024-03-30T15:05:00-05:00,2024-03-30 20:05:00+00:00,-372.681,66.837,-305.844
2024-03-30T15:10:00-05:00,2024-03-30 20:10:00+00:00,-288.347,89.143,-199.204
2024-03-30T15:15:00-05:00,2024-03-30 20:15:00+00:00,-142.859,257.069,114.21
2024-03-30T15:20:00-05:00,2024-03-30 20:20:00+00:00,-151.753,223.329,71.577
2024-03-30T15:25:00-05:00,2024-03-30 20:25:00+00:00,-148.662,37.334,-111.328
2024-03-30T15:30:00-05:00,2024-03-30 20:30:00+00:00,-97.314,79.741,-17.573
2024-03-30T15:35:00-05:00,2024-03-30 20:35:00+00:00,-68.975,226.741,157.766
2024-03-30T15:40:00-05:00,2024-03-30 20:40:00+00:00,-97.43,379.444,282.014
2024-03-30T15:45:00-05:00,2024-03-30 20:45:00+00:00,-128.867,313.587,184.72
2024-03-30T15:50:00-05:00,2024-03-30 20:50:00+00:00,-118.258,292.674,174.417
2024-03-30T15:55:00-05:00,2024-03-30 20:55:00+00:00,-216.3,143.129,-73.171
2024-03-30T16:00:00-05:00,2024-03-30 21:00:00+00:00,-330.537,146.79,-183.747
2024-03-30T16:05:00-05:00,2024-03-30 21:05:00+00:00,-142.588,303.438,160.849
2024-03-30T16:10:00-05:00,2024-03-30 21:10:00+00:00,-68.417,315.898,247.481
2024-03-30T16:15:00-05:00,2024-03-30 21:15:00+00:00,-177.901,192.476,14.574
2024-03-30T16:20:00-05:00,2024-03-30 21:20:00+00:00,-392.392,116.14,-276.252
2024-03-30T16:25:00-05:00,2024-03-30 21:25:00+00:00,-244.189,92.645,-151.544
2024-03-30T16:30:00-05:00,2024-03-30 21:30:00+00:00,-156.219,76.09,-80.129
2024-03-30T16:35:00-05:00,2024-03-30 21:35:00+00:00,-173.752,100.804,-72.948
2024-03-30T16:40:00-05:00,2024-03-30 21:40:00+00:00,-258.454,90.418,-168.036
2024-03-30T16:45:00-05:00,2024-03-30 21:45:00+00:00,-196.499,61.899,-134.6
2024-03-30T16:50:00-05:00,2024-03-30 21:50:00+00:00,-141.238,74.631,-66.607
2024-03-30T16:55:00-05:00,2024-03-30 21:55:00+00:00,-76.802,317.454,240.652
2024-03-30T17:00:00-05:00,2024-03-30 22:00:00+00:00,-67.882,335.946,268.064
2024-03-30T17:05:00-05:00,2024-03-30 22:05:00+00:00,-117.146,316.329,199.183
2024-03-30T17:10:00-05:00,2024-03-30 22:10:00+00:00,-276.689,225.417,-51.272
2024-03-30T17:15:00-05:00,2024-03-30 22:15:00+00:00,-120.752,327.422,206.67
2024-03-30T17:20:00-05:00,2024-03-30 22:20:00+00:00,-25.782,566.439,540.657
2024-03-30T17:25:00-05:00,2024-03-30 22:25:00+00:00,-70.591,563.82,493.229
2024-03-30T17:30:00-05:00,2024-03-30 22:30:00+00:00,-126.417,481.103,354.686
2024-03-30T17:35:00-05:00,2024-03-30 22:35:00+00:00,-146.223,371.824,225.601
2024-03-30T17:40:00-05:00,2024-03-30 22:40:00+00:00,-251.262,327.482,76.22
2024-03-30T17:45:00-05:00,2024-03-30 22:45:00+00:00,-126.404,508.031,381.627
2024-03-30T17:50:00-05:00,2024-03-30 22:50:00+00:00,-122.529,630.891,508.362
2024-03-30T17:55:00-05:00,2024-03-30 22:55:00+00:00,-296.433,565.376,268.943
2024-03-30T18:00:00-05:00,2024-03-30 23:00:00+00:00,-343.005,375.466,32.46
2024-03-30T18:05:00-05:00,2024-03-30 23:05:00+00:00,-171.723,221.61,49.887
2024-03-30T18:10:00-05:00,2024-03-30 23:10:00+00:00,-99.518,140.359,40.841
2024-03-30T18:15:00-05:00,2024-03-30 23:15:00+00:00,-69.679,290.016,220.337
2024-03-30T18:20:00-05:00,2024-03-30 23:20:00+00:00,-169.777,430.625,260.848
2024-03-30T18:25:00-05:00,2024-03-30 23:25:00+00:00,-352.315,490.632,138.318
2024-03-30T18:30:00-05:00,2024-03-30 23:30:00+00:00,-422.36,406.566,-15.793
2024-03-30T18:35:00-05:00,2024-03-30 23:35:00+00:00,-364.826,271.026,-93.8
2024-03-30T18:40:00-05:00,2024-03-30 23:40:00+00:00,-187.512,213.217,25.705
2024-03-30T18:45:00-05:00,2024-03-30 23:45:00+00:00,-199.964,273.927,73.963
2024-03-30T18:50:00-05:00,2024-03-30 23:50:00+00:00,-259.293,218.746,-40.546
2024-03-30T18:55:00-05:00,2024-03-30 23:55:00+00:00,-233.335,272.838,39.502
2024-03-30T19:00:00-05:00,2024-03-31 00:00:00+00:00,-311.121,324.09,12.969
2024-03-30T19:05:00-05:00,2024-03-31 00:05:00+00:00,-283.33,343.868,60.538
2024-03-30T19:10:00-05:00,2024-03-31 00:10:00+00:00,-175.935,342.231,166.296
2024-03-30T19:15:00-05:00,2024-03-31 00:15:00+00:00,-101.194,536.335,435.141
2024-03-30T19:20:00-05:00,2024-03-31 00:20:00+00:00,-138.263,441.901,303.638
2024-03-30T19:25:00-05:00,2024-03-31 00:25:00+00:00,-136.046,496.529,360.483
2024-03-30T19:30:00-05:00,2024-03-31 00:30:00+00:00,-174.058,458.755,284.696
2024-03-30T19:35:00-05:00,2024-03-31 00:35:00+00:00,-141.367,501.469,360.102
2024-03-30T19:40:00-05:00,2024-03-31 00:40:00+00:00,-147.4,548.327,400.927
2024-03-30T19:45:00-05:00,2024-03-31 00:45:00+00:00,-142.286,560.546,418.26
2024-03-30T19:50:00-05:00,2024-03-31 00:50:00+00:00,-133.885,601.357,467.472
2024-03-30T19:55:00-05:00,2024-03-31 00:55:00+00:00,-145.893,573.737,427.845
2024-03-30T20:00:00-05:00,2024-03-31 01:00:00+00:00,-151.383,541.751,390.368
2024-03-30T20:05:00-05:00,2024-03-31 01:05:00+00:00,-153.843,535.247,381.404
2024-03-30T20:10:00-05:00,2024-03-31 01:10:00+00:00,-70.076,376.736,306.66
2024-03-30T20:15:00-05:00,2024-03-31 01:15:00+00:00,-69.474,230.928,161.453
2024-03-30T20:20:00-05:00,2024-03-31 01:20:00+00:00,-70.0,141.83,71.829
2024-03-30T20:25:00-05:00,2024-03-31 01:25:00+00:00,-58.245,174.273,116.028
2024-03-30T20:30:00-05:00,2024-03-31 01:30:00+00:00,-43.924,263.195,219.271
2024-03-30T20:35:00-05:00,2024-03-31 01:35:00+00:00,-44.956,165.426,120.469
2024-03-30T20:40:00-05:00,2024-03-31 01:40:00+00:00,-40.472,173.194,132.723
2024-03-30T20:45:00-05:00,2024-03-31 01:45:00+00:00,-84.75,187.924,103.175
2024-03-30T20:50:00-05:00,2024-03-31 01:50:00+00:00,-103.122,279.632,176.51
2024-03-30T20:55:00-05:00,2024-03-31 01:55:00+00:00,-105.289,173.845,68.555
2024-03-30T21:00:00-05:00,2024-03-31 02:00:00+00:00,-89.079,59.691,-29.388
2024-03-30T21:05:00-05:00,2024-03-31 02:05:00+00:00,-135.169,86.533,-48.635
2024-03-30T21:10:00-05:00,2024-03-31 02:10:00+00:00,-152.054,205.014,52.961
2024-03-30T21:15:00-05:00,2024-03-31 02:15:00+00:00,-134.913,209.992,75.079
2024-03-30T21:20:00-05:00,2024-03-31 02:20:00+00:00,-112.873,123.292,10.419
2024-03-30T21:25:00-05:00,2024-03-31 02:25:00+00:00,-109.56,78.947,-30.613
2024-03-30T21:30:00-05:00,2024-03-31 02:30:00+00:00,-106.97,81.809,-25.161
2024-03-30T21:35:00-05:00,2024-03-31 02:35:00+00:00,-91.651,134.847,43.196
2024-03-30T21:40:00-05:00,2024-03-31 02:40:00+00:00,-87.851,129.925,42.075
2024-03-30T21:45:00-05:00,2024-03-31 02:45:00+00:00,-120.471,98.299,-22.172
2024-03-30T21:50:00-05:00,2024-03-31 02:50:00+00:00,-154.927,87.795,-67.132
2024-03-30T21:55:00-05:00,2024-03-31 02:55:00+00:00,-126.8,101.393,-25.406
2024-03-30T22:00:00-05:00,2024-03-31 03:00:00+00:00,-122.915,90.978,-31.936
2024-03-30T22:05:00-05:00,2024-03-31 03:05:00+00:00,-302.836,25.674,-277.162
2024-03-30T22:10:00-05:00,2024-03-31 03:10:00+00:00,-333.642,126.762,-206.88
2024-03-30T22:15:00-05:00,2024-03-31 03:15:00+00:00,-182.201,469.987,287.786
2024-03-30T22:20:00-05:00,2024-03-31 03:20:00+00:00,-190.526,421.212,230.687
2024-03-30T22:25:00-05:00,2024-03-31 03:25:00+00:00,-282.756,317.357,34.601
2024-03-30T22:30:00-05:00,2024-03-31 03:30:00+00:00,-328.811,290.751,-38.06
2024-03-30T22:35:00-05:00,2024-03-31 03:35:00+00:00,-305.916,277.659,-28.256
2024-03-30T22:40:00-05:00,2024-03-31 03:40:00+00:00,-397.126,129.411,-267.715
2024-03-30T22:45:00-05:00,2024-03-31 03:45:00+00:00,-381.359,87.885,-293.474
2024-03-30T22:50:00-05:00,2024-03-31 03:50:00+00:00,-299.883,148.51,-151.372
2024-03-30T22:55:00-05:00,2024-03-31 03:55:00+00:00,-422.661,56.817,-365.844
2024-03-30T23:00:00-05:00,2024-03-31 04:00:00+00:00,-605.241,53.394,-551.847
2024-03-30T23:05:00-05:00,2024-03-31 04:05:00+00:00,-518.385,65.641,-452.745
2024-03-30T23:10:00-05:00,2024-03-31 04:10:00+00:00,-266.26,92.385,-173.875
2024-03-30T23:15:00-05:00,2024-03-31 04:15:00+00:00,-257.138,143.95,-113.188
2024-03-30T23:20:00-05:00,2024-03-31 04:20:00+00:00,-229.318,132.86,-96.459
2024-03-30T23:25:00-05:00,2024-03-31 04:25:00+00:00,-184.77,219.93,35.16
2024-03-30T23:30:00-05:00,2024-03-31 04:30:00+00:00,-165.842,154.913,-10.929
2024-03-30T23:35:00-05:00,2024-03-31 04:35:00+00:00,-129.505,32.122,-97.382
2024-03-30T23:40:00-05:00,2024-03-31 04:40:00+00:00,-131.783,24.333,-107.451
2024-03-30T23:45:00-05:00,2024-03-31 04:45:00+00:00,-327.932,2.391,-325.542
2024-03-30T23:50:00-05:00,2024-03-31 04:50:00+00:00,-401.181,1.498,-399.683
2024-03-30T23:55:00-05:00,2024-03-31 04:55:00+00:00,-325.805,3.62,-322.186
2024-03-31T00:00:00-05:00,2024-03-31 05:00:00+00:00,-130.308,56.192,-74.116
2024-03-31T00:05:00-05:00,2024-03-31 05:05:00+00:00,-139.025,87.776,-51.249
2024-03-31T00:10:00-05:00,2024-03-31 05:10:00+00:00,-270.844,48.135,-222.709
2024-03-31T00:15:00-05:00,2024-03-31 05:15:00+00:00,-422.167,11.378,-410.788
2024-03-31T00:20:00-05:00,2024-03-31 05:20:00+00:00,-431.559,4.308,-427.251
2024-03-31T00:25:00-05:00,2024-03-31 05:25:00+00:00,-302.775,21.627,-281.148
2024-03-31T00:30:00-05:00,2024-03-31 05:30:00+00:00,-253.077,68.653,-184.425
2024-03-31T00:35:00-05:00,2024-03-31 05:35:00+00:00,-238.704,105.022,-133.682
2024-03-31T00:40:00-05:00,2024-03-31 05:40:00+00:00,-266.353,83.49,-182.863
2024-03-31T00:45:00-05:00,2024-03-31 05:45:00+00:00,-271.021,45.568,-225.453
2024-03-31T00:50:00-05:00,2024-03-31 05:50:00+00:00,-223.682,59.924,-163.758
2024-03-31T00:55:00-05:00,2024-03-31 05:55:00+00:00,-184.281,73.259,-111.021
2024-03-31T01:00:00-05:00,2024-03-31 06:00:00+00:00,-269.812,38.03,-231.782
2024-03-31T01:05:00-05:00,2024-03-31 06:05:00+00:00,-426.04,13.678,-412.362
2024-03-31T01:10:00-05:00,2024-03-31 06:10:00+00:00,-417.942,37.217,-380.725
2024-03-31T01:15:00-05:00,2024-03-31 06:15:00+00:00,-332.691,79.833,-252.858
2024-03-31T01:20:00-05:00,2024-03-31 06:20:00+00:00,-278.358,89.797,-188.561
2024-03-31T01:25:00-05:00,2024-03-31 06:25:00+00:00,-233.898,82.316,-151.581
2024-03-31T01:30:00-05:00,2024-03-31 06:30:00+00:00,-255.283,48.432,-206.851
2024-03-31T01:35:00-05:00,2024-03-31 06:35:00+00:00,-262.275,19.548,-242.728
2024-03-31T01:40:00-05:00,2024-03-31 06:40:00+00:00,-368.548,5.155,-363.393
2024-03-31T01:45:00-05:00,2024-03-31 06:45:00+00:00,-467.951,2.632,-465.319
2024-03-31T01:50:00-05:00,2024-03-31 06:50:00+00:00,-383.207,34.699,-348.508
2024-03-31T01:55:00-05:00,2024-03-31 06:55:00+00:00,-390.822,132.842,-257.981
2024-03-31T02:00:00-05:00,2024-03-31 07:00:00+00:00,-473.613,139.467,-334.147
2024-03-31T02:05:00-05:00,2024-03-31 07:05:00+00:00,-563.671,58.248,-505.424
2024-03-31T02:10:00-05:00,2024-03-31 07:10:00+00:00,-640.692,17.677,-623.015
2024-03-31T02:15:00-05:00,2024-03-31 07:15:00+00:00,-510.734,66.121,-444.613
2024-03-31T02:20:00-05:00,2024-03-31 07:20:00+00:00,-528.519,34.377,-494.142
2024-03-31T02:25:00-05:00,2024-03-31 07:25:00+00:00,-709.741,4.04,-705.701
2024-03-31T02:30:00-05:00,2024-03-31 07:30:00+00:00,-716.917,2.815,-714.102
2024-03-31T02:35:00-05:00,2024-03-31 07:35:00+00:00,-616.237,69.079,-547.158
2024-03-31T02:40:00-05:00,2024-03-31 07:40:00+00:00,-596.945,152.057,-444.888
2024-03-31T02:45:00-05:00,2024-03-31 07:45:00+00:00,-516.485,129.756,-386.729
2024-03-31T02:50:00-05:00,2024-03-31 07:50:00+00:00,-530.118,40.757,-489.361
2024-03-31T02:55:00-05:00,2024-03-31 07:55:00+00:00,-539.255,24.396,-514.859
2024-03-31T03:00:00-05:00,2024-03-31 08:00:00+00:00,-617.525,8.269,-609.256
2024-03-31T03:05:00-05:00,2024-03-31 08:05:00+00:00,-586.136,12.568,-573.567
2024-03-31T03:10:00-05:00,2024-03-31 08:10:00+00:00,-392.162,103.559,-288.602
2024-03-31T03:15:00-05:00,2024-03-31 08:15:00+00:00,-347.779,98.975,-248.804
2024-03-31T03:20:00-05:00,2024-03-31 08:20:00+00:00,-262.876,83.235,-179.641
2024-03-31T03:25:00-05:00,2024-03-31 08:25:00+00:00,-235.162,39.841,-195.321
2024-03-31T03:30:00-05:00,2024-03-31 08:30:00+00:00,-204.818,61.969,-142.85
2024-03-31T03:35:00-05:00,2024-03-31 08:35:00+00:00,-122.761,120.18,-2.581
2024-03-31T03:40:00-05:00,2024-03-31 08:40:00+00:00,-144.856,63.863,-80.993
2024-03-31T03:45:00-05:00,2024-03-31 08:45:00+00:00,-299.351,6.374,-292.976
2024-03-31T03:50:00-05:00,2024-03-31 08:50:00+00:00,-363.761,7.411,-356.35
2024-03-31T03:55:00-05:00,2024-03-31 08:55:00+00:00,-151.724,78.64,-73.084
2024-03-31T04:00:00-05:00,2024-03-31 09:00:00+00:00,-82.602,181.605,99.003
2024-03-31T04:05:00-05:00,2024-03-31 09:05:00+00:00,-66.539,122.726,56.187
2024-03-31T04:10:00-05:00,2024-03-31 09:10:00+00:00,-66.842,64.016,-2.826
2024-03-31T04:15:00-05:00,2024-03-31 09:15:00+00:00,-110.949,23.355,-87.593
2024-03-31T04:20:00-05:00,2024-03-31 09:20:00+00:00,-258.466,1.884,-256.582
2024-03-31T04:25:00-05:00,2024-03-31 09:25:00+00:00,-310.315,6.517,-303.798
2024-03-31T04:30:00-05:00,2024-03-31 09:30:00+00:00,-211.149,65.955,-145.194
2024-03-31T04:35:00-05:00,2024-03-31 09:35:00+00:00,-102.844,341.289,238.445
2024-03-31T04:40:00-05:00,2024-03-31 09:40:00+00:00,-72.631,380.584,307.953
2024-03-31T04:45:00-05:00,2024-03-31 09:45:00+00:00,-74.764,110.779,36.015
2024-03-31T04:50:00-05:00,2024-03-31 09:50:00+00:00,-194.02,4.676,-189.344
2024-03-31T04:55:00-05:00,2024-03-31 09:55:00+00:00,-138.786,7.106,-131.68
2024-03-31T05:00:00-05:00,2024-03-31 10:00:00+00:00,-199.197,2.591,-196.606
2024-03-31T05:05:00-05:00,2024-03-31 10:05:00+00:00,-131.182,54.266,-76.916
2024-03-31T05:10:00-05:00,2024-03-31 10:10:00+00:00,-68.871,85.143,16.273
2024-03-31T05:15:00-05:00,2024-03-31 10:15:00+00:00,-247.38,17.519,-229.861
2024-03-31T05:20:00-05:00,2024-03-31 10:20:00+00:00,-222.51,9.052,-213.458
2024-03-31T05:25:00-05:00,2024-03-31 10:25:00+00:00,-100.95,57.48,-43.47
2024-03-31T05:30:00-05:00,2024-03-31 10:30:00+00:00,-51.25,177.518,126.268
2024-03-31T05:35:00-05:00,2024-03-31 10:35:00+00:00,-43.118,349.058,305.94
2024-03-31T05:40:00-05:00,2024-03-31 10:40:00+00:00,-80.68,75.494,-5.186
2024-03-31T05:45:00-05:00,2024-03-31 10:45:00+00:00,-172.823,17.323,-155.501
2024-03-31T05:50:00-05:00,2024-03-31 10:50:00+00:00,-323.804,26.506,-297.298
2024-03-31T05:55:00-05:00,2024-03-31 10:55:00+00:00,-346.517,12.032,-334.485
2024-03-31T06:00:00-05:00,2024-03-31 11:00:00+00:00,-343.015,0.693,-342.321
2024-03-31T06:05:00-05:00,2024-03-31 11:05:00+00:00,-238.207,16.628,-221.579
2024-03-31T06:10:00-05:00,2024-03-31 11:10:00+00:00,-75.904,98.519,22.615
2024-03-31T06:15:00-05:00,2024-03-31 11:15:00+00:00,-52.145,144.475,92.33
2024-03-31T06:20:00-05:00,2024-03-31 11:20:00+00:00,-33.958,139.934,105.976
2024-03-31T06:25:00-05:00,2024-03-31 11:25:00+00:00,-23.718,97.761,74.042
2024-03-31T06:30:00-05:00,2024-03-31 11:30:00+00:00,-19.756,93.392,73.636
2024-03-31T06:35:00-05:00,2024-03-31 11:35:00+00:00,-33.497,146.118,112.622
2024-03-31T06:40:00-05:00,2024-03-31 11:40:00+00:00,-46.995,65.799,18.804
2024-03-31T06:45:00-05:00,2024-03-31 11:45:00+00:00,-24.455,130.247,105.792
2024-03-31T06:50:00-05:00,2024-03-31 11:50:00+00:00,-56.676,152.636,95.96
2024-03-31T06:55:00-05:00,2024-03-31 11:55:00+00:00,-62.446,140.871,78.425
2024-03-31T07:00:00-05:00,2024-03-31 12:00:00+00:00,-25.956,188.594,162.637
2024-03-31T07:05:00-05:00,2024-03-31 12:05:00+00:00,-15.992,377.523,361.531
2024-03-31T07:10:00-05:00,2024-03-31 12:10:00+00:00,-41.554,432.173,390.619
2024-03-31T07:15:00-05:00,2024-03-31 12:15:00+00:00,-51.001,348.19,297.189
2024-03-31T07:20:00-05:00,2024-03-31 12:20:00+00:00,-16.96,322.961,306.001
2024-03-31T07:25:00-05:00,2024-03-31 12:25:00+00:00,-32.018,262.455,230.437
2024-03-31T07:30:00-05:00,2024-03-31 12:30:00+00:00,-39.114,244.005,204.89
2024-03-31T07:35:00-05:00,2024-03-31 12:35:00+00:00,-69.218,217.383,148.165
2024-03-31T07:40:00-05:00,2024-03-31 12:40:00+00:00,-52.832,156.562,103.73
2024-03-31T07:45:00-05:00,2024-03-31 12:45:00+00:00,-13.433,399.045,385.612
2024-03-31T07:50:00-05:00,2024-03-31 12:50:00+00:00,-19.712,426.663,406.951
2024-03-31T07:55:00-05:00,2024-03-31 12:55:00+00:00,-38.983,266.274,227.291
2024-03-31T08:00:00-05:00,2024-03-31 13:00:00+00:00,-69.538,207.641,138.103
2024-03-31T08:05:00-05:00,2024-03-31 13:05:00+00:00,-32.24,248.681,216.441
2024-03-31T08:10:00-05:00,2024-03-31 13:10:00+00:00,-9.087,426.6,417.513
2024-03-31T08:15:00-05:00,2024-03-31 13:15:00+00:00,-19.743,363.269,343.526
2024-03-31T08:20:00-05:00,2024-03-31 13:20:00+00:00,-34.531,205.787,171.256
2024-03-31T08:25:00-05:00,2024-03-31 13:25:00+00:00,-59.622,75.368,15.746
2024-03-31T08:30:00-05:00,2024-03-31 13:30:00+00:00,-19.909,168.633,148.724
2024-03-31T08:35:00-05:00,2024-03-31 13:35:00+00:00,-17.13,193.984,176.854
2024-03-31T08:40:00-05:00,2024-03-31 13:40:00+00:00,-17.282,313.51,296.228
2024-03-31T08:45:00-05:00,2024-03-31 13:45:00+00:00,-38.997,228.381,189.384
2024-03-31T08:50:00-05:00,2024-03-31 13:50:00+00:00,-129.687,118.907,-10.78
2024-03-31T08:55:00-05:00,2024-03-31 13:55:00+00:00,-160.997,50.893,-110.104
2024-03-31T09:00:00-05:00,2024-03-31 14:00:00+00:00,-92.059,21.344,-70.716
2024-03-31T09:05:00-05:00,2024-03-31 14:05:00+00:00,-58.936,131.293,72.358
2024-03-31T09:10:00-05:00,2024-03-31 14:10:00+00:00,-64.897,321.259,256.362
2024-03-31T09:15:00-05:00,2024-03-31 14:15:00+00:00,-93.383,161.848,68.465
2024-03-31T09:20:00-05:00,2024-03-31 14:20:00+00:00,-264.481,59.975,-204.505
2024-03-31T09:25:00-05:00,2024-03-31 14:25:00+00:00,-265.909,41.928,-223.981
2024-03-31T09:30:00-05:00,2024-03-31 14:30:00+00:00,-161.081,67.893,-93.188
2024-03-31T09:35:00-05:00,2024-03-31 14:35:00+00:00,-232.032,84.32,-147.712
2024-03-31T09:40:00-05:00,2024-03-31 14:40:00+00:00,-364.379,56.006,-308.373
2024-03-31T09:45:00-05:00,2024-03-31 14:45:00+00:00,-144.892,171.718,26.826
2024-03-31T09:50:00-05:00,2024-03-31 14:50:00+00:00,-198.648,120.698,-77.95
2024-03-31T09:55:00-05:00,2024-03-31 14:55:00+00:00,-367.616,44.424,-323.192
2024-03-31T10:00:00-05:00,2024-03-31 15:00:00+00:00,-424.053,32.785,-391.268
2024-03-31T10:05:00-05:00,2024-03-31 15:05:00+00:00,-155.279,222.46,67.181
2024-03-31T10:10:00-05:00,2024-03-31 15:10:00+00:00,-132.352,163.689,31.338
2024-03-31T10:15:00-05:00,2024-03-31 15:15:00+00:00,-99.167,65.232,-33.935
2024-03-31T10:20:00-05:00,2024-03-31 15:20:00+00:00,-189.797,13.231,-176.565
2024-03-31T10:25:00-05:00,2024-03-31 15:25:00+00:00,-145.518,80.734,-64.784
2024-03-31T10:30:00-05:00,2024-03-31 15:30:00+00:00,-50.031,221.777,171.746
2024-03-31T10:35:00-05:00,2024-03-31 15:35:00+00:00,-20.419,469.562,449.143
2024-03-31T10:40:00-05:00,2024-03-31 15:40:00+00:00,-37.375,328.777,291.402
2024-03-31T10:45:00-05:00,2024-03-31 15:45:00+00:00,-90.357,243.529,153.172
2024-03-31T10:50:00-05:00,2024-03-31 15:50:00+00:00,-131.609,237.389,105.78
2024-03-31T10:55:00-05:00,2024-03-31 15:55:00+00:00,-319.174,87.902,-231.271
2024-03-31T11:00:00-05:00,2024-03-31 16:00:00+00:00,-592.406,21.493,-570.913
2024-03-31T11:05:00-05:00,2024-03-31 16:05:00+00:00,-360.362,40.846,-319.516
2024-03-31T11:10:00-05:00,2024-03-31 16:10:00+00:00,-45.554,151.11,105.556
2024-03-31T11:15:00-05:00,2024-03-31 16:15:00+00:00,-48.686,61.719,13.033
2024-03-31T11:20:00-05:00,2024-03-31 16:20:00+00:00,-27.221,124.903,97.683
2024-03-31T11:25:00-05:00,2024-03-31 16:25:00+00:00,-33.735,123.06,89.325
2024-03-31T11:30:00-05:00,2024-03-31 16:30:00+00:00,-24.824,177.821,152.997
2024-03-31T11:35:00-05:00,2024-03-31 16:35:00+00:00,-60.077,79.93,19.852
2024-03-31T11:40:00-05:00,2024-03-31 16:40:00+00:00,-54.861,105.525,50.664
2024-03-31T11:45:00-05:00,2024-03-31 16:45:00+00:00,-18.779,270.172,251.394
2024-03-31T11:50:00-05:00,2024-03-31 16:50:00+00:00,-43.502,123.585,80.083
2024-03-31T11:55:00-05:00,2024-03-31 16:55:00+00:00,-157.52,6.988,-150.532
2024-03-31T12:00:00-05:00,2024-03-31 17:00:00+00:00,-151.32,8.68,-142.64
2024-03-31T12:05:00-05:00,2024-03-31 17:05:00+00:00,-139.776,56.943,-82.833
2024-03-31T12:10:00-05:00,2024-03-31 17:10:00+00:00,-139.189,70.196,-68.993
2024-03-31T12:15:00-05:00,2024-03-31 17:15:00+00:00,-371.984,10.755,-361.229
2024-03-31T12:20:00-05:00,2024-03-31 17:20:00+00:00,-148.406,85.136,-63.269
2024-03-31T12:25:00-05:00,2024-03-31 17:25:00+00:00,-101.572,104.49,2.917
2024-03-31T12:30:00-05:00,2024-03-31 17:30:00+00:00,-106.786,104.046,-2.741
2024-03-31T12:35:00-05:00,2024-03-31 17:35:00+00:00,-151.415,19.477,-131.938
2024-03-31T12:40:00-05:00,2024-03-31 17:40:00+00:00,-120.022,19.512,-100.51
2024-03-31T12:45:00-05:00,2024-03-31 17:45:00+00:00,-27.639,327.271,299.631
2024-03-31T12:50:00-05:00,2024-03-31 17:50:00+00:00,-30.364,509.254,478.89
2024-03-31T12:55:00-05:00,2024-03-31 17:55:00+00:00,-83.957,311.519,227.562
2024-03-31T13:00:00-05:00,2024-03-31 18:00:00+00:00,-360.416,160.203,-200.212
2024-03-31T13:05:00-05:00,2024-03-31 18:05:00+00:00,-311.883,89.02,-222.864
2024-03-31T13:10:00-05:00,2024-03-31 18:10:00+00:00,-162.892,38.848,-124.044
2024-03-31T13:15:00-05:00,2024-03-31 18:15:00+00:00,-133.667,69.32,-64.347
2024-03-31T13:20:00-05:00,2024-03-31 18:20:00+00:00,-101.741,73.196,-28.545
2024-03-31T13:25:00-05:00,2024-03-31 18:25:00+00:00,-124.69,33.523,-91.167
2024-03-31T13:30:00-05:00,2024-03-31 18:30:00+00:00,-193.395,3.975,-189.42
2024-03-31T13:35:00-05:00,2024-03-31 18:35:00+00:00,-327.963,1.698,-326.265
2024-03-31T13:40:00-05:00,2024-03-31 18:40:00+00:00,-256.669,29.074,-227.595
2024-03-31T13:45:00-05:00,2024-03-31 18:45:00+00:00,-220.576,10.951,-209.624
2024-03-31T13:50:00-05:00,2024-03-31 18:50:00+00:00,-497.047,10.156,-486.891
2024-03-31T13:55:00-05:00,2024-03-31 18:55:00+00:00,-620.024,29.503,-590.521
2024-03-31T14:00:00-05:00,2024-03-31 19:00:00+00:00,-324.634,133.033,-191.601
2024-03-31T14:05:00-05:00,2024-03-31 19:05:00+00:00,-234.184,276.731,42.547
2024-03-31T14:10:00-05:00,2024-03-31 19:10:00+00:00,-352.509,160.293,-192.216
2024-03-31T14:15:00-05:00,2024-03-31 19:15:00+00:00,-459.308,80.293,-379.014
2024-03-31T14:20:00-05:00,2024-03-31 19:20:00+00:00,-484.921,83.54,-401.381
2024-03-31T14:25:00-05:00,2024-03-31 19:25:00+00:00,-236.146,315.703,79.557
2024-03-31T14:30:00-05:00,2024-03-31 19:30:00+00:00,-292.339,249.178,-43.161
2024-03-31T14:35:00-05:00,2024-03-31 19:35:00+00:00,-397.57,57.563,-340.007
2024-03-31T14:40:00-05:00,2024-03-31 19:40:00+00:00,-391.719,35.467,-356.252
2024-03-31T14:45:00-05:00,2024-03-31 19:45:00+00:00,-293.501,128.502,-164.999
2024-03-31T14:50:00-05:00,2024-03-31 19:50:00+00:00,-475.389,14.708,-460.68
2024-03-31T14:55:00-05:00,2024-03-31 19:55:00+00:00,-685.978,9.447,-676.531
2024-03-31T15:00:00-05:00,2024-03-31 20:00:00+00:00,-392.352,93.356,-298.996
2024-03-31T15:05:00-05:00,2024-03-31 20:05:00+00:00,-304.047,256.584,-47.463
2024-03-31T15:10:00-05:00,2024-03-31 20:10:00+00:00,-361.178,96.911,-264.267
2024-03-31T15:15:00-05:00,2024-03-31 20:15:00+00:00,-444.375,11.012,-433.363
2024-03-31T15:20:00-05:00,2024-03-31 20:20:00+00:00,-324.215,120.154,-204.06
2024-03-31T15:25:00-05:00,2024-03-31 20:25:00+00:00,-383.523,49.106,-334.417
2024-03-31T15:30:00-05:00,2024-03-31 20:30:00+00:00,-540.602,9.359,-531.243
2024-03-31T15:35:00-05:00,2024-03-31 20:35:00+00:00,-473.829,35.101,-438.728
2024-03-31T15:40:00-05:00,2024-03-31 20:40:00+00:00,-289.844,180.173,-109.671
2024-03-31T15:45:00-05:00,2024-03-31 20:45:00+00:00,-260.889,346.956,86.067
2024-03-31T15:50:00-05:00,2024-03-31 20:50:00+00:00,-210.551,164.327,-46.224
2024-03-31T15:55:00-05:00,2024-03-31 20:55:00+00:00,-253.795,20.452,-233.343
2024-03-31T16:00:00-05:00,2024-03-31 21:00:00+00:00,-278.668,9.088,-269.58
2024-03-31T16:05:00-05:00,2024-03-31 21:05:00+00:00,-290.889,33.937,-256.953
2024-03-31T16:10:00-05:00,2024-03-31 21:10:00+00:00,-138.662,397.69,259.028
2024-03-31T16:15:00-05:00,2024-03-31 21:15:00+00:00,-128.304,380.807,252.503
2024-03-31T16:20:00-05:00,2024-03-31 21:20:00+00:00,-168.945,157.22,-11.725
2024-03-31T16:25:00-05:00,2024-03-31 21:25:00+00:00,-213.082,42.859,-170.223
2024-03-31T16:30:00-05:00,2024-03-31 21:30:00+00:00,-146.614,97.327,-49.287
2024-03-31T16:35:00-05:00,2024-03-31 21:35:00+00:00,-86.529,239.174,152.646
2024-03-31T16:40:00-05:00,2024-03-31 21:40:00+00:00,-62.298,230.957,168.659
2024-03-31T16:45:00-05:00,2024-03-31 21:45:00+00:00,-107.606,84.142,-23.464
2024-03-31T16:50:00-05:00,2024-03-31 21:50:00+00:00,-416.052,33.984,-382.067
2024-03-31T16:55:00-05:00,2024-03-31 21:55:00+00:00,-459.474,58.732,-400.742
2024-03-31T17:00:00-05:00,2024-03-31 22:00:00+00:00,-113.262,176.559,63.297
2024-03-31T17:05:00-05:00,2024-03-31 22:05:00+00:00,-52.596,419.999,367.403
2024-03-31T17:10:00-05:00,2024-03-31 22:10:00+00:00,-39.802,295.136,255.335
2024-03-31T17:15:00-05:00,2024-03-31 22:15:00+00:00,-128.1,89.945,-38.155
2024-03-31T17:20:00-05:00,2024-03-31 22:20:00+00:00,-240.721,28.554,-212.167
2024-03-31T17:25:00-05:00,2024-03-31 22:25:00+00:00,-346.297,8.992,-337.305
2024-03-31T17:30:00-05:00,2024-03-31 22:30:00+00:00,-172.479,97.069,-75.41
2024-03-31T17:35:00-05:00,2024-03-31 22:35:00+00:00,-185.886,60.648,-125.238
2024-03-31T17:40:00-05:00,2024-03-31 22:40:00+00:00,-121.683,99.0,-22.684
2024-03-31T17:45:00-05:00,2024-03-31 22:45:00+00:00,-234.239,74.589,-159.649
2024-03-31T17:50:00-05:00,2024-03-31 22:50:00+00:00,-250.712,86.526,-164.186
2024-03-31T17:55:00-05:00,2024-03-31 22:55:00+00:00,-256.7,74.646,-182.053
2024-03-31T18:00:00-05:00,2024-03-31 23:00:00+00:00,-172.072,73.698,-98.374
2024-03-31T18:05:00-05:00,2024-03-31 23:05:00+00:00,-101.973,61.32,-40.654
2024-03-31T18:10:00-05:00,2024-03-31 23:10:00+00:00,-43.055,99.754,56.699
2024-03-31T18:15:00-05:00,2024-03-31 23:15:00+00:00,-21.329,192.421,171.092
2024-03-31T18:20:00-05:00,2024-03-31 23:20:00+00:00,-85.119,97.203,12.084
2024-03-31T18:25:00-05:00,2024-03-31 23:25:00+00:00,-105.248,87.235,-18.013
2024-03-31T18:30:00-05:00,2024-03-31 23:30:00+00:00,-54.257,146.164,91.907
2024-03-31T18:35:00-05:00,2024-03-31 23:35:00+00:00,-28.777,198.53,169.752
2024-03-31T18:40:00-05:00,2024-03-31 23:40:00+00:00,-96.235,108.095,11.861
2024-03-31T18:45:00-05:00,2024-03-31 23:45:00+00:00,-48.548,175.106,126.557
2024-03-31T18:50:00-05:00,2024-03-31 23:50:00+00:00,-20.198,274.12,253.922
2024-03-31T18:55:00-05:00,2024-03-31 23:55:00+00:00,-79.061,112.964,33.903
2024-03-31T19:00:00-05:00,2024-04-01 00:00:00+00:00,-164.636,82.164,-82.472
2024-03-31T19:05:00-05:00,2024-04-01 00:05:00+00:00,-157.598,64.503,-93.095
2024-03-31T19:10:00-05:00,2024-04-01 00:10:00+00:00,-66.356,99.7,33.344
2024-03-31T19:15:00-05:00,2024-04-01 00:15:00+00:00,-18.686,348.126,329.44
2024-03-31T19:20:00-05:00,2024-04-01 00:20:00+00:00,-73.43,263.973,190.543
2024-03-31T19:25:00-05:00,2024-04-01 00:25:00+00:00,-213.983,274.657,60.674
2024-03-31T19:30:00-05:00,2024-04-01 00:30:00+00:00,-236.596,297.181,60.585
2024-03-31T19:35:00-05:00,2024-04-01 00:35:00+00:00,-126.06,372.822,246.762
2024-03-31T19:40:00-05:00,2024-04-01 00:40:00+00:00,-75.9,535.417,459.517
2024-03-31T19:45:00-05:00,2024-04-01 00:45:00+00:00,-147.786,460.368,312.582
2024-03-31T19:50:00-05:00,2024-04-01 00:50:00+00:00,-150.102,458.121,308.018
2024-03-31T19:55:00-05:00,2024-04-01 00:55:00+00:00,-196.543,435.13,238.587
2024-03-31T20:00:00-05:00,2024-04-01 01:00:00+00:00,-192.814,439.597,246.783
2024-03-31T20:05:00-05:00,2024-04-01 01:05:00+00:00,-207.49,414.813,207.323
2024-03-31T20:10:00-05:00,2024-04-01 01:10:00+00:00,-230.433,441.632,211.199
2024-03-31T20:15:00-05:00,2024-04-01 01:15:00+00:00,-200.703,456.25,255.547
2024-03-31T20:20:00-05:00,2024-04-01 01:20:00+00:00,-76.934,522.433,445.499
2024-03-31T20:25:00-05:00,2024-04-01 01:25:00+00:00,-25.535,595.913,570.378
2024-03-31T20:30:00-05:00,2024-04-01 01:30:00+00:00,-63.881,432.919,369.038
2024-03-31T20:35:00-05:00,2024-04-01 01:35:00+00:00,-114.604,358.752,244.148
2024-03-31T20:40:00-05:00,2024-04-01 01:40:00+00:00,-159.555,286.276,126.721
2024-03-31T20:45:00-05:00,2024-04-01 01:45:00+00:00,-106.665,304.879,198.214
2024-03-31T20:50:00-05:00,2024-04-01 01:50:00+00:00,-54.401,374.084,319.683
2024-03-31T20:55:00-05:00,2024-04-01 01:55:00+00:00,-37.899,389.728,351.829
2024-03-31T21:00:00-05:00,2024-04-01 02:00:00+00:00,-135.02,256.498,121.478
2024-03-31T21:05:00-05:00,2024-04-01 02:05:00+00:00,-226.004,174.367,-51.637
2024-03-31T21:10:00-05:00,2024-04-01 02:10:00+00:00,-248.054,105.562,-142.492
2024-03-31T21:15:00-05:00,2024-04-01 02:15:00+00:00,-128.227,70.795,-57.433
2024-03-31T21:20:00-05:00,2024-04-01 02:20:00+00:00,-147.537,48.451,-99.086
2024-03-31T21:25:00-05:00,2024-04-01 02:25:00+00:00,-145.51,68.038,-77.472
2024-03-31T21:30:00-05:00,2024-04-01 02:30:00+00:00,-160.703,108.807,-51.897
2024-03-31T21:35:00-05:00,2024-04-01 02:35:00+00:00,-124.313,104.294,-20.019
2024-03-31T21:40:00-05:00,2024-04-01 02:40:00+00:00,-185.347,40.488,-144.859
2024-03-31T21:45:00-05:00,2024-04-01 02:45:00+00:00,-233.881,62.992,-170.89
2024-03-31T21:50:00-05:00,2024-04-01 02:50:00+00:00,-179.265,143.707,-35.558
2024-03-31T21:55:00-05:00,2024-04-01 02:55:00+00:00,-204.83,256.465,51.636
2024-03-31T22:00:00-05:00,2024-04-01 03:00:00+00:00,-233.957,97.103,-136.854
2024-03-31T22:05:00-05:00,2024-04-01 03:05:00+00:00,-284.726,45.846,-238.88
2024-03-31T22:10:00-05:00,2024-04-01 03:10:00+00:00,-279.101,45.707,-233.394
2024-03-31T22:15:00-05:00,2024-04-01 03:15:00+00:00,-283.324,42.37,-240.954
2024-03-31T22:20:00-05:00,2024-04-01 03:20:00+00:00,-289.483,42.479,-247.005
2024-03-31T22:25:00-05:00,2024-04-01 03:25:00+00:00,-297.659,22.876,-274.783
2024-03-31T22:30:00-05:00,2024-04-01 03:30:00+00:00,-230.395,81.768,-148.627
2024-03-31T22:35:00-05:00,2024-04-01 03:35:00+00:00,-226.741,74.622,-152.119
2024-03-31T22:40:00-05:00,2024-04-01 03:40:00+00:00,-289.503,23.883,-265.619
2024-03-31T22:45:00-05:00,2024-04-01 03:45:00+00:00,-284.669,32.122,-252.547
2024-03-31T22:50:00-05:00,2024-04-01 03:50:00+00:00,-266.35,44.567,-221.783
2024-03-31T22:55:00-05:00,2024-04-01 03:55:00+00:00,-275.227,55.915,-219.311
2024-03-31T23:00:00-05:00,2024-04-01 04:00:00+00:00,-265.115,61.285,-203.831
2024-03-31T23:05:00-05:00,2024-04-01 04:05:00+00:00,-234.121,58.846,-175.274
2024-03-31T23:10:00-05:00,2024-04-01 04:10:00+00:00,-99.447,133.023,33.576
2024-03-31T23:15:00-05:00,2024-04-01 04:15:00+00:00,-137.842,121.537,-16.305
2024-03-31T23:20:00-05:00,2024-04-01 04:20:00+00:00,-213.71,84.12,-129.589
2024-03-31T23:25:00-05:00,2024-04-01 04:25:00+00:00,-287.452,47.392,-240.06
2024-03-31T23:30:00-05:00,2024-04-01 04:30:00+00:00,-347.465,66.619,-280.846
2024-03-31T23:35:00-05:00,2024-04-01 04:35:00+00:00,-211.94,77.837,-134.104
2024-03-31T23:40:00-05:00,2024-04-01 04:40:00+00:00,-169.77,103.279,-66.491
2024-03-31T23:45:00-05:00,2024-04-01 04:45:00+00:00,-253.546,30.745,-222.801
2024-03-31T23:50:00-05:00,2024-04-01 04:50:00+00:00,-295.731,20.853,-274.878
2024-03-31T23:55:00-05:00,2024-04-01 04:55:00+00:00,-212.532,32.568,-179.963
